#Name	E:\SaveData\2016-10-18_15_18_08_1001160117_R0024_A_CL100007988_BGI12070_WESPE_result\\CL100007988\L01\CL100007988_L01_11_2.fq
#PhredQual	33
#ReadNum	82279073
#row_readLen	50
#col	48
#BaseNum	4113953650
#N_Count	1921454	0.046706
#GC%	46.11
#Q10%	96.74
#Q20%	89.74
#Q30%	76.62
#EstErr%	1.141503
#Pos	A	C	G	T	N	0	1	2	3	4	5	6	7	8	9	10	11	12	13	14	15	16	17	18	19	20	21	22	23	24	25	26	27	28	29	30	31	32	33	34	35	36	37	38	39	40	41	Err%
1	26264404	19817142	18938607	17255505	3415	3415	0	0	0	8615	29390	38798	42110	51320	59328	117062	143668	137154	196743	229292	215127	363558	254187	406824	418457	489236	585947	525779	788672	676868	815527	952118	939817	1023576	1351243	1436913	1684917	1906117	2890028	2795323	4720681	12733451	37522406	5725406	0	0	0	0.2220
2	22530835	16250491	20054510	23439199	4038	4038	0	0	0	55832	105069	116264	116784	132560	134150	210409	249845	217259	296413	332288	292388	473844	327572	513378	508443	558817	680884	592195	872873	751148	873851	1025260	997833	1075381	1397464	1476735	1717842	1935844	2897260	2832848	4687295	12811925	35746057	5261025	0	0	0	0.3974
3	21596005	19415514	17232831	24027116	7607	7607	0	0	0	62467	107995	120900	116764	132136	128768	216220	259983	216569	312584	347970	305157	495712	335789	541974	537705	573104	706650	609551	903419	793165	882710	1053133	1041435	1088884	1434505	1507732	1753274	1980686	2923081	2946347	4823582	12796823	34555409	5659283	0	0	0	0.4136
4	22049924	19001831	17755143	23465459	6716	6716	0	0	0	87965	141217	147936	136963	150252	144435	231892	271757	232953	318759	356421	314472	496638	347765	540550	539529	569141	703897	610569	889397	787297	875757	1044936	1026836	1082393	1410013	1487990	1729381	1951684	2857850	2886124	4731931	12735507	34703990	5728160	0	0	0	0.4620
5	22004572	18578717	18489771	23197307	8706	8706	0	0	0	99885	170624	176070	164095	176171	172163	263659	302631	264931	347133	385756	350207	519864	387325	568102	567230	597964	730731	644826	908585	821264	911497	1075450	1061432	1149871	1459236	1543389	1805249	2061829	2905608	3061093	4938408	12603612	32916796	6157681	0	0	0	0.5240
6	21614490	18950072	18142663	23558305	13543	13543	0	0	0	77077	138797	146980	140037	154767	149995	244074	286104	244546	337235	374543	332477	518474	366652	567902	563086	587135	728669	630271	916044	814137	896577	1071631	1056714	1112154	1443695	1525259	1771156	2010120	2893968	3010607	4901543	12700572	33601335	5951197	0	0	0	0.4760
7	22038325	18471752	18816862	22945806	6328	6328	0	0	0	104602	175746	179323	165442	178057	170634	261821	302115	260599	347301	384934	343596	523784	378232	569786	566354	590830	728331	634233	910523	810850	897216	1065254	1048820	1115543	1432187	1506561	1762812	2000731	2867459	2986486	4865510	12658019	33324247	6154807	0	0	0	0.5253
8	21365693	19132557	17690534	24083755	6534	6534	0	0	0	107915	186495	192401	176595	188971	181139	276478	318568	272479	364217	401921	356522	543326	390053	590780	584079	605581	746029	647073	928632	829827	907571	1081349	1062159	1125547	1449617	1526181	1776631	2017579	2877415	3008154	4881754	12609029	32995995	6064477	0	0	0	0.5506
9	21239118	18950671	17841283	24240231	7770	7770	0	0	0	93729	170115	177439	165644	178609	172870	266707	307583	265519	354414	390519	350103	529848	384248	576632	575912	594469	737883	636772	915877	822444	897238	1070334	1054767	1113352	1436238	1513222	1765451	2005210	2852937	2998633	4869403	12640025	33325446	6061711	0	0	0	0.5228
10	21566796	18914906	18245820	23539404	12147	12147	0	0	0	124721	220237	225454	205276	216244	205535	303292	345767	296367	386610	424305	378541	559540	413693	607752	603419	616091	761112	664471	934082	849745	923406	1095500	1083738	1151505	1469806	1551505	1809262	2062094	2882960	3071489	4942547	12490306	32207609	6182945	0	0	0	0.6180
11	21717798	18804641	18212838	23532876	10920	10920	0	0	0	91752	181495	188580	178735	192597	185339	283918	326593	281669	371644	410933	367277	548030	401737	596358	592166	608827	755324	655257	930082	837980	913770	1086440	1073119	1141187	1459390	1537419	1791437	2037272	2877137	3035836	4903583	12569822	32750850	6104598	0	0	0	0.5516
12	21596208	19009224	18247820	23419509	6312	6312	0	0	0	105003	203072	210859	195605	206838	198524	300786	343117	293244	386875	423927	380070	562692	412824	611618	606073	617196	765939	666614	941673	856829	920312	1097181	1084746	1147438	1469695	1546951	1804527	2051730	2880691	3054316	4918821	12511770	32415094	6080111	0	0	0	0.5847
13	21695451	18933852	18329302	23292968	27500	27500	0	0	0	116653	226491	230979	212388	223468	212358	314983	356443	307217	400271	438367	393382	574698	427881	624454	619832	630503	778869	679390	949528	868759	935940	1111137	1098755	1164498	1482682	1558630	1819948	2078840	2890812	3094169	4964405	12462842	31817429	6184572	0	0	0	0.6485
14	21603203	18926978	18304915	23435084	8893	8893	0	0	0	124991	238920	244672	222811	233624	221246	325114	366852	316151	408691	447419	401107	582329	436404	633884	628920	635998	787317	689322	956582	879912	943491	1118955	1108082	1176799	1492196	1571165	1832740	2093308	2892755	3107441	4972720	12390962	31645939	6141361	0	0	0	0.6501
15	21507033	19074759	18352972	23335266	9043	9043	0	0	0	124465	248725	255962	233703	243661	228662	334728	378583	322969	418222	456949	408951	592091	442138	641227	636910	639136	793179	691805	964554	887681	940563	1125265	1117110	1174717	1495100	1576806	1838931	2095588	2894216	3115613	4973247	12384930	31421562	6172081	0	0	0	0.6680
16	21518626	19051378	18439925	23258418	10726	10726	0	0	0	155973	310212	313524	288079	298203	280627	317067	357676	309389	400188	437329	397077	569214	433237	620103	621645	627108	776392	687650	945569	878865	936098	1116609	1109245	1178415	1492043	1572829	1840065	2106385	2897351	3132456	5003557	12348088	31289257	6220822	0	0	0	0.7483
17	21443665	19030568	18488426	23301150	15264	15264	0	0	0	177587	349823	353400	317887	327548	304563	341072	381921	330229	421464	459007	415778	589357	452087	641085	639496	641754	793774	702495	960379	897520	949972	1129683	1125026	1192292	1506468	1586005	1852920	2120096	2897093	3150038	5000079	12257901	30831999	6166011	0	0	0	0.8206
18	21282586	19267710	18455152	23259005	14620	14620	0	0	0	175956	349297	351721	315995	325157	301986	340807	382839	328298	422655	460065	416594	591728	452796	644079	643619	642071	797766	702912	963996	902197	949156	1135226	1133531	1196363	1513948	1593803	1863878	2134960	2908374	3172677	5028245	12253506	30677353	6190899	0	0	0	0.8175
19	21355860	19181953	18587171	23120186	33903	33903	0	0	0	170135	359399	364781	330742	339866	314402	353405	395893	339830	433744	472958	428227	602201	462158	655197	652840	651853	807431	714190	969472	910471	957529	1143212	1139784	1206173	1520238	1601886	1869885	2146211	2911383	3183101	5039836	12213237	30395310	6188190	0	0	0	0.8610
20	21339079	19132732	18588912	23202510	15840	15840	0	0	0	201136	404528	406523	360928	366884	337415	375326	417002	357951	451144	490683	443878	619087	479458	669678	666053	665611	821745	726606	981421	927817	971360	1157227	1154856	1223543	1535628	1618596	1889446	2170825	2920092	3209698	5057802	12109305	29920142	6153839	0	0	0	0.9109
21	21282249	19259338	18600613	23109521	27352	27352	0	0	0	188943	392983	391784	351122	357580	331644	367973	408480	352615	445856	482992	441233	612055	476674	664141	663270	662809	816642	727129	978573	928185	972474	1155311	1157776	1228318	1539528	1627326	1900849	2185406	2936390	3241534	5098641	12117177	29839930	6208378	0	0	0	0.9016
22	21332227	19206911	18703432	22959198	77305	77305	0	0	0	214739	443273	448734	393063	396070	361574	401854	442069	380108	474310	511951	466340	639743	500037	690995	684180	683315	841463	751130	1000690	950358	989258	1180450	1178502	1247870	1556327	1641757	1918687	2199356	2935215	3243321	5076933	11982011	29298005	6078080	0	0	0	1.0505
23	21374402	19095326	18670564	23002809	135972	135972	0	0	0	201844	438275	444540	394905	396671	365448	402413	444095	381527	476305	515497	467452	643145	500767	693221	689325	683791	841351	750941	998631	952843	988061	1178424	1179269	1247491	1560082	1643556	1919867	2204841	2934004	3251966	5086489	11966446	29142067	6157551	0	0	0	1.1145
24	21221795	19292589	18704148	22979065	81476	81476	0	0	0	242354	490404	493248	430896	427444	386236	425924	466472	399422	495829	535555	485115	657720	519094	710663	703910	698718	857171	767789	1014018	972332	1003677	1193218	1197161	1262715	1575419	1660262	1933494	2218210	2945614	3264615	5085920	11870543	28762460	6043975	0	0	0	1.1320
25	21347599	19261533	18793459	22858818	17664	17664	0	0	0	213053	466547	465683	415365	415963	381119	419073	460304	395932	491821	530538	482960	658176	516193	707922	703920	697202	855541	764748	1013627	967945	1003946	1191380	1197334	1267087	1573670	1660013	1939841	2223955	2952217	3279088	5110928	11921719	28791428	6125171	0	0	0	1.0136
26	21341601	19171364	18786835	22897190	82083	82083	0	0	0	232875	517569	524060	460290	456742	414108	454571	495046	421944	519897	559406	507993	684611	539846	736021	726399	717606	878643	787801	1033444	992827	1020997	1212824	1218203	1283078	1594794	1680131	1954992	2244446	2949659	3288695	5100833	11762576	28202938	6021125	0	0	0	1.1797
27	21192863	19363703	18805396	22897088	20023	20023	0	0	0	247804	539304	539677	472544	467540	423646	462333	502151	429620	529743	567483	515807	692046	547086	743562	733500	723627	885486	797289	1039770	1004739	1027146	1221832	1226696	1298889	1607962	1695602	1970530	2265669	2972132	3319686	5132453	11723680	27926481	6005535	0	0	0	1.1357
28	21242543	19323448	18915323	22758665	39094	39094	0	0	0	310120	650309	658838	560429	545126	484676	525766	564675	477935	581690	620528	556965	741181	586684	791203	772590	757832	922938	827955	1075133	1040908	1053449	1252265	1257593	1323142	1630480	1714955	1985280	2276604	2962717	3311271	5082291	11489943	27028950	5817558	0	0	0	1.3439
29	21296070	19240246	18870785	22848762	23210	23210	0	0	0	255689	577489	583769	509573	500243	451209	490196	529918	452536	551731	588921	536527	712680	568300	761236	749652	742362	901745	815487	1052501	1022386	1043023	1235650	1242712	1314494	1620780	1707316	1983001	2278233	2966284	3325221	5113064	11602612	27492071	5977252	0	0	0	1.2045
30	21224952	19362502	18868812	22792553	30254	30254	0	0	0	222290	542163	547390	488665	483428	441048	477410	517964	444442	543020	580888	531498	704372	561513	754422	743878	734352	897088	808077	1047434	1016158	1038723	1231713	1238637	1311343	1619579	1709421	1986813	2284808	2976319	3337204	5143985	11654326	27618206	6010242	0	0	0	1.1571
31	21264453	19328884	18983273	22679144	23319	23319	0	0	0	256064	598515	602298	527859	518742	469008	505666	547075	465662	568086	606365	550703	728584	580193	776409	766814	752388	916106	827766	1067297	1040452	1056058	1254196	1261168	1332959	1642341	1728690	2009814	2312091	2993987	3366100	5155916	11535847	27036156	5898379	0	0	0	1.2383
32	21318288	19253669	18931523	22721130	54463	54463	0	0	0	279981	653904	663283	577442	561735	502841	543255	582336	495003	599318	638284	577265	756611	605406	805569	790560	774938	941458	852203	1090937	1065987	1074725	1273912	1283366	1354277	1658322	1748476	2023267	2325102	2994771	3364213	5127812	11371869	26479864	5786318	0	0	0	1.3712
33	21217609	19370615	18965299	22696407	29143	29143	0	0	0	278264	657687	670392	578595	564756	505806	545219	584602	497630	599316	638269	578311	757267	605324	804821	791430	774506	941402	852615	1089146	1065801	1073716	1275517	1283124	1352912	1658785	1747817	2023511	2322843	2993714	3370250	5133021	11358212	26465733	5809616	0	0	0	1.3453
34	21262267	19361808	19054418	22574603	25977	25977	0	0	0	268879	658911	665162	581738	566458	508750	547306	586803	501633	602093	641708	584291	758974	611828	809152	794204	780069	944139	859354	1091833	1073133	1080887	1283740	1290710	1364693	1666816	1758542	2035861	2341991	3004152	3387223	5150418	11343526	26296577	5811542	0	0	0	1.3393
35	21272944	19318759	19015384	22641277	30709	30709	0	0	0	289529	705079	721835	624255	605422	538317	577090	616804	524154	627960	666659	605024	782296	630024	829484	811557	793001	961112	873902	1107351	1088962	1092333	1292116	1302923	1373157	1677464	1769454	2044527	2348248	2998993	3382011	5122961	11223456	25929168	5711736	0	0	0	1.4266
36	21173883	19409352	18998011	22614692	83135	83135	0	0	0	296759	734107	750954	649005	627257	560076	597191	634531	539864	643234	682290	619834	797069	647166	842351	827323	808602	975449	888683	1120237	1105981	1104698	1308872	1319000	1391554	1691701	1783142	2058856	2359419	3001943	3391253	5123591	11111869	25548858	5653219	0	0	0	1.5371
37	21253597	19387586	19100255	22480192	57443	57443	0	0	0	300851	752316	770886	666311	643991	572731	612662	649820	552312	655916	693553	629923	807604	653372	856202	835284	815541	985046	896572	1126330	1113510	1110354	1312865	1324794	1398282	1694352	1787755	2061935	2364962	3003161	3392227	5116184	11083498	25358833	5621695	0	0	0	1.5375
38	21192820	19352456	19090328	22558140	85329	85329	0	0	0	314913	793265	813030	699461	674212	597822	635792	675314	572592	678725	719525	651421	835431	675975	879660	857722	836409	1009909	920467	1149694	1141687	1130267	1341642	1355632	1427372	1727994	1819837	2095362	2401791	3029565	3424963	5129542	10919846	24810981	5445924	0	0	0	1.6382
39	21096737	19434964	19094042	22509213	144117	144117	0	0	0	317499	805746	826679	711506	683752	604321	645738	682088	576619	682705	724077	654227	836744	677842	881600	858840	840049	1009882	921746	1151508	1143062	1130694	1342235	1352326	1423322	1728294	1819640	2091615	2401142	3024537	3420560	5121771	10893057	24698474	5451059	0	0	0	1.7285
40	21115129	19444875	19217414	22454412	47243	47243	0	0	0	327811	840512	854941	739788	705775	624047	663075	698523	592716	698743	741144	669307	851134	689822	894999	869184	848545	1017901	932382	1155563	1151461	1140567	1351242	1362324	1434620	1732171	1823269	2098449	2409684	3022464	3420814	5110441	10859474	24433840	5465098	0	0	0	1.6607
41	21247361	19357082	19150892	22480438	43300	43300	0	0	0	308562	824933	851442	737613	707540	625709	663788	701129	595737	702001	741326	672082	851828	692493	891710	869624	848511	1019760	933536	1157276	1151939	1139674	1346263	1361508	1433760	1731737	1822568	2094904	2406966	3017096	3420782	5109834	10834357	24467029	5500756	0	0	0	1.6406
42	21066475	19510911	19192439	22470030	39218	39218	0	0	0	325300	870070	889024	765428	731845	649345	686150	721693	613745	717707	758410	688808	867627	708492	910539	886083	864656	1033639	948548	1169825	1169601	1154204	1358528	1375859	1449793	1746327	1836304	2112326	2424934	3025949	3430643	5104271	10755859	24069257	5419066	0	0	0	1.6983
43	21099270	19477187	19262622	22396872	43122	43122	0	0	0	336211	900893	921660	794121	758423	667376	707056	740836	628896	736104	776653	703332	884422	724159	926371	896982	878546	1048560	965098	1182737	1188068	1167945	1379104	1395970	1471084	1763758	1859401	2135446	2446979	3042477	3452031	5115302	10632482	23649983	5357485	0	0	0	1.7552
44	21180418	19394269	19221995	22428995	53396	53396	0	0	0	356531	963270	999369	854511	812796	714586	749778	785414	661971	772640	813355	733304	917351	752711	955900	922504	900673	1073810	986960	1200987	1208954	1180580	1394382	1409407	1479245	1768612	1861131	2127466	2440009	3022641	3423284	5052521	10474833	23235630	5218561	0	0	0	1.8782
45	21150600	19486826	19217723	22373626	50298	50298	0	0	0	348424	955362	994345	853188	811246	713911	753663	785724	664990	776265	814892	735561	921979	753304	958493	926118	903541	1077754	993075	1209103	1212930	1186732	1400318	1415940	1485551	1782198	1877995	2141009	2449538	3030703	3437157	5063228	10447881	23143521	5203136	0	0	0	1.8669
46	21174131	19462781	19307806	22270422	63933	63933	0	0	0	362611	1000666	1041796	891926	843928	741356	780361	812991	688231	796775	836846	752829	940740	768938	977125	941954	919349	1091598	1003105	1220660	1228283	1196565	1413741	1427785	1495166	1787423	1880186	2144585	2454091	3027739	3427841	5036064	10340170	22808361	5133355	0	0	0	1.9549
47	21130763	19419019	19320617	22337535	71139	71139	0	0	0	365436	1017806	1057723	906770	859995	751722	792006	821636	694458	806130	843588	763080	948794	776441	984774	947568	924443	1100253	1011779	1224434	1235143	1199962	1419888	1432434	1506170	1793008	1888815	2151496	2461943	3034056	3436582	5034011	10293229	22612807	5109554	0	0	0	1.9897
48	21032181	19540810	19313620	22279831	112631	112631	0	0	0	347821	1002597	1043389	900674	854257	751344	790003	821124	695108	804964	844455	764821	949321	777587	986530	948007	924408	1099798	1013415	1228132	1237934	1204352	1422763	1437025	1509357	1798303	1894862	2156727	2471110	3035463	3444053	5045313	10286548	22577279	5097598	0	0	0	2.0187
49	21117308	19492160	19430704	22181769	57132	57132	0	0	0	383349	1080900	1133336	969979	914265	796952	837912	868366	733075	844452	884923	794174	984588	806407	1017604	974710	952682	1127031	1039383	1250400	1265563	1220498	1442596	1456451	1523978	1810481	1905255	2161698	2467618	3024123	3422660	4985625	10108278	22078831	4953798	0	0	0	2.0840
50	21060933	19487433	19473967	22214591	42149	42149	0	0	0	377927	1124881	1186007	1024446	969306	851474	888550	919407	780360	896896	940147	846360	1044278	859280	1081593	1027615	1008384	1190231	1102751	1319522	1340175	1289043	1524494	1538449	1614927	1910710	2018595	2270910	2595942	3128832	3546897	5062456	9732922	20517722	4705435	0	0	0	2.1596
