#Name	E:\SaveData\2016-10-18_15_18_08_1001160117_R0024_A_CL100007988_BGI12070_WESPE_result\\CL100007988\L01\CL100007988_L01_16_2.fq
#PhredQual	33
#ReadNum	79755080
#row_readLen	50
#col	48
#BaseNum	3987754000
#N_Count	2132574	0.053478
#GC%	44.35
#Q10%	95.05
#Q20%	84.43
#Q30%	66.74
#EstErr%	1.707589
#Pos	A	C	G	T	N	0	1	2	3	4	5	6	7	8	9	10	11	12	13	14	15	16	17	18	19	20	21	22	23	24	25	26	27	28	29	30	31	32	33	34	35	36	37	38	39	40	41	Err%
1	25475869	17961354	17802843	18512343	2671	2671	0	0	0	14551	47543	63106	70736	88545	104049	212133	264808	248355	358164	419308	374591	655727	426113	728807	698875	805415	965371	814747	1284735	994646	1221112	1421969	1315832	1456747	1884263	1965500	2191204	2386839	3363428	3700278	5873710	10790854	29925334	2615014	0	0	0	0.3707
2	22718854	15550369	18393296	23089002	3559	3559	0	0	0	55903	126298	151266	158109	188765	192869	338481	413043	352506	498429	563789	482237	799859	524824	871911	820553	887208	1074170	902881	1369346	1098445	1289346	1499754	1400898	1535384	1945635	2016035	2267052	2478187	3357536	3734576	5763469	10461768	27242028	2888961	0	0	0	0.5825
3	21349055	18095341	16766429	23537490	6765	6765	0	0	0	127439	215290	226563	220075	245701	243441	395023	464410	401383	539477	602581	524588	823048	572326	893022	852089	895970	1098475	922488	1360144	1130788	1292292	1505136	1412408	1545477	1935315	2005921	2262927	2481840	3299244	3702282	5663767	10244560	26723925	2918900	0	0	0	0.7415
4	21819568	17835918	16945478	23145917	8199	8199	0	0	0	108948	206509	228248	219383	244812	239137	403810	478352	402518	562390	624709	540669	857555	577654	934255	891136	915726	1131802	945463	1409494	1182061	1298015	1543710	1467419	1540352	1972743	2033204	2284650	2502060	3340638	3736283	5667421	10225910	26175901	2853944	0	0	0	0.7401
5	21871633	17425451	17403431	23045151	9414	9414	0	0	0	110859	222405	245028	236483	260701	254290	424564	497998	422180	579429	642539	559560	872519	596738	947357	905519	925432	1141914	959042	1412019	1195146	1311740	1548859	1472565	1556818	1979880	2034719	2293168	2513107	3326734	3726234	5636607	10156232	25845506	2931775	0	0	0	0.7747
6	21401949	17828303	17131515	23379481	13832	13832	0	0	0	129760	229936	242982	232211	257053	251708	416800	492790	413902	571258	635284	545813	868229	582880	939813	898763	912223	1135471	935620	1406414	1172773	1286144	1532886	1450586	1519129	1953140	2009210	2254163	2457125	3302639	3678139	5593056	10229950	26412979	2790419	0	0	0	0.7846
7	21778362	17410157	17521323	23037756	7482	7482	0	0	0	138260	241828	255525	241776	267672	258052	426010	500314	417481	578015	642077	549316	869707	584164	942953	899727	915147	1137368	935905	1406805	1176104	1284804	1536922	1452805	1515482	1952838	2013996	2254653	2464565	3299599	3679808	5600930	10202156	26284118	2820716	0	0	0	0.7983
8	21257348	17805454	16803466	23881355	7457	7457	0	0	0	166791	294506	300269	280819	302869	291408	459050	529948	451909	598796	661834	576571	880012	617609	949897	911319	924710	1141875	958101	1396261	1183863	1302067	1532284	1451545	1543920	1945133	2003616	2260184	2476200	3265812	3664825	5561273	10068718	25776889	3016740	0	0	0	0.8844
9	21161469	17707594	16882127	23995402	8488	8488	0	0	0	149956	285633	295228	280121	302960	292728	463380	534902	454624	605225	666051	583826	884607	624706	956368	919274	926769	1146635	963686	1397450	1189819	1303291	1537284	1458258	1546972	1949409	2003629	2264397	2480859	3265151	3674360	5560201	10063166	25678237	3037430	0	0	0	0.8752
10	21659420	17524264	16963104	23595149	13143	13143	0	0	0	150299	298276	318928	298584	322470	305723	488415	565496	469918	638579	701096	599376	922461	633552	996596	952614	941491	1178928	974327	1433441	1228740	1303747	1563035	1493082	1540656	1972582	2027485	2280317	2496679	3290133	3692207	5548062	10016153	25173773	2924716	0	0	0	0.9200
11	21541805	17595321	16970605	23636860	10489	10489	0	0	0	146090	289878	298892	284387	308140	299601	470886	542928	463021	611606	673718	591501	887439	632443	957439	923615	928939	1148890	963918	1394273	1195903	1303164	1533177	1456234	1544123	1944621	1998210	2261777	2476618	3248484	3657664	5533689	10036568	25735889	3000866	0	0	0	0.8857
12	21464600	17770833	16966444	23545647	7556	7556	0	0	0	165878	321766	328399	308477	329759	315501	492705	565384	480271	632209	692230	606748	906241	644375	974079	939975	936833	1163811	972981	1406045	1211270	1305745	1544369	1467434	1546015	1949867	2002593	2260185	2478552	3245382	3652430	5506868	9967865	25426447	2998835	0	0	0	0.9377
13	21505488	17705722	17015225	23503113	25532	25532	0	0	0	180220	350139	354188	328861	348917	331562	511949	584304	496474	647004	708790	624844	916685	663202	988618	955103	946944	1174669	988807	1409398	1227696	1318104	1553510	1482029	1566909	1958780	2010882	2272967	2498067	3240933	3660671	5489505	9896637	24980871	3061309	0	0	0	1.0081
14	21507383	17669101	17026442	23542650	9504	9504	0	0	0	186030	367603	372394	344139	363111	346640	527537	597601	510121	659148	720176	636093	924725	674817	994911	962182	955613	1181142	996997	1412013	1236167	1322912	1556075	1487066	1566465	1957857	2009933	2270669	2498232	3233369	3655455	5474500	9860405	24854771	3028707	0	0	0	1.0198
15	21435982	17744155	17138248	23426265	10430	10430	0	0	0	189378	383125	388182	358350	374396	355154	538339	608985	516796	669277	728738	644531	934634	681811	1005646	974049	956045	1184706	1000093	1416249	1244173	1321810	1561227	1491272	1565482	1961898	2009756	2276203	2500161	3225055	3653873	5463253	9819482	24674334	3068187	0	0	0	1.0463
16	21454858	17729460	17175377	23383985	11400	11400	0	0	0	241399	496840	501297	460752	480825	453682	511938	580211	498673	640698	698477	625738	896603	667392	971191	949359	936986	1158622	988562	1384846	1229198	1310593	1539562	1480545	1559958	1948284	1994080	2269343	2499678	3213783	3650061	5458357	9792382	24572053	3081712	0	0	0	1.2011
17	21426096	17711486	17233875	23366816	16807	16807	0	0	0	270816	551450	555743	504996	520759	485373	545559	610942	522222	667803	724967	646905	921131	686715	990829	966111	948934	1171296	999495	1394335	1243336	1313375	1544227	1487880	1562053	1948247	1998859	2267554	2496746	3200018	3630324	5408950	9696418	24202307	3051598	0	0	0	1.3007
18	21251231	17934056	17202374	23352365	15054	15054	0	0	0	270105	558662	556225	507496	523671	489287	548675	615633	527460	671635	728707	655226	923852	691717	996112	972052	951576	1179661	1007973	1396008	1255162	1318951	1551918	1498093	1571656	1957365	2002407	2277555	2512646	3202077	3644882	5413950	9664106	23986620	3110905	0	0	0	1.3058
19	21320619	17862319	17299475	23240440	32227	32227	0	0	0	267164	573099	573577	523295	538340	503468	561489	628341	536678	685127	740484	661789	934738	698684	1004149	979706	957903	1186208	1011239	1401304	1254833	1318199	1553395	1497635	1570333	1955488	1997605	2269419	2505345	3196775	3637426	5400128	9633821	23872470	3093199	0	0	0	1.3523
20	21314969	17823639	17313603	23284818	18051	18051	0	0	0	306057	636361	630628	568091	577018	533815	591681	658011	560916	707337	765138	682662	953633	718567	1019685	994057	969410	1194408	1024864	1408510	1269845	1328042	1555917	1508646	1575056	1955379	1998717	2270590	2504740	3184351	3620080	5358345	9538055	23508688	3059729	0	0	0	1.4348
21	21239697	17927762	17352246	23207048	28327	28327	0	0	0	294836	619165	612755	555887	563785	524870	581231	648639	552750	696388	756343	677084	945332	714297	1015571	992338	968287	1194015	1027761	1405475	1273543	1331464	1561623	1516858	1585451	1965799	2012759	2289467	2530806	3202483	3653497	5396653	9557348	23401422	3100771	0	0	0	1.4180
22	21346169	17859307	17418413	23057511	73680	73680	0	0	0	323606	683433	683000	609675	614170	563638	622694	688039	585519	733277	788232	705941	972941	739532	1039797	1013767	984974	1211177	1041013	1418988	1287656	1337060	1569827	1522247	1585323	1962890	2006417	2277908	2510016	3175233	3616993	5320317	9433837	23022648	3029615	0	0	0	1.5860
23	21372595	17790287	17397358	23055718	139122	139122	0	0	0	308766	682008	681559	611519	617422	568820	625830	688618	587197	733950	790669	707096	973413	741721	1039203	1018865	983419	1212723	1043573	1414784	1290469	1332805	1569549	1523819	1588143	1963176	2004038	2279685	2516492	3167068	3619128	5315874	9408542	22915881	3090134	0	0	0	1.6625
24	21271294	17952500	17412016	23033319	85951	85951	0	0	0	358134	751086	749442	660231	658552	598742	656738	719587	611394	757189	812519	727832	993897	758648	1058154	1031656	995779	1225053	1055325	1424074	1301722	1343169	1574685	1532048	1588737	1963562	2003862	2274481	2506914	3157935	3592641	5273306	9327786	22614228	3010021	0	0	0	1.7086
25	21262806	17948740	17524515	22998067	20952	20952	0	0	0	332360	727710	718519	641146	642693	589312	647017	710355	606440	751652	807290	724737	989769	756796	1055512	1030696	992115	1221208	1053261	1422306	1299062	1342176	1571155	1530353	1597447	1965847	2005088	2281278	2520680	3163623	3611110	5300453	9358424	22673924	3092614	0	0	0	1.5822
26	21392534	17826687	17499743	22957253	78863	78863	0	0	0	347096	791948	790220	700086	697163	633617	690901	754396	639685	788925	844821	753183	1021333	782729	1081721	1053819	1012193	1242294	1071545	1434124	1318086	1353006	1581155	1540543	1598508	1964425	2004629	2277797	2514882	3139394	3581974	5233384	9206121	22174758	3055756	0	0	0	1.7639
27	21191710	17996740	17567865	22973210	25555	25555	0	0	0	375037	822939	811168	717027	710894	642664	701247	764924	645514	797770	852984	759820	1027258	787291	1089283	1060852	1014974	1246147	1076836	1440154	1328646	1355812	1589765	1548403	1604380	1973245	2011368	2284221	2522486	3141955	3591778	5232970	9182942	21979099	3037672	0	0	0	1.7431
28	21367927	17926588	17595124	22819715	45726	45726	0	0	0	454641	972981	968727	832888	813142	722804	782597	842671	705867	862219	912884	808200	1081722	827228	1134054	1095393	1044906	1276446	1101260	1459801	1352198	1363047	1597027	1561932	1603494	1967412	2004024	2260099	2497312	3096764	3523675	5109585	8941387	21184942	2946025	0	0	0	2.0157
29	21348287	17899062	17602178	22877234	28319	28319	0	0	0	382392	876200	873283	767091	756738	683486	737570	797874	675256	825415	877816	785675	1044856	809778	1103149	1075112	1028671	1257789	1089919	1441599	1337484	1361089	1587500	1551104	1607770	1967755	2006610	2273073	2513490	3119029	3558633	5175742	9070734	21680899	3026180	0	0	0	1.8351
30	21229415	18012634	17626863	22854670	31498	31498	0	0	0	346032	838513	831500	741784	735341	669057	723215	785012	665232	813463	866804	777059	1038529	802587	1095791	1070419	1021221	1252853	1086062	1439807	1339189	1358400	1587972	1552201	1607401	1971202	2005109	2280876	2523804	3129570	3580632	5204141	9110662	21804301	3067841	0	0	0	1.7737
31	21259329	17976830	17724278	22765900	28743	28743	0	0	0	391431	912848	902131	793771	779874	700868	758716	820670	690705	841775	896103	801213	1064213	822348	1120510	1091405	1038251	1269668	1102653	1452823	1355471	1371381	1599751	1565537	1618454	1983030	2015334	2285953	2527903	3123009	3570990	5170716	8998076	21266506	3022250	0	0	0	1.8885
32	21404006	17892405	17667690	22733632	57347	57347	0	0	0	417094	980889	981307	856061	834956	747921	803191	862222	726530	877392	931856	829435	1095420	846196	1145609	1111200	1054715	1289900	1117548	1463831	1370671	1375057	1606723	1572171	1616622	1977399	2010735	2275557	2512656	3095054	3536706	5100375	8861819	20851954	2960961	0	0	0	2.0436
33	21325373	17998350	17695276	22700598	35483	35483	0	0	0	414862	990309	986727	861835	840860	750021	807990	864346	726084	880057	933219	828767	1092451	845383	1143452	1113117	1054392	1288628	1117739	1461665	1370544	1375604	1604231	1572339	1614914	1976717	2007653	2274877	2510712	3092737	3534771	5092592	8853376	20863093	2973533	0	0	0	2.0243
34	21311360	17996743	17773362	22640727	32888	32888	0	0	0	409585	996200	986417	864993	844037	756780	810625	869729	731806	883128	932359	837096	1094135	852461	1147434	1116032	1058555	1289123	1125084	1463402	1373032	1378904	1606778	1575968	1625852	1981330	2010645	2279288	2526556	3095340	3537993	5095656	8832506	20743343	2990020	0	0	0	2.0255
35	21392303	17919707	17749909	22655494	37667	37667	0	0	0	432509	1056313	1054925	918883	891503	791255	847208	904596	758171	909662	962245	856066	1117375	868489	1163378	1129262	1068722	1302975	1132802	1468178	1383001	1377376	1609231	1581624	1617066	1973067	2006743	2273326	2505768	3069597	3509923	5040235	8731372	20465958	2938609	0	0	0	2.1326
36	21339720	18003707	17736758	22590954	83941	83941	0	0	0	442943	1094078	1094306	950548	921205	817550	872820	926717	778608	929988	981009	873064	1133348	885950	1179059	1141605	1082305	1310077	1144768	1474487	1396443	1388287	1612931	1586580	1626570	1977150	2006626	2265243	2507329	3057271	3494335	5004715	8638263	20145870	2929091	0	0	0	2.2529
37	21384554	17990884	17819453	22497099	63090	63090	0	0	0	452130	1119960	1116878	969652	937807	829546	885902	941217	787277	939954	990737	881940	1140469	890927	1186149	1148412	1085307	1313343	1147010	1479389	1398021	1387417	1615006	1587211	1629232	1976198	2005711	2268083	2505180	3050903	3485808	4989901	8606641	20020117	2922555	0	0	0	2.2646
38	21320690	17963893	17831463	22546418	92616	92616	0	0	0	471547	1181504	1177621	1021836	983248	866492	923402	978452	814300	972206	1022131	906975	1169478	914146	1213412	1172232	1102301	1337824	1166920	1496049	1421581	1400303	1631306	1606047	1636787	1988667	2014141	2274510	2513899	3047436	3476678	4955307	8463888	19492063	2847775	0	0	0	2.4012
39	21278509	18018747	17818654	22493737	145433	145433	0	0	0	476383	1190869	1191260	1029417	988217	869936	924910	982198	816406	974202	1024972	907318	1170783	912445	1212453	1171413	1100283	1335330	1165797	1492468	1419324	1397016	1626720	1601642	1629987	1983246	2010254	2265983	2506864	3042469	3468491	4935722	8463441	19485233	2836195	0	0	0	2.4820
40	21237147	18064002	17944039	22454592	55300	55300	0	0	0	493031	1243342	1237903	1063871	1023021	898418	952143	1004113	835558	992191	1038634	925059	1181817	926888	1220300	1179285	1110892	1340667	1176088	1493421	1426788	1402143	1625767	1603116	1638593	1979306	2005995	2262417	2501593	3021242	3451897	4905831	8403017	19268147	2867286	0	0	0	2.4437
41	21422852	17956289	17883313	22440795	51831	51831	0	0	0	463779	1217494	1219850	1060101	1014902	895631	948563	1000702	835133	989639	1038514	921280	1179489	926831	1219743	1175276	1106491	1338195	1173226	1488305	1424582	1399628	1623866	1601724	1636165	1979813	2005423	2261017	2502714	3019828	3451882	4910698	8410197	19385612	2876956	0	0	0	2.4044
42	21228224	18100773	17951165	22425655	49263	49263	0	0	0	488932	1278353	1272668	1100336	1053235	926131	977334	1027167	858712	1012893	1058736	942488	1196375	943282	1231949	1191985	1119018	1348888	1185924	1493663	1433204	1408102	1628708	1607832	1639781	1978706	2004239	2258151	2496802	3010220	3438618	4870190	8318339	19058669	2846187	0	0	0	2.4902
43	21288426	18069193	17986530	22355923	55008	55008	0	0	0	504523	1320015	1323352	1138897	1085876	950612	1004203	1055566	876045	1035256	1081918	958110	1216630	956426	1250963	1206286	1129040	1362545	1195759	1506226	1448335	1411639	1639316	1619135	1644420	1984744	2011409	2259927	2500224	3002994	3431212	4841917	8219636	18721243	2805673	0	0	0	2.5705
44	21480447	17955305	17935348	22317334	66646	66646	0	0	0	525677	1389376	1406420	1203538	1144281	996651	1051033	1096033	909688	1066392	1115457	986861	1240924	977068	1270812	1220890	1145101	1373501	1206395	1512818	1455739	1414218	1637108	1615056	1640497	1974976	1997293	2242728	2475476	2971187	3382314	4769369	8106960	18419619	2746978	0	0	0	2.7038
45	21434082	18033810	17951465	22271088	64635	64635	0	0	0	518578	1385738	1401556	1200881	1143995	996114	1051085	1096244	910291	1069780	1117148	987689	1244715	976992	1273663	1225702	1148746	1378897	1208303	1518031	1460032	1415884	1642510	1622178	1641606	1981242	2003913	2248103	2481749	2974123	3386424	4775587	8095409	18367391	2740146	0	0	0	2.6948
46	21499444	17970942	18032868	22174424	77402	77402	0	0	0	539148	1443217	1463252	1250609	1185285	1029478	1083431	1130698	933102	1093512	1140526	1005095	1266337	994285	1290278	1236910	1153448	1387474	1215976	1521195	1466255	1416464	1644244	1622087	1639357	1974568	1996087	2234855	2469249	2953501	3358799	4722885	7996385	18110013	2709673	0	0	0	2.8035
47	21424430	17972629	18044359	22230572	83090	83090	0	0	0	542746	1465067	1481245	1267349	1200000	1040952	1097392	1137639	943053	1102858	1147139	1013210	1269138	999987	1293959	1241729	1161220	1392303	1224281	1522712	1471939	1422288	1644090	1625251	1646017	1976072	1994603	2235535	2472831	2947372	3357216	4712286	7959833	17952237	2710441	0	0	0	2.8408
48	21281200	18090976	18089913	22170433	122558	122558	0	0	0	527312	1450488	1462565	1255806	1194511	1036445	1090063	1135386	939765	1100305	1144613	1008973	1269009	996495	1293088	1242134	1157440	1391845	1221542	1524026	1472710	1419562	1642903	1626829	1645128	1978540	1998155	2240587	2478211	2953585	3366457	4720775	7968665	17967714	2710890	0	0	0	2.8642
49	21467870	17979534	18149943	22081648	76085	76085	0	0	0	568267	1543963	1571583	1339431	1263993	1091611	1145271	1187468	979259	1139640	1183821	1040518	1301048	1023738	1322458	1262463	1178100	1407552	1237407	1534233	1486464	1424174	1650077	1631669	1641571	1970593	1991258	2224078	2453360	2921474	3317651	4639110	7816048	17552249	2637395	0	0	0	2.9652
50	21487766	17958439	18138575	22112805	57495	57495	0	0	0	571750	1591322	1615331	1388927	1311933	1135599	1187200	1232072	1013612	1185000	1229884	1075038	1352577	1053976	1366699	1303268	1208034	1451224	1267847	1575228	1526119	1453342	1687064	1669520	1674070	2009394	2033767	2256947	2491737	2945256	3341033	4626756	7623449	16715526	2527084	0	0	0	3.0297
