#Name	E:\SaveData\2016-10-18_15_18_08_1001160117_R0024_A_CL100007988_BGI12070_WESPE_result\\CL100007988\L01\CL100007988_L01_13_2.fq
#PhredQual	33
#ReadNum	52321395
#row_readLen	50
#col	48
#BaseNum	2616069750
#N_Count	1597323	0.061058
#GC%	44.59
#Q10%	94.85
#Q20%	84.15
#Q30%	66.54
#EstErr%	1.768316
#Pos	A	C	G	T	N	0	1	2	3	4	5	6	7	8	9	10	11	12	13	14	15	16	17	18	19	20	21	22	23	24	25	26	27	28	29	30	31	32	33	34	35	36	37	38	39	40	41	Err%
1	16881158	12242265	11734892	11460942	2138	2138	0	0	0	8746	29222	39399	43808	55418	63417	136260	171965	155434	233301	269832	237403	426633	265216	472023	458247	517910	628601	521420	841453	655575	776075	923101	863737	905362	1220090	1266312	1399313	1511470	2197646	2391520	3826795	7146422	20351259	1308872	0	0	0	0.3612
2	14656770	9973744	12315051	15372721	3109	3109	0	0	0	65880	121881	132993	133022	152479	152743	249477	297161	253139	343702	387608	327923	533549	356672	572498	540054	583163	706047	588209	884891	714016	836807	971346	903149	991707	1252161	1299296	1458327	1589323	2161303	2406203	3739184	6782788	18265989	1563596	0	0	0	0.6879
3	13917885	11935373	10749543	15713344	5250	5250	0	0	0	81422	130709	139568	133915	150346	146926	248208	293398	246178	344929	384172	326555	535502	350104	579001	550496	575718	708086	585832	891485	730382	822701	976661	913908	967620	1248457	1292044	1443646	1570909	2149671	2384916	3693779	6771826	18275789	1671286	0	0	0	0.7089
4	14307131	11723658	10988749	15295948	5909	5909	0	0	0	95780	158234	165376	155093	168753	164265	270256	317505	270062	364877	405251	351706	548258	378612	594312	569612	590757	723359	607337	898146	750412	841420	985473	932436	998492	1265857	1305589	1470853	1612265	2146109	2420477	3704158	6665061	17614468	1804865	0	0	0	0.7875
5	14252705	11383694	11536492	15140407	8097	8097	0	0	0	105282	169012	174909	161765	176398	168473	278500	325268	270638	371995	410056	349683	559334	373370	600385	574336	588079	727881	600764	902298	752703	828368	989299	932344	975287	1254641	1293363	1448691	1578830	2135902	2385111	3657041	6672127	17806035	1715130	0	0	0	0.8200
6	14024086	11678023	11305283	15304942	9061	9061	0	0	0	104736	179375	181618	169818	184661	179205	288789	332953	288828	377255	418354	368277	555675	400273	601328	580674	596443	731673	621122	896338	763587	849215	991031	939309	1014524	1265282	1307330	1479473	1625436	2133991	2418905	3681626	6612167	17305565	1867498	0	0	0	0.8485
7	14324078	11329198	11674398	14988419	5302	5302	0	0	0	116198	186349	187333	173241	186509	178847	286649	330434	282125	375901	414661	361334	552988	389659	596459	579068	586605	728520	608688	892401	759065	834840	982846	932742	989621	1253367	1294094	1460841	1597101	2120722	2396769	3662384	6638439	17535189	1844104	0	0	0	0.8549
8	14010030	11663285	10979956	15661766	6358	6358	0	0	0	100457	180037	188907	175822	190589	182146	299742	347612	290752	395577	433942	375091	579991	399439	626428	601459	603743	750234	624253	919037	784009	844954	1008394	957425	1000818	1277585	1314898	1480366	1618988	2148371	2416685	3666236	6611742	17101124	1818184	0	0	0	0.8599
9	13828969	11634615	11074697	15776630	6484	6484	0	0	0	105337	192921	196043	183853	197544	191024	305296	350159	300251	392752	433112	381851	568339	410931	613569	596739	600160	742282	625997	899372	775025	850566	996373	946293	1013087	1266122	1304924	1478473	1624989	2124611	2414579	3658861	6570804	17090288	1912384	0	0	0	0.8839
10	14058622	11533308	11297248	15422229	9988	9988	0	0	0	129525	225579	228885	209331	222394	209387	326799	374559	313946	412945	453859	393121	590336	415229	634643	609551	609358	755616	631496	912154	784459	848628	1002109	954097	1001897	1267170	1305925	1472768	1615901	2120349	2395418	3626448	6517403	16908940	1831182	0	0	0	0.9825
11	14173032	11485116	11279619	15375563	8065	8065	0	0	0	100890	197565	203183	191770	206641	199405	319351	365403	309390	409113	447829	391330	587427	416384	631817	608966	608874	754907	630867	911104	786349	849662	1004850	956030	1006757	1269922	1307113	1476168	1616802	2124622	2399180	3633283	6540040	17003489	1846847	0	0	0	0.9095
12	14119360	11607686	11304375	15283946	6028	6028	0	0	0	113777	219313	223323	208545	222164	210370	332791	380908	319465	421100	459648	400828	598083	424455	641570	620983	614483	763451	638996	917233	797362	852153	1008777	962819	1007982	1275422	1306116	1476919	1619864	2116594	2394358	3615778	6502795	16793732	1853210	0	0	0	0.9626
13	14161572	11568099	11306279	15266453	18992	18992	0	0	0	124174	235791	237669	218208	229992	218914	341169	386706	327155	426358	467401	409193	601781	433037	645745	626946	616794	768896	644498	921990	803482	856720	1013655	967313	1015924	1277418	1308211	1479901	1623237	2114673	2397071	3603616	6468727	16627282	1862756	0	0	0	1.0263
14	14140127	11553214	11343402	15276870	7782	7782	0	0	0	129243	252990	255332	233265	243875	231408	355923	401446	339965	438757	477925	420980	611446	446047	653275	632925	626376	774656	655027	923153	810940	867230	1015882	973294	1026075	1281230	1312282	1486853	1633313	2109687	2394558	3591680	6421474	16389899	1895202	0	0	0	1.0517
15	14091643	11595153	11406166	15219675	8758	8758	0	0	0	131365	259909	263720	240186	249014	234014	360410	407431	341685	444654	484814	421472	617773	443764	660076	638606	624471	778467	649667	928051	814268	858495	1018471	976967	1011489	1277136	1307788	1480215	1623792	2106557	2386921	3578609	6413914	16405957	1872509	0	0	0	1.0718
16	14123349	11617552	11420818	15150035	9641	9641	0	0	0	172055	345997	344263	316184	327228	305393	345614	387270	330063	426860	463384	413470	591694	440110	638413	622799	612826	759111	646661	905243	805561	854002	1004720	971133	1015871	1270257	1302696	1482499	1630086	2101346	2391807	3572798	6375378	16230745	1908217	0	0	0	1.2504
17	14082330	11618311	11460295	15146279	14180	14180	0	0	0	192105	382737	382711	343937	353211	326310	365758	409531	346662	444074	480635	425995	606468	450294	650341	635375	621330	769323	654245	913067	814363	856290	1009757	974059	1016471	1271686	1300739	1477932	1629078	2088032	2379046	3541623	6316652	15990007	1887371	0	0	0	1.3536
18	13978486	11741975	11428216	15159793	12925	12925	0	0	0	189373	382396	379153	342314	350655	325309	364856	409462	346516	443131	481499	426535	608330	451675	651829	639168	621367	771740	656770	912900	819834	857565	1012432	979193	1018322	1273548	1304405	1481051	1633444	2088374	2379468	3543379	6308384	15945555	1908538	0	0	0	1.3458
19	14007329	11699590	11507235	15082543	24698	24698	0	0	0	187604	392196	391076	353519	362760	333987	374925	417120	354116	452407	488481	434714	616742	455065	658958	644021	623963	775503	657943	917320	823309	855604	1014740	979940	1016621	1274636	1301752	1476976	1626866	2082089	2377707	3533839	6288667	15860575	1890956	0	0	0	1.3956
20	14010571	11697225	11519818	15078355	15426	15426	0	0	0	214434	437789	431885	385241	391008	357625	397619	440439	372668	471073	505939	450088	629278	472300	672591	655980	635520	785608	672563	922010	832793	867663	1018117	988304	1025618	1278762	1306359	1483654	1636574	2074660	2369007	3512356	6200025	15519521	1890898	0	0	0	1.4885
21	13891436	11776915	11555231	15076666	21147	21147	0	0	0	219499	436916	424024	378591	383443	351517	389890	430285	364652	460964	497838	443646	619510	465462	662253	647675	627500	777440	664929	914541	829313	861887	1013240	983450	1024929	1274808	1302778	1483690	1636306	2078410	2379938	3522178	6230070	15605646	1913030	0	0	0	1.4850
22	13993355	11724803	11580072	14969443	53722	53722	0	0	0	233311	476196	470806	416368	417022	379260	415936	457821	388069	484702	519246	465752	636855	485427	680578	663748	644033	790437	680759	924980	841794	873799	1021064	991098	1034140	1280384	1307104	1485075	1638115	2064834	2362806	3486629	6132762	15213533	1903230	0	0	0	1.6559
23	14061987	11658671	11522380	14982131	96226	96226	0	0	0	218960	467069	463756	411839	414553	377626	416898	457673	387218	486831	521408	463564	639455	483721	683706	665534	640085	793562	679490	926305	843578	868321	1021883	993685	1029521	1277636	1306871	1483214	1634803	2068327	2364109	3482397	6134049	15233401	1884121	0	0	0	1.7148
24	13921825	11768274	11607704	14963149	60443	60443	0	0	0	259988	525082	515873	449342	443832	400678	439495	479617	405799	500921	536284	479286	650308	498709	691490	673398	650416	800015	689683	927506	852153	877225	1025380	997837	1037457	1279703	1307971	1483781	1636355	2054888	2352144	3454698	6062116	14921922	1899600	0	0	0	1.7817
25	13983188	11731162	11667788	14922483	16774	16774	0	0	0	231554	497538	488618	432763	433901	393786	432117	474160	401183	501330	535310	476796	651718	496914	693696	677296	650598	801953	688094	932658	853726	876492	1029550	999455	1036998	1282386	1308619	1486213	1641451	2063174	2362722	3468426	6090706	15007636	1905084	0	0	0	1.6333
26	14065804	11646778	11657831	14891236	59746	59746	0	0	0	243195	542244	540234	474195	469386	422866	462079	503369	422373	524759	557988	496970	673010	511663	712149	692237	661624	814139	699922	938274	865932	880533	1033752	1007807	1036940	1282134	1306442	1482149	1637242	2045214	2340644	3421730	5993508	14686569	1878377	0	0	0	1.8305
27	13939053	11805445	11638105	14919258	19534	19534	0	0	0	262697	560112	550446	481682	475002	426967	467533	508717	426653	526678	560687	497821	675040	512859	715017	694477	661640	816679	702030	942921	867069	883704	1036560	1012017	1041592	1289024	1312271	1486081	1642284	2052698	2348676	3425683	5986020	14585818	1866706	0	0	0	1.7930
28	14027082	11728757	11730123	14799328	36105	36105	0	0	0	311514	661790	655842	561433	547211	483187	523046	561894	466808	571505	604832	532475	714182	542905	744833	721116	686192	839680	721630	956342	886014	890376	1044789	1021050	1044541	1282191	1305526	1476291	1627473	2019889	2306100	3341784	5808670	14001767	1820412	0	0	0	2.0785
29	14056515	11721554	11706143	14813521	23662	23662	0	0	0	266177	602576	599544	522208	513561	457703	497536	537313	451828	550839	584935	520631	694401	534612	729587	708890	675956	826628	715826	945209	880997	891073	1041854	1018246	1047414	1288004	1309981	1485624	1642012	2035136	2329751	3378190	5886307	14257084	1870100	0	0	0	1.9091
30	13988108	11802137	11719341	14786591	25218	25218	0	0	0	242000	578093	569614	505394	499027	448787	488335	526902	443318	541901	578265	515645	687498	527696	725663	706973	671569	823144	714859	946930	879972	889203	1042224	1018945	1048324	1289942	1313944	1489755	1650155	2041828	2340336	3403803	5912518	14337664	1895951	0	0	0	1.8448
31	14014272	11782535	11741528	14760474	22586	22586	0	0	0	273523	621711	612803	533643	524623	467558	508019	547061	457354	559008	591903	526360	700950	537755	736420	718243	679814	833701	720780	952219	886226	891994	1048417	1025061	1052027	1292647	1313829	1491397	1647389	2038110	2334472	3381853	5850254	14083390	1858295	0	0	0	1.9477
32	14104908	11730350	11701758	14741211	43168	43168	0	0	0	292631	670918	669468	579809	562600	498339	538253	575864	482248	582919	616023	547241	720063	556275	757041	731806	692682	847496	731197	957567	899538	900388	1050856	1030132	1054799	1292885	1313723	1485212	1640577	2019014	2309211	3332256	5749526	13754070	1835600	0	0	0	2.1167
33	14045536	11744062	11783163	14720258	28376	28376	0	0	0	287687	675704	672853	583328	566273	502905	541405	580618	483594	586354	621090	550354	723339	558413	757846	734468	692201	847512	733636	959885	901405	899066	1051408	1031972	1054641	1291669	1313205	1483100	1640123	2016020	2310528	3328709	5742170	13734047	1835491	0	0	0	2.0955
34	14042944	11749924	11843680	14659617	25230	25230	0	0	0	283500	681691	671679	585804	571136	507460	545037	582191	486855	588280	621949	551110	725742	561474	758639	736592	695533	848888	736662	959839	905015	901565	1053864	1032265	1059801	1294536	1314429	1486322	1643628	2016133	2311119	3329782	5731388	13673689	1842568	0	0	0	2.0950
35	14111372	11733992	11823527	14621771	30733	30733	0	0	0	301179	725744	724046	624978	604318	532792	571957	608831	504623	609590	642664	570048	741109	574469	770972	748567	703998	858126	745152	966057	910915	901762	1055730	1036099	1058125	1291501	1311972	1482690	1637468	2000707	2292444	3287387	5650129	13426457	1818056	0	0	0	2.2201
36	14086045	11726348	11825096	14622185	61721	61721	0	0	0	304984	748048	744752	645235	622170	548778	584459	621027	517093	620203	651426	581225	748954	584325	779758	753074	710319	861871	751933	968923	916047	908149	1056231	1038013	1059911	1292493	1309302	1480988	1635211	1992559	2281880	3265561	5599216	13265776	1809780	0	0	0	2.3321
37	14082069	11736379	11880339	14573504	49104	49104	0	0	0	313947	763181	761693	656794	631217	554657	594752	629221	523665	627779	658989	582740	757392	588259	784788	759612	712515	865259	754307	971096	919611	906561	1057554	1040463	1060528	1291522	1309578	1478307	1630654	1990084	2279084	3254311	5580025	13185140	1797006	0	0	0	2.3471
38	14077293	11746251	11826066	14604620	67165	67165	0	0	0	326023	801272	798588	688797	659725	578454	617898	650344	541108	646103	677960	598799	771990	601055	798779	772080	723522	877923	766339	982090	932632	918472	1067223	1053109	1069240	1300916	1315045	1485631	1640614	1985283	2274649	3228810	5490930	12847278	1765549	0	0	0	2.4747
39	13948886	11803222	11896391	14569112	103784	103784	0	0	0	332777	812165	811094	694966	665497	581819	620701	653994	543197	647260	677403	598943	772119	602159	797728	771025	723150	875720	764080	977947	931147	914758	1064747	1049805	1069094	1295835	1311600	1482762	1634790	1979017	2268489	3225645	5477782	12801069	1787327	0	0	0	2.5685
40	14003695	11772096	11970436	14533774	41394	41394	0	0	0	338466	843853	838498	720297	687991	602247	637981	670545	556586	661757	692455	613132	785446	612089	807791	780421	730711	885314	772683	984028	936988	917767	1064146	1052551	1067722	1295548	1312055	1476576	1631151	1968577	2250825	3200140	5437268	12680930	1765466	0	0	0	2.5200
41	14125470	11746248	11942760	14466410	40507	40507	0	0	0	321583	833694	834358	719708	688593	602984	639051	673637	557276	663201	693941	613246	784842	612645	809523	779490	730958	882351	770916	982615	937319	919715	1066398	1051957	1069047	1297206	1307940	1476281	1631552	1970196	2254712	3200136	5431376	12691759	1780682	0	0	0	2.4985
42	13993848	11843352	11976520	14469533	38142	38142	0	0	0	339281	874948	871053	747989	712694	622950	659493	692087	572605	678418	707216	627527	795137	625443	817096	790009	738274	889568	781403	986132	943061	922109	1068483	1055894	1072871	1295951	1308883	1476552	1632816	1958583	2242843	3175273	5372653	12469113	1758845	0	0	0	2.5866
43	14018816	11814293	11992295	14455894	40097	40097	0	0	0	346672	900741	896924	770496	732185	639412	675001	705200	586403	688232	719173	637830	806755	634288	826476	795718	745917	896443	787476	991313	951490	927502	1073791	1062406	1078855	1300196	1315151	1479444	1632095	1958235	2239630	3156123	5312034	12260541	1751150	0	0	0	2.6533
44	14126427	11750329	11959774	14434421	50444	50444	0	0	0	363737	948532	956650	816861	773749	669593	706167	735864	608936	713570	741060	656641	823434	647419	842938	807847	756334	905970	796236	995247	957985	929030	1074711	1060697	1074206	1290975	1307836	1463193	1616788	1932120	2207723	3106660	5229134	12038639	1714469	0	0	0	2.8020
45	14078784	11799938	11983238	14409988	49447	49447	0	0	0	358897	946070	953876	815313	772248	670909	707293	738447	608111	714735	744344	655563	826765	650064	843287	810110	755646	910060	797772	996839	960595	930212	1075797	1065424	1076337	1295916	1310196	1470028	1618374	1935942	2215422	3111410	5224577	11994019	1711350	0	0	0	2.7941
46	14126876	11771130	12032765	14334052	56572	56572	0	0	0	370897	980706	993285	846031	801198	692097	728303	756226	625036	731472	760036	666956	837248	659330	853420	818153	763537	915246	802815	999746	966362	930670	1078047	1064157	1074278	1292681	1305586	1461037	1614296	1921630	2195867	3075980	5160885	11826662	1694947	0	0	0	2.8961
47	14079874	11759003	12045813	14376159	60546	60546	0	0	0	374220	997269	1006226	857139	808933	700313	736664	762843	630631	735569	763232	672379	843081	662586	854820	820634	766688	916794	808079	1001984	969297	934283	1079324	1066560	1078568	1293803	1305673	1462077	1613228	1918056	2192080	3071471	5139097	11724147	1693101	0	0	0	2.9359
48	13975990	11832312	12076912	14347416	88765	88765	0	0	0	363361	985949	995111	851498	804308	695778	732839	760923	627493	733725	762985	671190	840548	662913	856516	821677	764601	917918	806540	1001144	968279	934415	1079224	1067477	1078044	1296736	1308889	1465374	1615732	1921406	2196450	3077389	5142198	11729949	1694051	0	0	0	2.9631
49	14096622	11775202	12128528	14265441	55602	55602	0	0	0	391986	1049112	1067896	906057	851515	733398	768685	796041	653723	759909	789198	693530	864446	679573	874366	833757	778154	928495	815688	1009012	978115	935970	1083572	1069846	1076721	1288333	1301076	1452384	1601767	1902308	2163975	3021453	5039115	11457435	1649182	0	0	0	3.0630
50	14113156	11745674	12119489	14299904	43172	43172	0	0	0	392684	1083503	1097060	937887	883727	760606	797567	826009	676618	791153	819984	713866	895302	698718	903906	860562	797468	956606	837636	1035039	1007513	955281	1108288	1094541	1098148	1312949	1326759	1473585	1624389	1913240	2176540	3005797	4916791	10915074	1583427	0	0	0	3.1279
