#Name	E:\SaveData\2016-10-18_15_18_08_1001160117_R0024_A_CL100007988_BGI12070_WESPE_result\\CL100007988\L01\CL100007988_L01_15_2.fq
#PhredQual	33
#ReadNum	67746655
#row_readLen	50
#col	48
#BaseNum	3387332750
#N_Count	1792908	0.052930
#GC%	44.06
#Q10%	95.25
#Q20%	85.13
#Q30%	67.93
#EstErr%	1.638253
#Pos	A	C	G	T	N	0	1	2	3	4	5	6	7	8	9	10	11	12	13	14	15	16	17	18	19	20	21	22	23	24	25	26	27	28	29	30	31	32	33	34	35	36	37	38	39	40	41	Err%
1	22428110	15105540	14447298	15763307	2400	2400	0	0	0	11412	36110	47351	53716	67979	79329	162405	202754	192971	274711	324442	294320	505643	338701	566701	553882	638479	765648	654343	1018488	802821	990177	1146328	1068833	1192524	1532057	1607811	1803580	1978767	2775565	3085179	4926084	9221946	26350994	2472204	0	0	0	0.3409
2	19552772	12909714	15288481	19992423	3265	3265	0	0	0	47705	97844	117255	122867	146673	150255	259659	319397	268403	386869	439201	372752	629799	405064	686301	647715	703291	857359	715969	1099837	879288	1032257	1208555	1130903	1228165	1578433	1641311	1841921	2017435	2780155	3072434	4816940	9034487	24552024	2454867	0	0	0	0.5390
3	18471802	15009857	13894102	20364942	5952	5952	0	0	0	99401	168140	177076	171086	191679	189013	304162	360679	311887	423025	472462	413753	649126	454048	708093	680490	719190	877560	744626	1094251	912915	1051250	1220227	1150476	1261445	1585942	1639869	1856602	2049783	2739616	3071224	4747771	8811858	23665743	2766235	0	0	0	0.6864
4	18778399	14991618	13988543	19981900	6195	6195	0	0	0	115407	193294	199557	189296	207219	204663	323834	378694	331748	437765	488894	432870	662639	475193	721690	698137	727732	891987	761746	1101566	937687	1062742	1235877	1173671	1285225	1600088	1661670	1889702	2089051	2745140	3119142	4784054	8740771	23071863	2799846	0	0	0	0.7406
5	18577371	14488052	14614362	20059234	7636	7636	0	0	0	127230	204579	208572	194288	211766	204836	326998	380279	328508	437027	487766	426352	664747	466008	720188	696003	721510	889574	748519	1100932	932587	1044195	1226396	1162865	1248015	1577270	1634116	1850047	2036613	2714533	3056673	4704559	8755648	23536244	2713576	0	0	0	0.7599
6	18293134	14752153	14424585	20265230	11553	11553	0	0	0	98973	178200	188521	181684	201089	198101	324784	383920	329591	446741	498603	438013	679522	475476	743218	717867	736954	909845	768024	1124734	957127	1061721	1252624	1190074	1273402	1609677	1669854	1889351	2082420	2762329	3113240	4759795	8773490	23002297	2713841	0	0	0	0.7271
7	18638468	14414518	14849717	19837881	6071	6071	0	0	0	106099	188735	200106	190311	209970	204555	332913	389883	332257	452545	502060	440071	685289	474951	745821	718121	736314	911726	766501	1128018	962918	1058908	1253262	1195565	1266627	1610069	1666662	1883804	2076295	2754428	3109467	4746180	8760862	22983284	2696007	0	0	0	0.7414
8	17943561	14890633	14154484	20752100	5877	5877	0	0	0	138463	245692	247445	229852	245681	239132	365592	420379	365472	475367	526409	469509	694867	508518	755880	734048	749458	918873	788202	1118191	968783	1077792	1251590	1194188	1295243	1608717	1659336	1892060	2093086	2724486	3099251	4715380	8615774	22396893	2911169	0	0	0	0.8489
9	17821851	14816270	14129021	20972692	6821	6821	0	0	0	122634	219869	223677	211378	226999	221004	348246	402601	348002	458356	507814	448954	680326	489198	741037	722255	730694	907575	765233	1110850	957275	1047966	1240183	1181472	1258744	1589164	1640006	1863372	2054438	2711301	3068744	4698072	8713281	23065841	2763273	0	0	0	0.7947
10	18022845	14733983	14528623	20450714	10490	10490	0	0	0	151620	289215	290954	268579	282699	270187	403283	457637	395847	509276	558826	498765	725115	535220	784697	761067	767407	943237	811853	1135349	1000427	1089127	1269387	1221556	1310316	1625726	1670916	1908226	2114484	2719608	3108100	4686207	8500024	21733379	2937849	0	0	0	0.9485
11	18164371	14765132	14364773	20443336	9043	9043	0	0	0	115518	228882	235243	224279	243464	235345	371033	426352	366890	483651	531564	470464	703700	506917	764084	741088	746580	924284	782023	1124581	973533	1062780	1254008	1196134	1270424	1600816	1651024	1875607	2068813	2714658	3072704	4678907	8643859	22713230	2735173	0	0	0	0.8280
12	18104837	14945208	14350333	20340129	6148	6148	0	0	0	135271	259480	262590	245506	262472	251709	387157	443708	381707	496540	546445	482892	714484	520341	774326	751900	754473	934146	794146	1129040	989077	1069445	1258424	1203987	1280650	1605682	1653121	1880909	2075712	2707943	3073544	4661956	8572383	22385935	2793406	0	0	0	0.8834
13	18170769	14886353	14396971	20269764	22798	22798	0	0	0	145647	284233	284701	263285	277792	268043	403691	458218	396617	510896	561694	500461	725789	538278	784847	767969	766921	945962	808195	1137518	1002564	1081915	1267189	1216744	1300098	1614719	1663220	1896372	2095337	2710829	3081234	4654941	8510544	21943165	2854229	0	0	0	0.9562
14	18165294	14897129	14402157	20273857	8218	8218	0	0	0	150667	296012	298493	275262	288587	276691	416332	470304	404772	521865	570243	510432	735581	546558	793385	774329	770808	952400	815189	1139837	1011544	1086835	1271870	1222726	1299344	1618839	1663937	1893347	2094941	2702325	3072960	4635937	8482620	21878391	2795074	0	0	0	0.9629
15	18123876	14981153	14477202	20155955	8469	8469	0	0	0	155230	311072	313998	288864	301434	286299	427200	482476	413490	531417	580077	518223	741753	551926	801573	781349	773550	956196	819431	1142991	1016899	1087443	1274628	1228135	1302929	1620123	1667183	1896406	2102057	2699734	3080792	4629414	8446327	21650240	2857327	0	0	0	0.9939
16	18189376	14957031	14499418	20090901	9929	9929	0	0	0	199045	398903	397160	364796	380151	361358	404852	459993	398802	508411	557367	503768	715185	540934	776738	763835	759095	936319	808911	1121397	1004270	1076506	1258508	1220404	1297258	1607304	1657240	1892287	2097469	2690265	3073222	4624335	8433818	21592243	2854577	0	0	0	1.1341
17	18166106	14946758	14557455	20062329	14007	14007	0	0	0	223824	444559	442280	401199	413067	386249	433803	485644	418987	531069	577315	521848	732856	558352	792937	780130	771008	949554	820047	1126632	1018486	1083764	1266894	1227201	1303576	1611352	1656901	1889837	2097282	2678639	3065752	4586386	8344664	21256800	2833754	0	0	0	1.2309
18	18055947	15136278	14526305	20014557	13568	13568	0	0	0	222168	448045	444008	403895	414410	388380	435906	487575	421000	534358	581116	527753	738306	562339	798125	784068	774893	953321	827570	1132066	1026584	1087442	1273200	1236913	1306511	1620668	1663809	1900810	2112334	2687550	3075915	4591847	8322578	21078950	2868674	0	0	0	1.2354
19	18115846	15086224	14606343	19909430	28812	28812	0	0	0	219054	461801	458901	418593	428792	401870	447937	500017	431574	544807	591900	533969	747333	568472	806050	792264	777713	959132	831235	1133589	1028435	1090830	1273673	1235692	1309383	1618319	1661995	1900958	2107128	2678158	3067739	4579998	8298140	20941144	2871248	0	0	0	1.2851
20	18098680	15049851	14626225	19956654	15245	15245	0	0	0	252769	513948	506717	452764	459068	426361	472615	523638	450077	564591	610166	551702	763212	584243	819818	803613	789088	969496	842410	1142600	1040549	1097706	1278146	1244247	1314495	1622931	1662594	1901954	2108898	2669652	3062366	4549348	8213805	20629803	2836020	0	0	0	1.3622
21	18087580	15116710	14652465	19866307	23593	23593	0	0	0	235854	496311	488859	441963	451693	418770	465012	516177	444757	558297	605118	550517	757325	582583	814755	802550	788369	969588	843695	1143155	1048543	1100940	1286833	1253276	1328229	1633786	1676158	1917261	2132596	2689759	3091136	4586758	8224966	20508970	2868503	0	0	0	1.3400
22	18151958	15070645	14718810	19740642	64600	64600	0	0	0	263050	551612	549156	489368	491288	452040	499568	549912	471660	587202	632985	572919	782825	604098	838028	823222	804303	989211	859044	1156275	1061937	1106337	1292483	1262521	1323761	1631598	1671211	1909653	2120487	2668425	3055959	4522162	8120369	20175815	2791571	0	0	0	1.5136
23	18136390	15006094	14727785	19758258	118128	118128	0	0	0	252594	553155	548813	490487	494475	457032	502899	553341	474848	589597	635965	575333	782508	607372	839972	824066	804111	987016	861718	1153545	1063246	1108005	1292260	1262599	1329030	1631660	1673587	1912949	2126576	2662788	3059299	4516402	8088372	20052882	2860025	0	0	0	1.5908
24	18058279	15156478	14746926	19712453	72519	72519	0	0	0	290750	608974	603214	529676	528378	481113	526860	577182	494014	610545	655285	591584	802288	620543	855024	837285	815147	997180	871568	1165767	1074603	1111538	1298267	1270853	1331815	1634375	1674292	1908752	2121041	2656238	3044005	4480746	8028872	19808046	2768316	0	0	0	1.6298
25	18085383	15146117	14813962	19683551	17642	17642	0	0	0	270635	590713	577734	515065	517034	476174	518922	571888	489095	604685	651229	590088	797766	619584	852351	837643	812279	997077	869190	1159500	1072988	1114344	1297609	1268582	1336551	1637010	1673245	1914942	2126903	2658752	3055526	4507697	8053786	19844149	2848277	0	0	0	1.5079
26	18138096	15061224	14819657	19658342	69336	69336	0	0	0	284864	640974	637982	564190	561303	511674	557208	607219	518320	636676	678859	614780	821365	641507	874433	856613	828989	1012891	886604	1171456	1089889	1122772	1306942	1276943	1340836	1639473	1677860	1914956	2128314	2642315	3037239	4456984	7922955	19395641	2816293	0	0	0	1.6905
27	17972028	15201349	14888506	19664503	20269	20269	0	0	0	305778	665949	658218	578186	572344	520222	565830	617015	526047	642643	688144	621012	827966	647392	881146	863304	834503	1017832	892436	1176104	1098955	1126804	1313305	1287440	1349033	1648840	1682149	1920005	2135044	2649708	3040872	4453865	7906083	19210662	2801550	0	0	0	1.6633
28	18099852	15148560	14919238	19541930	37075	37075	0	0	0	371237	791410	786764	676219	658531	587282	632620	679149	575328	695214	740453	661984	875416	682362	922225	895026	860594	1046427	916186	1196887	1121612	1138195	1322460	1296272	1348037	1646483	1676728	1906443	2115307	2611874	2989902	4351334	7691735	18529443	2712441	0	0	0	1.9301
29	18109504	15096497	14918472	19598651	23531	23531	0	0	0	312111	710807	706227	620534	610045	551176	595933	645005	549715	665582	708376	640933	844379	665261	893870	874951	846881	1027622	905178	1181089	1106144	1131374	1312179	1289701	1349408	1641306	1676466	1913150	2125679	2626099	3018454	4403612	7809707	18983190	2780980	0	0	0	1.7533
30	18031627	15188591	14945000	19553603	27834	27834	0	0	0	280893	679374	671281	599751	592078	539631	582725	632772	539027	656938	698884	635193	838226	659464	888816	871638	840329	1023853	898137	1177431	1103029	1132491	1311043	1291672	1348087	1644486	1682160	1919465	2133334	2639951	3035667	4436086	7846486	19070881	2817542	0	0	0	1.6947
31	18052631	15168945	15034372	19467187	23520	23520	0	0	0	317542	741752	732650	644686	633579	568453	615056	663116	560496	683469	725368	656555	861447	676155	910998	891461	855093	1040663	917054	1190740	1123827	1142910	1326794	1302176	1361492	1656330	1688748	1925200	2146718	2633666	3026519	4403715	7741848	18581630	2775229	0	0	0	1.8079
32	18124335	15111736	15008738	19452446	49400	49400	0	0	0	339395	799151	797328	695085	676999	606847	653078	698690	593079	711775	756135	679979	887939	697622	935063	910978	871455	1058073	930322	1202623	1138225	1150543	1333460	1313531	1361900	1654520	1687870	1919482	2131973	2613457	3000254	4346281	7625890	18198850	2719403	0	0	0	1.9628
33	18068995	15208166	15021424	19418804	29266	29266	0	0	0	339802	805771	802014	699744	681982	609678	653748	701628	593376	712611	755940	680123	888348	697947	932321	907482	869916	1056993	929575	1201461	1138322	1147678	1328744	1312863	1360098	1654867	1685205	1919276	2130384	2610130	3001671	4342893	7624248	18213868	2726682	0	0	0	1.9415
34	18084314	15219408	15062193	19354303	26437	26437	0	0	0	331363	811044	803526	704933	685109	616467	658022	704369	597684	715931	759922	686577	887589	703449	935968	912395	873308	1055891	936619	1202765	1142109	1151976	1334643	1315524	1370515	1655239	1689490	1925311	2143676	2612435	3005278	4347214	7599376	18104162	2740339	0	0	0	1.9416
35	18125692	15153954	15056806	19379094	31109	31109	0	0	0	352750	861204	858992	748165	722535	645127	689140	733585	618025	740129	782007	705608	908594	716695	950571	924937	881912	1069062	943935	1210353	1149256	1151828	1335422	1320491	1366681	1654213	1687050	1913190	2130105	2592581	2984426	4302997	7513126	17863723	2687131	0	0	0	2.0477
36	18077882	15231524	15040486	19324363	72400	72400	0	0	0	358520	893266	893554	775883	749534	669011	708152	753819	637984	757986	797835	720254	921475	733618	964993	936760	894544	1077377	957288	1211624	1160092	1160108	1343204	1325463	1375577	1656315	1685271	1915520	2132662	2585113	2973971	4269350	7434407	17568229	2675496	0	0	0	2.1707
37	18105929	15226263	15120738	19240171	53554	53554	0	0	0	368482	913944	912966	792630	763994	677605	721665	766303	645977	765801	808575	726927	930491	738537	970650	944105	897775	1083495	960117	1217869	1163208	1162448	1344778	1326178	1374271	1656404	1685109	1914835	2129181	2583296	2965638	4258294	7405247	17451258	2665048	0	0	0	2.1822
38	18059923	15180766	15149955	19280021	75990	75990	0	0	0	381304	964056	962903	834571	800817	709148	753040	797419	669829	793012	838120	749051	955618	756401	994534	963748	914146	1103564	977257	1235158	1185361	1175856	1361584	1345258	1387368	1669909	1698536	1923351	2138409	2580583	2964837	4228038	7278483	16982263	2597133	0	0	0	2.3102
39	18013722	15238077	15141277	19228009	125570	125570	0	0	0	385298	972070	975368	842025	807792	712612	756970	800437	671331	796149	836327	748039	955625	757083	993172	962454	912150	1100769	973666	1233106	1183899	1169882	1356175	1343722	1378392	1665461	1692012	1917143	2127401	2572991	2951057	4213780	7283314	16987319	2586094	0	0	0	2.3994
40	17992633	15266467	15227313	19213979	46263	46263	0	0	0	399079	1015522	1010510	871978	835078	737985	778105	820096	688632	810459	851757	765793	968412	769612	1000264	971486	922269	1107917	984577	1233861	1189872	1176913	1359400	1341537	1388135	1663786	1692275	1916977	2129697	2560621	2941471	4190292	7220426	16776409	2609189	0	0	0	2.3550
41	18130493	15186736	15179108	19207253	43065	43065	0	0	0	376765	995412	998453	863733	832257	732733	774601	815806	685377	809084	848311	760878	965364	768136	1000643	969888	919439	1105055	982610	1232068	1185985	1172969	1353078	1342036	1383278	1658799	1688580	1912048	2127250	2555716	2937420	4193625	7233890	16900781	2621522	0	0	0	2.3170
42	17965462	15301513	15237554	19201987	40139	40139	0	0	0	396604	1046017	1043158	903351	862296	763228	800436	839409	706451	826912	867303	778332	977553	780927	1010511	981011	930247	1112150	991772	1235785	1195103	1179301	1359614	1347374	1388187	1662947	1689472	1912328	2125918	2548126	2925767	4161636	7163367	16605132	2588791	0	0	0	2.4024
43	18041718	15271205	15265531	19123443	44758	44758	0	0	0	407141	1078415	1081501	931011	888887	783443	823409	863762	723081	845727	884962	794331	997873	795220	1028946	993908	942584	1125934	1004068	1247857	1211448	1186922	1367985	1358551	1393658	1672318	1698179	1914696	2130551	2547411	2922598	4138284	7074056	16292080	2551100	0	0	0	2.4763
44	18155139	15198289	15233052	19104959	55216	55216	0	0	0	428374	1139267	1155956	988462	939752	821803	863274	900690	751582	878141	916559	817169	1022544	813133	1048782	1008133	953994	1137762	1012960	1254111	1216784	1189421	1372318	1357654	1389563	1663040	1684061	1898446	2108247	2518531	2886557	4068384	6970799	16021228	2493958	0	0	0	2.6167
45	18118622	15258021	15259660	19057044	53308	53308	0	0	0	420671	1137143	1154278	990870	939265	822738	864457	902223	753069	879904	919089	819915	1026554	815202	1050585	1013770	956096	1143192	1013908	1256643	1222958	1190479	1374368	1360616	1393298	1666769	1692908	1902692	2114623	2522798	2888565	4076940	6957381	15963767	2485613	0	0	0	2.6100
46	18180683	15207718	15313262	18980880	64112	64112	0	0	0	435112	1184527	1205507	1030721	975669	849201	892333	928087	774176	902666	936915	834415	1042101	828459	1064446	1021791	965062	1152341	1022187	1264448	1228921	1191512	1376506	1366555	1391178	1663663	1688696	1893455	2102962	2504254	2866578	4035045	6876319	15731051	2455684	0	0	0	2.7149
47	18108661	15207525	15353252	19007405	69812	69812	0	0	0	439380	1203769	1219098	1044126	986901	860163	900898	937401	780704	906346	943796	841509	1045190	833451	1068234	1025982	970106	1154549	1028129	1265909	1233420	1197917	1378241	1366343	1394471	1665185	1688211	1898471	2107856	2502535	2863650	4025391	6839559	15605361	2454591	0	0	0	2.7531
48	17997737	15303670	15377572	18963682	103994	103994	0	0	0	425166	1190318	1206570	1036696	981419	857041	897119	933338	779107	905477	942604	841757	1046037	831855	1067565	1027436	967152	1155743	1026627	1265144	1231863	1194928	1379393	1370149	1396791	1666088	1690778	1898973	2111265	2508723	2871266	4031643	6847455	15603879	2455296	0	0	0	2.7789
49	18139513	15224365	15428902	18892377	61498	61498	0	0	0	460107	1269677	1295142	1104657	1041981	904478	942170	979847	812606	940896	977728	866027	1076395	854368	1093940	1045494	986222	1172937	1042845	1275922	1246414	1201529	1383615	1373011	1394548	1663860	1685391	1885886	2092156	2479956	2830073	3963817	6713284	15241068	2387110	0	0	0	2.8739
50	18123058	15207376	15440851	18928897	46473	46473	0	0	0	459939	1305468	1334468	1146680	1082225	941130	982360	1018267	843525	978626	1016787	895832	1117108	883088	1134302	1077999	1013785	1208635	1069084	1315022	1284718	1229251	1416877	1410673	1426489	1699457	1723850	1919327	2127307	2501252	2854100	3950994	6547864	14496313	2287380	0	0	0	2.9371
