#Name	E:\SaveData\2016-10-18_15_18_08_1001160117_R0024_A_CL100007988_BGI12070_WESPE_result\\CL100007988\L01\CL100007988_L01_16_1.fq
#PhredQual	33
#ReadNum	79755080
#row_readLen	50
#col	48
#BaseNum	3987754000
#N_Count	686097	0.017205
#GC%	43.52
#Q10%	99.41
#Q20%	97.08
#Q30%	88.70
#EstErr%	0.276850
#Pos	A	C	G	T	N	0	1	2	3	4	5	6	7	8	9	10	11	12	13	14	15	16	17	18	19	20	21	22	23	24	25	26	27	28	29	30	31	32	33	34	35	36	37	38	39	40	41	Err%
1	27272985	16604769	17724766	18094818	57742	57742	0	0	0	1188	22362	38357	35581	35750	35684	37962	40282	41073	48190	55000	60500	80476	83809	93983	127852	201346	250203	274143	350745	458300	524453	594858	713189	655488	858009	828742	903633	891180	1130291	1319470	2584482	7109919	55716268	3494570	0	0	0	0.1863
2	24299473	14273022	18630152	22448547	103886	103886	0	0	0	43431	34503	37058	33107	33514	34186	38092	41871	44144	54642	62627	71321	100300	100509	115175	163186	242315	299886	316794	406359	492674	555954	627083	718533	688481	907667	916806	1042827	1100056	1449876	1703519	3219372	8269955	51886711	3798660	0	0	0	0.2747
3	23118076	16722505	16968981	22883994	61524	61524	0	0	0	4322	24425	31188	28648	28327	29256	32466	35887	37982	47586	54468	63933	90540	93163	105410	155729	237295	293243	315420	401888	497645	561375	630390	727958	688170	903608	907538	1024797	1074067	1409544	1641906	3105772	8156439	52407975	3845196	0	0	0	0.1895
4	23387449	16619536	17268897	22476769	2429	2429	0	0	0	601	13526	20468	20329	21380	22845	26695	29981	32623	42014	48743	58941	83081	87594	97671	148578	228631	283713	309235	392973	487867	549199	617666	713328	678523	888991	893839	1014508	1072089	1403403	1647097	3121715	8210826	52530447	3953531	0	0	0	0.0977
5	23287902	16406329	17768848	22187415	104586	104586	0	0	0	4018	18363	22905	21480	21553	22248	25613	28390	31278	40744	46651	57107	80950	85811	95103	147922	226459	281951	305590	389736	482252	543097	612347	705463	675216	885182	898487	1024179	1089285	1430144	1685212	3190977	8353770	52148400	3972611	0	0	0	0.2294
6	23204202	16744831	17348184	22456613	1250	1250	0	0	0	981	13122	19572	19091	19857	21481	25094	28021	30884	40837	46604	57908	82207	86270	95561	149273	227974	285111	307908	392329	483594	544454	613860	702536	676131	888630	903881	1033838	1106515	1470950	1730652	3277011	8502377	51890234	3979082	0	0	0	0.0943
7	23443170	16444285	17744357	22122619	649	649	0	0	0	727	10826	16127	16079	17371	19188	23220	26750	29384	39671	45647	56150	82178	85069	95791	150021	227432	284603	306286	392596	480973	542436	611647	696587	672763	885912	907505	1042538	1120570	1492024	1758902	3326730	8601727	51678695	4010306	0	0	0	0.0891
8	23097810	16797522	17021065	22836709	1974	1974	0	0	0	1407	10552	15064	15417	16734	18281	22489	26204	28414	38973	44818	55826	81655	84112	94644	150635	228007	286965	305791	394154	479642	538728	609234	690280	671882	883552	906373	1047288	1131986	1520532	1790421	3392752	8736786	51381366	4052142	0	0	0	0.0899
9	22958343	16742350	17045235	23008444	708	708	0	0	0	892	10098	14486	15136	16071	17764	22379	25696	28226	38965	44864	55646	82604	84708	96009	152031	228646	288844	305522	395468	476803	537899	610212	686385	670051	883012	909760	1053019	1146188	1544354	1819685	3452783	8843277	51132361	4064528	0	0	0	0.0875
10	23267222	16596375	17233678	22657359	446	446	0	0	0	984	10368	14898	15130	16487	18533	22834	26817	29211	40648	46912	57633	85172	87500	99156	156442	231073	291587	308567	399061	477811	538599	611729	683801	674379	886154	917407	1065970	1163689	1577435	1868719	3520546	8957281	50748324	4103777	0	0	0	0.0886
11	23298146	16583668	17241868	22629086	2312	2312	0	0	0	1810	10824	15612	15929	17553	19442	24115	28526	31026	42710	49696	60077	89156	89737	103282	160225	235499	296915	311464	403498	476631	539417	611623	680017	675834	888907	926671	1077778	1188292	1617247	1917822	3607973	9091555	50266170	4179735	0	0	0	0.0937
12	23214207	16758022	17231610	22544666	6575	6575	0	0	0	2909	11695	16211	16795	18822	20818	25815	30132	32701	45551	52207	63073	93198	93960	108067	166305	241067	304311	314926	411945	481581	544238	618520	683105	683593	898657	937927	1097931	1215724	1656257	1966753	3686676	9212492	49784619	4209924	0	0	0	0.1026
13	23295605	16682775	17286939	22486533	3228	3228	0	0	0	1723	12149	16794	17114	19366	21376	27019	31809	33812	47520	54870	65180	97265	96229	113178	169958	244917	309489	317309	417779	481978	547303	621977	683546	688189	903229	945427	1109858	1231138	1683010	2001130	3740683	9305386	49479224	4214918	0	0	0	0.0997
14	23202535	16723864	17284197	22541697	2787	2787	0	0	0	3028	13229	18007	19185	21217	23352	29471	34009	36489	50887	58521	69033	103417	100687	119112	177767	252411	317710	325707	428986	489258	553798	630518	686393	695240	911117	956330	1124898	1250467	1716921	2040169	3801948	9399090	49095838	4198083	0	0	0	0.1042
15	23093515	16853081	17305243	22455172	48069	48069	0	0	0	3374	14756	19921	20857	23096	25228	31317	37010	39256	53868	61992	72397	107497	104007	124412	181836	255156	320974	326547	431382	488624	552913	632353	685819	700531	915821	966019	1141278	1279145	1753624	2099711	3888893	9509883	48524513	4313001	0	0	0	0.1652
16	23129767	16815708	17371499	22436230	1876	1876	0	0	0	4686	23171	31003	31322	34722	37635	45381	51962	54598	72616	83251	93686	137228	129905	158161	214590	256899	324374	329139	433530	488825	553277	632653	685264	706385	922483	975063	1155002	1302053	1789005	2142270	3963149	9613493	47944830	4331593	0	0	0	0.1321
17	23077625	16845917	17415943	22413111	2484	2484	0	0	0	5457	24315	32471	32688	36079	38815	47096	54810	56560	75924	86395	96222	143237	132769	163989	221697	263991	332674	335444	444994	493923	561681	642923	690949	711589	928226	983952	1164282	1308950	1809428	2162931	3993725	9672685	47714008	4287717	0	0	0	0.1370
18	22952521	17028261	17411090	22361168	2040	2040	0	0	0	6179	25814	34232	34793	38266	41253	49573	57322	59629	79404	91659	100599	147514	137966	168712	227198	269045	338773	339533	450200	496585	564781	647318	693538	718681	936044	997379	1182164	1337007	1845540	2208959	4061163	9771366	47258851	4336000	0	0	0	0.1415
19	22965564	16978865	17488162	22320773	1716	1716	0	0	0	6933	28709	37406	37958	41869	44516	53858	62310	63831	84613	97543	106224	156409	144195	178126	235427	277380	348762	347727	461854	505469	573667	656164	701113	729422	952903	1014619	1203647	1365166	1885984	2260724	4142396	9865594	46723638	4357208	0	0	0	0.1492
20	22966343	16971047	17497749	22314893	5048	5048	0	0	0	8644	30769	39868	40451	44991	47967	57550	66779	67718	89901	103337	111610	164556	149495	187156	244491	286229	360203	356608	476814	513318	583926	670612	711045	741670	967386	1030026	1222554	1386504	1923611	2301445	4195179	9952639	46278218	4336762	0	0	0	0.1610
21	22887225	17057855	17525169	22222749	62082	62082	0	0	0	9064	33985	43329	44146	48829	52011	62655	71320	73128	95887	109786	118013	172182	158115	197284	254454	294332	369466	362380	483436	519692	590944	680153	714747	757764	981428	1052908	1254789	1430115	1975511	2373617	4297137	10055821	45515596	4438974	0	0	0	0.2412
22	22955368	17043248	17606068	22149479	917	917	0	0	0	16458	39601	47618	48011	52954	56553	66324	76824	77726	101866	117008	124261	182190	164472	206532	263364	303035	381963	371236	497745	528835	600723	691964	726120	773602	999126	1069753	1277443	1459161	2014394	2418644	4358557	10129944	45063207	4446949	0	0	0	0.1780
23	22969888	17015354	17606507	22160345	2986	2986	0	0	0	12618	41920	51282	51842	57000	59798	71031	82072	82240	107271	123452	130621	191491	170868	216947	274010	312292	393470	380107	510082	538275	611809	705097	736331	783792	1015527	1088054	1296704	1481670	2044469	2457387	4410398	10199005	44622080	4441082	0	0	0	0.1869
24	22861276	17157947	17596839	22136335	2683	2683	0	0	0	13643	43652	53748	53982	59191	63123	75064	86662	86649	112750	129480	135454	198723	177176	224987	282003	320405	403223	387637	522743	545044	621211	717531	743557	799326	1029488	1104918	1317947	1507169	2078837	2501757	4469603	10260411	44155480	4469823	0	0	0	0.1934
25	22901524	17124065	17665905	22061802	1784	1784	0	0	0	15384	49740	59713	60013	65899	69625	81251	93351	93322	119763	137278	144061	209186	186478	236902	291877	329608	413987	398214	534798	556287	633134	730152	754930	816812	1050422	1126947	1346932	1545486	2123686	2556976	4544143	10334366	43531073	4511500	0	0	0	0.2060
26	22884867	17083659	17683676	22095130	7748	7748	0	0	0	19736	51104	61703	62179	68581	72636	85458	98087	97408	126969	144826	149248	219035	193921	246090	303116	339371	427802	406163	550862	565317	642847	742332	764178	829690	1064243	1141987	1365515	1566342	2156612	2591068	4588585	10381509	43122057	4500755	0	0	0	0.2222
27	22772708	17204277	17685338	22083783	8974	8974	0	0	0	19527	56137	66630	67100	74196	77581	91606	105378	103707	134531	153388	158233	229589	202370	259041	314666	350655	441655	418810	566095	576364	656901	758475	779972	847865	1086324	1165732	1393382	1598910	2199763	2641216	4650890	10446642	42530134	4522641	0	0	0	0.2354
28	22844815	17174515	17744150	21987675	3925	3925	0	0	0	19734	59049	69018	70209	77559	80864	95149	109097	108322	140021	159276	163542	238273	208060	267708	322852	358663	452086	424775	576729	584908	665115	767913	787309	860535	1101496	1181501	1415002	1624911	2229229	2677362	4697816	10496740	42133058	4527274	0	0	0	0.2363
29	22844487	17138597	17741266	22029286	1444	1444	0	0	0	22367	63517	74734	75526	82764	86733	101848	117035	115003	147808	167651	170570	248764	216463	278792	334838	368001	463603	434841	591785	595764	679235	786867	798921	876902	1120083	1203943	1438076	1650936	2267628	2717146	4742020	10534702	41658591	4520179	0	0	0	0.2463
30	22741890	17241053	17762013	22007522	2602	2602	0	0	0	23968	67370	78410	78965	86768	90087	105259	121335	118742	153856	173695	176764	257296	223228	289259	343806	376991	475171	443690	602659	603354	687094	796888	809707	888586	1133523	1218258	1453378	1671261	2291357	2749374	4783407	10573644	41282344	4522984	0	0	0	0.2569
31	22811070	17190631	17827321	21923744	2314	2314	0	0	0	26647	72101	83764	83881	92451	95489	112326	129084	125727	161187	183289	184875	267300	231792	300952	354677	387088	487065	454649	617747	615280	701092	810727	821738	905658	1153220	1238547	1480038	1697256	2324486	2792197	4833530	10611738	40773894	4541274	0	0	0	0.2697
32	22807169	17178192	17818273	21949395	2051	2051	0	0	0	29656	79531	89189	90173	99199	102222	120170	137488	132775	170602	193160	196059	279935	242743	313739	367296	398805	502682	466566	633997	630632	715168	828588	837212	927887	1174693	1261592	1508784	1735213	2361938	2839658	4886060	10645072	40195128	4559417	0	0	0	0.2854
33	22705610	17298756	17830860	21914292	5562	5562	0	0	0	34446	84945	95681	96320	105161	108682	126815	144811	140205	178758	202254	203701	291662	251227	326595	379588	410363	516488	476016	648872	642017	728592	842741	852827	944913	1191927	1281870	1533723	1761519	2397082	2876218	4928324	10668233	39689351	4587591	0	0	0	0.3053
34	22743093	17253355	17875330	21869960	13342	13342	0	0	0	40003	90226	101921	101329	110901	114759	133385	151369	146415	186969	210534	212091	304066	261246	339898	391889	422132	528594	487859	664212	654123	741395	858820	865463	960233	1211982	1302551	1555485	1785976	2427720	2913450	4974510	10697356	39212642	4580234	0	0	0	0.3303
35	22681473	17266780	17876299	21909637	20891	20891	0	0	0	47196	102253	113979	113161	123887	127182	146967	167251	160029	205267	229542	229648	325987	277910	364411	414426	444000	553621	510648	692606	675310	769628	889735	889540	991704	1251876	1339780	1597345	1832115	2484334	2977048	5038635	10736041	38329439	4581688	0	0	0	0.3699
36	22655617	17340046	17878772	21878028	2617	2617	0	0	0	42619	105803	116593	115950	126817	129252	150035	171363	164267	207507	232902	232490	329324	281167	368514	418016	448020	560787	514470	700122	681317	774082	894352	891233	997875	1254170	1345972	1606464	1839506	2493269	2988226	5057675	10749680	38159567	4603057	0	0	0	0.3507
37	22667398	17305199	17946403	21774616	61464	61464	0	0	0	44977	110349	120607	120113	130077	132568	154229	175680	167751	212451	239010	235765	336792	286806	376160	423639	452583	567314	519554	707111	686633	778088	902173	899021	1005687	1263930	1355238	1612444	1852566	2506947	2999879	5064377	10738757	37924495	4589845	0	0	0	0.4339
38	22664855	17308834	17936112	21842298	2981	2981	0	0	0	48994	116507	126857	126005	136692	138992	159752	183751	174563	222438	248384	244334	347865	294426	389117	436760	465088	579298	529509	722820	698860	790843	915665	913435	1021648	1281173	1372199	1636952	1873955	2530852	3031765	5094723	10752799	37553323	4591755	0	0	0	0.3760
39	22597725	17386171	17937435	21829973	3776	3776	0	0	0	50877	122230	131925	130912	142749	144421	167048	190501	180641	229839	255624	251854	359100	302573	399737	446571	473518	590360	539551	735150	707027	802447	930646	924877	1033933	1299774	1390338	1653051	1896270	2557400	3057493	5125081	10764904	37162749	4600133	0	0	0	0.3898
40	22638406	17352885	18001730	21759087	2972	2972	0	0	0	54911	130490	139035	138215	150650	152326	175868	199165	187340	237695	266023	260846	370470	312224	412766	457406	483096	604708	552364	750295	720214	813774	943402	940004	1050048	1314901	1405507	1676095	1917349	2580506	3081899	5149703	10768279	36757515	4597019	0	0	0	0.4065
41	22636634	17337575	17998146	21779869	2856	2856	0	0	0	60243	143378	151901	149512	161877	162879	186358	211955	198254	251827	279300	274175	386289	327332	430021	474000	497869	622959	565452	768284	738118	834601	964271	957764	1074830	1340437	1429732	1703845	1951541	2613508	3118697	5182714	10763485	36152811	4622005	0	0	0	0.4329
42	22555897	17437770	17993029	21763845	4539	4539	0	0	0	64470	149448	157690	155246	168458	168708	193064	220524	206405	260165	288651	283548	396826	335345	443639	488037	509256	636739	577299	784001	749736	846886	977841	971427	1089566	1358574	1451328	1723520	1969938	2639226	3146209	5209327	10766131	35754469	4608844	0	0	0	0.4504
43	22567237	17395899	18043541	21735315	13088	13088	0	0	0	68280	157681	165770	163016	175712	176459	201540	228619	213836	270336	299716	291688	409281	345811	456819	499801	520394	649943	587888	799019	762673	861423	992115	985341	1105955	1373661	1467192	1744567	1993507	2659631	3173681	5232519	10761629	35333626	4612863	0	0	0	0.4792
44	22541511	17384531	18049862	21774979	4197	4197	0	0	0	74256	169115	175233	172137	185321	184991	212966	239427	223048	281034	311624	302672	424050	357250	470904	512913	532695	665238	600211	815155	776927	874691	1009832	1002894	1123851	1395132	1484117	1764545	2018328	2685435	3200181	5253367	10753486	34893250	4604607	0	0	0	0.4911
45	22477835	17502037	18028976	21738092	8140	8140	0	0	0	80581	181475	187595	183267	197045	196345	223616	253422	235238	295317	325076	316826	441147	369242	488903	529495	546854	681588	616739	834805	792788	891298	1031645	1018523	1142658	1416695	1506808	1788730	2039694	2709929	3228087	5272046	10744020	34378673	4600770	0	0	0	0.5231
46	22483803	17473646	18132650	21654943	10038	10038	0	0	0	85604	194594	199147	193815	207402	206555	233666	264761	244485	305624	338990	327997	456441	382050	506338	543471	560289	698834	630015	853100	807572	908736	1049236	1035506	1160867	1436948	1526260	1809346	2066872	2737540	3258610	5310047	10724896	33892667	4586761	0	0	0	0.5502
47	22486484	17477115	18085486	21701874	4121	4121	0	0	0	92112	203857	207737	202623	217013	214469	243565	274712	253162	316474	349337	337766	467626	392014	517994	556477	572976	711612	640677	865748	821288	919545	1063377	1048150	1177622	1453145	1543225	1830786	2086980	2751507	3277256	5320429	10708909	33510242	4600547	0	0	0	0.5640
48	22412785	17570804	18097119	21670950	3422	3422	0	0	0	95862	213114	215918	208325	223162	220741	248957	282200	258047	324814	357091	346065	476128	398696	528351	566717	579305	720184	648517	873472	829869	929173	1073596	1058186	1184813	1466160	1553995	1842689	2099095	2767114	3291316	5323125	10697744	33250030	4599087	0	0	0	0.5792
49	22527992	17528080	18107037	21588419	3552	3552	0	0	0	101282	225374	227958	220339	233593	230483	260787	293030	269524	334957	368828	356715	488606	412703	542276	579807	591149	736127	663658	891008	842821	940949	1086701	1070576	1203257	1482855	1568133	1859825	2116518	2781976	3309505	5328433	10669941	32869772	4592062	0	0	0	0.6044
50	22437397	17503560	18172417	21634006	7700	7700	0	0	0	121203	282607	295534	279772	294214	283242	318542	356254	316261	399038	435693	406661	568528	456317	620599	641905	652394	806533	716688	974700	909784	1001078	1162557	1149582	1265753	1572212	1654328	1946468	2219771	2899153	3450073	5465745	10561274	30720585	4542332	0	0	0	0.7351
