#Name	E:\SaveData\2016-10-18_15_18_08_1001160117_R0024_A_CL100007988_BGI12070_WESPE_result\\CL100007988\L01\CL100007988_L01_13_1.fq
#PhredQual	33
#ReadNum	52321395
#row_readLen	50
#col	48
#BaseNum	2616069750
#N_Count	456673	0.017456
#GC%	43.69
#Q10%	99.48
#Q20%	97.37
#Q30%	89.37
#EstErr%	0.252504
#Pos	A	C	G	T	N	0	1	2	3	4	5	6	7	8	9	10	11	12	13	14	15	16	17	18	19	20	21	22	23	24	25	26	27	28	29	30	31	32	33	34	35	36	37	38	39	40	41	Err%
1	17751044	11034266	11765880	11730506	39699	39699	0	0	0	848	15093	25739	24326	24495	24349	26048	27462	28320	33228	37294	41391	55087	56583	64660	85076	135247	167906	184946	237233	311386	356812	405044	481160	436959	565186	540246	580003	571285	732331	871055	1691776	4586815	36734351	2121956	0	0	0	0.1929
2	15734342	9285696	12422119	14813731	65507	65507	0	0	0	27366	22674	25345	22350	22704	23480	26144	28472	29767	37299	42114	48479	67083	67531	77198	108865	161791	198939	212846	271237	331624	373129	420636	480099	457941	595953	600476	676050	711249	940828	1120477	2121334	5373501	34193054	2337853	0	0	0	0.2714
3	14939837	11081960	11124586	15135396	39616	39616	0	0	0	3084	16369	20867	19184	19492	19755	22145	24250	25415	32092	36630	42980	60420	61781	69584	102035	156361	193585	210618	267790	333833	375330	422294	484136	457213	594790	591198	663334	693907	907297	1077945	2040853	5276478	34575660	2383074	0	0	0	0.1901
4	15154735	11004969	11314417	14845643	1631	1631	0	0	0	513	9176	13993	13843	14497	15436	17798	20078	21824	28265	32254	39024	55191	57214	64537	97362	150525	187233	204341	258839	326247	365977	410942	474313	450080	581235	583073	655476	689166	900220	1071465	2036561	5295134	34702276	2475656	0	0	0	0.0992
5	15064364	10845065	11680804	14666524	64638	64638	0	0	0	2654	12027	15328	14296	14311	14765	16736	18919	20658	26860	31207	37853	53334	56120	62483	95833	147997	184580	201071	256311	320936	361386	406230	467961	445802	579687	584170	660476	698605	915957	1094935	2070702	5377255	34478617	2510695	0	0	0	0.2223
6	14992062	11085623	11407212	14835652	846	846	0	0	0	681	8869	12911	12655	13279	14244	16592	18723	20709	26656	30740	37445	53477	56042	62392	96559	148507	184654	201169	255872	320936	360000	405477	465271	445040	579986	586920	666204	709811	935761	1121622	2119277	5465541	34336329	2530198	0	0	0	0.0947
7	15176636	10888788	11667505	14587942	524	524	0	0	0	539	7162	10423	10862	11693	12958	15089	17247	19179	25485	29304	36702	52417	54760	61549	96122	147342	183326	199686	255421	316729	357227	402106	460440	442470	578309	585582	671058	716639	947236	1135698	2147814	5522521	34223142	2566634	0	0	0	0.0890
8	14925648	11126666	11160752	15107014	1315	1315	0	0	0	964	6861	10139	10158	11023	12064	14507	16927	18648	25166	28641	35679	51752	54394	61125	96626	146396	184313	198671	254602	314019	355123	399320	454739	438728	573991	583944	671177	723787	964350	1152398	2181414	5603096	34063723	2601615	0	0	0	0.0894
9	14836219	11080837	11190225	15213547	567	567	0	0	0	642	6581	9483	9652	10577	11568	14034	16574	18047	24507	28504	35446	51913	53774	60971	95937	146322	184300	198360	254626	311623	351377	396853	449982	436915	572291	586156	675734	730292	976550	1168073	2213780	5667550	33927055	2624779	0	0	0	0.0864
10	15040569	10993497	11328502	14958508	319	319	0	0	0	670	6706	9780	9979	10907	12048	14725	16993	18447	25412	29491	36542	53415	55163	62595	98355	146560	185540	199271	255419	310603	351250	396187	447395	438900	573285	590006	681248	741750	994641	1193903	2253396	5733369	33699400	2667725	0	0	0	0.0873
11	15077131	10976820	11343962	14921886	1596	1596	0	0	0	1177	6884	9853	10348	11368	12494	15396	18076	19683	26800	30621	37840	55049	56688	63594	100291	148418	188052	199386	257019	308525	348588	394366	444707	437669	574326	592329	689221	755581	1018102	1222141	2305790	5824405	33403381	2731631	0	0	0	0.0917
12	15020027	11094572	11325530	14876782	4484	4484	0	0	0	1903	7422	10524	10597	11760	13166	15946	18828	20254	27850	31927	39396	57521	58668	66960	103641	151539	191502	202906	261738	311717	351213	397199	444493	441394	577296	598984	699064	772884	1042209	1251473	2353182	5894922	33113403	2763430	0	0	0	0.1001
13	15079160	11048398	11358250	14833145	2442	2442	0	0	0	1134	7644	10732	11181	12198	13570	16544	19526	21024	29210	33600	40277	59391	60145	69582	105783	153256	193577	202421	262986	311270	350528	399159	442591	442830	578781	601317	704759	778054	1055669	1267885	2380671	5960937	32940929	2779792	0	0	0	0.0973
14	15026995	11072445	11345885	14873998	2072	2072	0	0	0	2054	8439	11528	12225	13407	14538	18004	20706	22447	30744	35418	42239	62758	61699	72408	109050	157604	197918	206719	267838	314664	353888	402545	445269	446453	584355	608703	713675	790767	1074007	1288369	2416297	6015146	32717382	2780060	0	0	0	0.1009
15	14951426	11154654	11362715	14818584	34016	34016	0	0	0	2163	9065	12199	12650	14295	15563	19234	22560	23741	32510	37059	44099	64476	64598	75846	111006	157802	200150	207591	268911	310905	353778	402700	442194	448071	583782	612871	723851	807634	1098476	1325113	2471439	6087253	32357702	2866092	0	0	0	0.1649
16	14968966	11141431	11413699	14795882	1417	1417	0	0	0	2723	14496	19383	19385	21449	23175	27379	31636	33087	43716	50407	56852	82122	80264	95749	131518	159872	200227	207542	269873	312450	353899	402067	440956	449984	586632	618243	731229	822421	1117615	1355590	2514341	6154153	31997495	2892048	0	0	0	0.1259
17	14939470	11153480	11438987	14787551	1907	1907	0	0	0	3353	14791	20101	20206	22191	23771	28556	32675	34096	45012	52113	58825	85894	81378	98340	135310	162532	205417	210843	275963	315718	356750	407132	442762	452144	590112	624405	734088	825005	1128545	1364824	2529216	6193518	31873542	2870360	0	0	0	0.1301
18	14856043	11267844	11426149	14769814	1545	1545	0	0	0	3494	15841	21078	21367	23197	25126	29622	34236	35716	47449	53937	60794	88419	84282	101686	137653	163871	208862	213585	278656	316317	358589	407571	442684	456541	595248	628397	743907	840962	1148899	1391061	2573187	6256265	31605495	2905856	0	0	0	0.1334
19	14878684	11229536	11488999	14722796	1380	1380	0	0	0	4018	17116	22843	22895	25182	26978	32279	36762	38044	50194	57753	64038	92495	87373	105703	143611	170135	214260	216851	284308	319649	363377	413904	446280	463059	602369	639138	759302	858368	1177059	1422414	2620928	6323720	31269126	2928484	0	0	0	0.1398
20	14887978	11218736	11490543	14720553	3585	3585	0	0	0	4856	18627	24069	24705	26711	28704	34185	39426	40268	53103	61150	67226	97480	90627	111488	148163	174964	220735	221525	292075	325577	367484	420839	450876	469446	609381	647694	769898	873616	1195612	1444282	2655258	6384113	30999685	2923962	0	0	0	0.1506
21	14828064	11284137	11498959	14668842	41393	41393	0	0	0	5050	20383	26424	26718	28951	30776	36714	42081	43262	56266	64877	70590	101171	96014	117105	152975	178842	225166	225733	296572	327807	372668	425054	454605	480139	619089	660532	789998	899655	1228816	1494543	2723406	6450925	30508865	2998230	0	0	0	0.2303
22	14874607	11270835	11556455	14618856	642	642	0	0	0	9231	23353	28465	28556	30903	32754	39286	44585	45921	59775	68010	74199	106582	99222	122138	158687	184294	231152	230943	303999	332270	376118	431992	458568	486679	628840	670258	801465	917438	1254532	1522863	2762632	6509722	30236529	3008792	0	0	0	0.1633
23	14884363	11252208	11551239	14631342	2243	2243	0	0	0	6977	24822	30848	30723	33512	35194	41759	47783	48361	62546	71694	77108	111078	102524	127861	163978	189066	238757	234873	310744	337220	382962	438137	463890	492524	636491	680273	814254	931192	1275647	1545465	2795379	6558057	29962004	3015449	0	0	0	0.1720
24	14808159	11354436	11541335	14615474	1991	1991	0	0	0	7364	25433	31917	32024	35156	37011	43597	49927	50180	65133	74687	80235	114952	106913	132755	168942	193670	243306	238828	317100	340665	386806	444345	470048	500531	645219	689704	826813	946165	1296037	1572256	2833193	6598972	29681052	3038468	0	0	0	0.1768
25	14839707	11335134	11583228	14562059	1267	1267	0	0	0	8117	29100	35439	35801	38218	40460	47058	53659	54436	70095	79511	85234	121547	111568	138594	174730	198807	250038	245964	324848	347064	394408	453098	477198	511610	656484	701604	845629	971451	1327810	1607865	2877087	6653312	29276072	3076212	0	0	0	0.1874
26	14820884	11301570	11594622	14598767	5552	5552	0	0	0	10860	30168	36623	36994	40039	42340	49456	56740	57040	73058	84066	88621	126350	115303	144767	180139	205436	257751	250803	332602	352034	399512	458594	481557	518128	664747	712090	854750	982252	1343197	1630573	2906237	6684899	29033769	3074348	0	0	0	0.2037
27	14744468	11395059	11583228	14592061	6579	6579	0	0	0	10688	32349	39148	39464	42801	45365	53213	60893	60614	78109	88470	93357	133648	120723	151216	188342	211472	266056	258118	341864	360061	408000	469770	488265	529370	676971	726485	871596	1004364	1369896	1662439	2948883	6735650	28648765	3098391	0	0	0	0.2151
28	14783846	11381336	11616766	14536885	2562	2562	0	0	0	10482	34201	40723	40763	44879	46895	54903	62767	62832	79945	91504	96045	137402	124154	155836	191637	215581	270891	261127	347159	364067	413479	474455	492248	537567	685795	737740	884955	1018442	1391874	1686381	2982793	6768578	28407383	3103350	0	0	0	0.2130
29	14790048	11346626	11609881	14573694	1146	1146	0	0	0	11861	36877	43420	43983	47998	50026	58261	66786	66264	84578	96701	100320	143482	129225	162877	198946	222186	278982	267767	357216	370764	420918	484748	500560	544845	697669	748067	898830	1033799	1410602	1710450	3012906	6801353	28116762	3100220	0	0	0	0.2215
30	14738568	11417544	11620150	14543282	1851	1851	0	0	0	12609	38711	45391	46039	50027	52124	60666	70111	68877	88723	99695	103964	149396	132250	168267	204252	225756	283558	270931	363718	375035	425977	490863	506952	554263	705875	756828	908531	1047086	1429640	1730479	3034750	6827938	27879750	3110512	0	0	0	0.2306
31	14774018	11382619	11672457	14490600	1701	1701	0	0	0	14280	41727	48654	48329	53189	54919	64401	73184	72904	92302	104162	109075	153909	137408	174059	209745	232197	291685	276229	370570	380549	432807	499124	514231	563834	716922	770669	923448	1066545	1450735	1758631	3069755	6863658	27558486	3127372	0	0	0	0.2415
32	14760921	11375470	11660732	14522718	1554	1554	0	0	0	16102	45598	52403	52684	57026	58854	68617	78389	76805	97984	110434	113907	161928	143475	183196	217680	239615	299407	285881	381395	388358	443595	509689	522786	576228	730007	786888	943515	1088385	1476468	1788242	3109317	6891035	27181172	3142776	0	0	0	0.2558
33	14708419	11449126	11667049	14492619	4182	4182	0	0	0	18562	48995	55497	55924	60943	62697	72717	82881	81063	102937	115657	119808	168201	149776	190831	225006	245514	308207	292038	389445	396153	450457	517956	531588	587619	742723	798191	960699	1106895	1496975	1812704	3138245	6916082	26847163	3167064	0	0	0	0.2744
34	14732015	11427486	11691155	14461454	9285	9285	0	0	0	22114	51990	58890	58261	63821	65598	76552	86934	84594	107021	120531	124922	175124	154272	197427	232719	252532	316520	298848	398881	403611	457935	526897	538783	597346	752799	808967	972081	1123785	1518843	1838156	3166739	6934839	26560287	3163491	0	0	0	0.2971
35	14692257	11432347	11677312	14505122	14357	14357	0	0	0	26277	59268	65905	65800	71380	73291	84494	95933	93315	117967	132236	134327	188826	165830	212688	246747	266275	332964	312394	418517	418389	474261	545623	555098	617574	775854	832822	1000634	1152291	1555736	1879598	3217298	6972413	25978152	3166861	0	0	0	0.3345
36	14664321	11484789	11695588	14474847	1850	1850	0	0	0	22598	60099	67856	67479	72654	74207	85813	97698	94089	119303	133457	135816	190910	167629	215138	248417	268050	335208	314818	418843	421296	477264	549069	557292	619433	780713	836494	1004647	1159158	1563041	1887886	3230331	6981305	25874218	3187316	0	0	0	0.3119
37	14675576	11464516	11728337	14412050	40916	40916	0	0	0	23711	62970	69378	69067	74901	76430	88355	100751	95970	122559	136910	138655	194772	170256	219389	251837	271669	340170	317287	424487	423473	480242	552152	560959	624971	783351	842262	1011851	1163249	1569658	1896287	3231501	6984622	25729422	3176955	0	0	0	0.3944
38	14670716	11462885	11721785	14463660	2349	2349	0	0	0	25684	66555	73261	72470	77991	80267	91409	104707	100179	127016	142566	143508	201160	175507	225843	258793	277478	346824	323001	433577	430738	487299	561830	568909	634071	796301	853299	1024389	1180082	1588679	1916470	3254960	6994573	25496131	3183519	0	0	0	0.3337
39	14626405	11508202	11724375	14460005	2408	2408	0	0	0	27025	70198	76212	75058	81370	82677	95409	109038	103770	131127	146748	147291	206813	180397	232427	265439	283469	353492	330316	442180	436533	495153	571716	577220	644130	805789	863712	1035351	1195993	1602763	1933785	3273493	7012832	25233643	3196418	0	0	0	0.3453
40	14651922	11499623	11760789	14407190	1871	1871	0	0	0	29070	74609	80371	79580	85335	86789	99845	113680	108325	136810	152306	152602	213419	185732	240165	271984	288275	360841	334969	450859	444374	502587	580208	584897	653361	817111	876382	1049066	1207145	1619431	1951225	3290846	7020691	24980207	3196427	0	0	0	0.3593
41	14649062	11492850	11748504	14429186	1793	1793	0	0	0	32192	81274	87650	85711	92446	93781	107519	121428	115793	144081	161213	161632	223202	194143	250067	282801	298502	371456	346083	460449	455311	512925	591739	595844	668727	833448	891014	1069100	1228309	1643429	1981432	3317523	7018349	24585951	3215078	0	0	0	0.3829
42	14602198	11548492	11755671	14412156	2878	2878	0	0	0	34580	85010	91012	89575	96331	97113	110749	125598	119402	150152	166461	166090	230455	200057	259055	288776	305202	377823	351152	469915	462616	521127	600592	605153	678086	842727	901359	1084528	1246062	1658437	2000308	3339131	7029468	24325311	3209104	0	0	0	0.3987
43	14604122	11528702	11788182	14391709	8680	8680	0	0	0	36644	90255	95129	93409	100639	101297	115965	131003	123399	154643	172655	171811	236981	206571	266157	296498	311564	388302	359137	478325	469726	528420	611422	612289	687569	855741	913931	1094194	1260229	1674230	2016904	3354955	7033031	24055950	3213740	0	0	0	0.4255
44	14597663	11508178	11779599	14433204	2751	2751	0	0	0	39968	96787	101346	98800	106778	106289	121602	138215	129563	161290	179758	178851	245073	213118	274536	305456	319686	398097	367295	491326	478595	540863	621098	622930	699072	869718	926578	1108593	1275778	1692079	2033959	3372259	7036808	23760189	3206291	0	0	0	0.4351
45	14540239	11598054	11780074	14397297	5731	5731	0	0	0	43756	104250	109575	106063	113675	113273	129239	144369	136381	170170	188101	185485	255749	220609	286609	315971	328985	410101	376359	503253	487007	549016	633582	632916	711434	883018	939565	1124068	1291828	1709443	2055882	3391599	7031806	23424261	3208266	0	0	0	0.4661
46	14563394	11582047	11818881	14350479	6594	6594	0	0	0	45923	110755	114879	111474	118861	119283	134485	152660	142369	177277	195357	193687	264585	228249	295834	324809	336789	419912	385296	514001	498334	558843	644630	643059	722133	896046	953802	1139617	1309476	1730470	2079621	3415991	7030183	23103222	3202889	0	0	0	0.4877
47	14555354	11574541	11796985	14391557	2958	2958	0	0	0	49502	116581	120811	117252	124817	123950	139453	158214	147673	183041	202395	199096	272433	234719	303031	331554	343091	427692	392518	521531	504716	569051	652898	652085	733173	906152	962297	1152456	1322333	1739272	2091368	3425261	7028732	22860500	3208789	0	0	0	0.5004
48	14495620	11646353	11799630	14377297	2495	2495	0	0	0	51405	121911	124910	120426	127553	127697	144083	161386	150804	187693	206838	203997	276782	239212	309654	336603	348740	431702	397973	528514	511121	572568	660427	657616	740809	912916	968746	1157085	1332802	1747611	2099395	3428516	7023521	22695752	3212132	0	0	0	0.5131
49	14561054	11626230	11805516	14326332	2263	2263	0	0	0	54521	129675	131092	127212	133909	133238	149779	168631	156208	194699	213891	210060	284442	246028	318147	344958	356746	441064	404713	536787	520056	583528	669296	667825	749844	922719	979981	1171269	1343247	1759032	2112811	3436360	7010427	22448633	3208304	0	0	0	0.5347
50	14515004	11590495	11856590	14353581	5725	5725	0	0	0	65720	165481	174442	165016	172383	166337	186288	208235	187401	235508	255803	244716	334699	276756	369140	386223	397395	487887	443494	590649	565660	623475	719351	720520	796107	985607	1041898	1238304	1418438	1847012	2218439	3539598	6949914	20971450	3166324	0	0	0	0.6621
