#Name	E:\SaveData\2016-10-18_15_18_08_1001160117_R0024_A_CL100007988_BGI12070_WESPE_result\\CL100007988\L01\CL100007988_L01_11_1.fq
#PhredQual	33
#ReadNum	82279073
#row_readLen	50
#col	48
#BaseNum	4113953650
#N_Count	760497	0.018486
#GC%	45.48
#Q10%	99.45
#Q20%	97.53
#Q30%	90.59
#EstErr%	0.251739
#Pos	A	C	G	T	N	0	1	2	3	4	5	6	7	8	9	10	11	12	13	14	15	16	17	18	19	20	21	22	23	24	25	26	27	28	29	30	31	32	33	34	35	36	37	38	39	40	41	Err%
1	27455981	18572618	19058281	17126453	65740	65740	0	0	0	1089	22911	40776	37586	37427	36494	38781	40633	40318	45725	51381	52657	69461	71433	82475	93096	154342	185842	201862	248271	323830	369118	440618	567717	577172	840949	922241	1196531	1251582	1436046	937321	1764845	7852474	53928397	8251932	0	0	0	0.1866
2	23989788	15458537	20162188	22558633	109927	109927	0	0	0	42334	32462	34603	30727	30460	30679	33539	36762	37706	44835	51577	56011	75887	76666	90750	112779	178752	218005	237675	297747	376092	426019	498598	608326	607965	845141	909604	1152623	1267133	1609833	1200459	2239522	9026325	52037301	7614249	0	0	0	0.2600
3	22841876	18575375	17638523	23158821	64478	64478	0	0	0	4780	22127	28330	25299	25379	25443	27887	30447	31292	38390	44549	49536	68506	70176	82299	107434	174224	214448	236522	296068	380314	432782	506845	623293	618860	863509	922803	1159146	1264808	1598723	1180056	2197884	8961676	52348622	7552138	0	0	0	0.1743
4	23297287	18256241	18018919	22703804	2822	2822	0	0	0	581	11142	17779	17406	18268	19428	21950	24714	26822	33181	39031	44486	62130	65101	76558	102378	167364	207598	230552	288308	374161	424853	497630	612641	607553	846711	906715	1137707	1249150	1589201	1188262	2213661	9064247	52348683	7740299	0	0	0	0.0824
5	23123106	17915041	18644281	22488223	108422	108422	0	0	0	4345	16358	20349	18610	18780	18928	21086	23934	25561	32050	37125	43374	60739	63964	73996	102140	168193	207487	229947	289301	373563	425829	497077	608948	605069	839440	898294	1131079	1246108	1610924	1224707	2288743	9220177	52059757	7664669	0	0	0	0.2150
6	22843921	18363861	18300151	22769699	1441	1441	0	0	0	882	11506	16983	16522	17070	17908	21016	23312	25412	32302	37744	43562	61107	64805	74810	103823	169642	210215	232420	294236	375982	429146	499957	610038	608357	839536	900675	1128824	1248401	1635396	1268328	2372438	9375644	51934638	7574995	0	0	0	0.0797
7	23255004	17945469	18800027	22277594	979	979	0	0	0	665	9211	14383	13990	15381	16381	19245	22569	23971	31217	36555	42476	61618	63447	74616	104783	168713	211856	233321	295151	376239	428382	500971	606994	605470	834085	894965	1121114	1245008	1652798	1297927	2430881	9523360	51736234	7564117	0	0	0	0.0756
8	22706664	18435716	17896745	23237252	2696	2696	0	0	0	1539	9004	13656	13652	14597	16045	18896	21720	23435	30571	36196	42966	61301	64047	74286	106205	170419	213345	234714	299374	378989	431829	502199	606326	604937	830478	890686	1113744	1242208	1665826	1327705	2492097	9659001	51544309	7520075	0	0	0	0.0775
9	22584797	18276933	18114866	23301523	954	954	0	0	0	845	8425	12800	12908	13789	15410	18417	21658	23184	30901	35671	42394	61380	63868	74731	108282	171447	214613	234969	300934	378683	431704	502712	602267	601089	825031	886104	1108840	1240614	1682869	1352976	2550647	9788321	51348950	7510686	0	0	0	0.0741
10	22931414	18124164	18419345	22803594	556	556	0	0	0	882	9105	13462	13489	14890	16066	19609	22601	24307	32241	37767	44732	65425	66319	78141	112865	175824	221002	239129	306242	380669	433504	506659	600529	603265	824903	886301	1107164	1243887	1706737	1400901	2629299	9934690	51005865	7500046	0	0	0	0.0757
11	22949657	18093550	18455590	22777315	2961	2961	0	0	0	1771	9682	14411	14406	15653	17159	20754	24035	25582	34592	40286	47245	68451	68909	82173	116653	180088	226021	243308	313307	383945	436775	509684	599058	604888	823192	883855	1104557	1247816	1724552	1450106	2721369	10086710	50582392	7552727	0	0	0	0.0813
12	22845279	18284808	18456772	22683975	8239	8239	0	0	0	3093	10509	15159	15331	16883	18143	22492	25709	27248	36844	42950	49720	72618	72274	86119	121984	185791	233836	247997	321921	390289	443710	516303	602276	608475	826585	889672	1110696	1257554	1750985	1498834	2807803	10225751	50187384	7527896	0	0	0	0.0911
13	22995391	18188373	18497204	22594167	3938	3938	0	0	0	1635	11135	15870	16306	17846	19465	23465	27044	29062	38646	45191	51590	76258	75094	89837	126914	189464	238269	252975	327564	393298	445793	521408	602533	611892	831446	891625	1112001	1262093	1772309	1531152	2868242	10343846	49928712	7485155	0	0	0	0.0875
14	22881063	18219525	18487476	22687112	3897	3897	0	0	0	3268	12451	17297	17554	19267	20969	25581	29558	31124	41862	48320	54827	80926	79262	94973	133022	196575	246478	258702	335901	399001	453130	529383	607770	616135	836480	897863	1114857	1269426	1792412	1563735	2930286	10443662	49656584	7416535	0	0	0	0.0920
15	22727605	18402385	18510924	22588381	49778	49778	0	0	0	3675	13858	19218	19507	21483	23213	27521	32001	33639	44531	51725	58445	85631	82141	100356	138161	199900	251898	262248	339561	399445	454740	529541	604088	618847	832205	896986	1118238	1277590	1811332	1620275	3024192	10569462	49114101	7549541	0	0	0	0.1520
16	22772930	18344856	18633736	22524800	2751	2751	0	0	0	4778	22159	30077	29917	32341	34579	40242	46298	47689	61629	71011	77281	110847	106002	129425	165733	202249	253990	263720	342536	401846	454925	530724	604115	621671	834051	900340	1119099	1289729	1831340	1669543	3107408	10683993	48622048	7532987	0	0	0	0.1173
17	22754665	18345851	18637909	22537054	3594	3594	0	0	0	5818	23806	32122	32134	34489	36539	42795	49086	49763	63712	73857	80101	116027	108368	134866	171517	208161	261740	269565	354381	410687	465120	541264	610920	627757	845186	906563	1128327	1292651	1847982	1689244	3141912	10751344	48460416	7407259	0	0	0	0.1233
18	22578317	18573905	18629387	22494623	2841	2841	0	0	0	6484	25442	33945	33543	36749	38560	45044	51466	52449	67681	78187	83078	120263	112461	139779	176589	212769	267600	274718	361264	412532	469034	544587	610330	632229	847378	913985	1131334	1302110	1869512	1735332	3214973	10863493	48068937	7442395	0	0	0	0.1270
19	22648554	18472159	18747665	22408233	2462	2462	0	0	0	7351	27921	36787	37049	39812	42013	48679	55925	56577	72271	83183	88196	127663	117694	147248	184712	220727	276816	281676	370281	419032	476385	555335	617568	642688	856464	924437	1144256	1321763	1900967	1787503	3301425	10983175	47606004	7417028	0	0	0	0.1337
20	22625457	18442702	18737884	22466447	6583	6583	0	0	0	9221	30464	39351	38997	42847	44581	52328	59278	59777	76926	87944	92968	135220	123127	155329	193125	229854	287751	289798	382617	428519	486478	566098	625018	651916	867367	936789	1155398	1335549	1926341	1828526	3365997	11069887	47254495	7342609	0	0	0	0.1457
21	22527785	18563913	18777830	22347014	62531	62531	0	0	0	9671	33912	42923	43149	46356	48720	55951	64679	64605	81567	94701	98588	142785	129939	162904	201076	235509	296089	297318	390258	434865	492477	573871	629996	662339	876929	947594	1172731	1362141	1961960	1901931	3481603	11206254	46544954	7426197	0	0	0	0.2219
22	22623914	18523018	18880759	22250052	1330	1330	0	0	0	16237	39112	47736	46357	50431	52158	60161	69354	68045	87738	99605	103607	149413	135100	171711	208994	245023	304996	304726	403593	443845	502755	584443	638099	675710	888092	963146	1188456	1380783	1993074	1949433	3554688	11300762	46151937	7398423	0	0	0	0.1595
23	22646546	18481323	18843877	22303146	4181	4181	0	0	0	13062	41576	51280	50564	54301	55447	64521	73315	73096	92825	105403	108595	157864	141339	179740	217927	252473	317580	312686	414460	452912	512819	597681	645702	685767	901639	975551	1201818	1397140	2016063	1991377	3618170	11376926	45767098	7356175	0	0	0	0.1690
24	22540941	18635424	18833277	22265658	3773	3773	0	0	0	14324	42938	53390	53303	57034	59418	67957	77807	76594	97743	111337	114261	164621	146688	186892	225432	259728	326270	321035	425468	459145	520635	608765	654408	696047	910986	985825	1213099	1412755	2041541	2035381	3685183	11459111	45354695	7355484	0	0	0	0.1751
25	22598384	18606759	18924098	22147367	2465	2465	0	0	0	16133	49695	59093	58552	62728	64270	74065	83822	82382	104174	118727	121839	173141	154140	197296	235419	269393	336628	329897	436624	468926	532422	618640	661158	711119	925269	1001448	1234940	1440536	2077917	2092718	3774674	11552760	44774173	7381890	0	0	0	0.1860
26	22577415	18528858	18941830	22220423	10547	10547	0	0	0	20967	51106	61547	60763	65535	67627	77628	88264	86706	109941	124435	126505	181869	161192	205698	244363	277532	347691	338870	449288	478141	541596	632666	670360	720447	938240	1015740	1247426	1453437	2099793	2130907	3825893	11613815	44426172	7326366	0	0	0	0.2044
27	22464266	18700230	18916832	22186269	11476	11476	0	0	0	20777	55824	66730	65591	70940	72675	83011	94711	91597	116652	132820	134038	192195	169464	216327	255446	286937	360804	348828	463451	488836	554584	643884	681552	736360	955419	1035328	1267231	1482922	2128375	2179737	3904445	11705510	43906143	7298453	0	0	0	0.2161
28	22545507	18657081	18991340	22080432	4713	4713	0	0	0	20483	58658	69534	68354	73863	75577	86664	99019	95716	121154	137621	138480	198101	173871	224342	263089	294734	368506	355053	475408	496072	560591	653345	690428	747153	966935	1048417	1282452	1495652	2156015	2220470	3963567	11767446	43541958	7285632	0	0	0	0.2142
29	22530778	18603497	18996182	22146485	2131	2131	0	0	0	23427	63776	74693	73428	78718	81168	92291	104433	101568	128523	145622	145543	208397	180631	233605	273658	303996	380723	364910	486892	506752	573542	666789	701473	761904	982196	1063766	1301299	1520411	2186011	2261269	4027383	11833729	43107376	7237040	0	0	0	0.2233
30	22436481	18740753	18992445	22105996	3398	3398	0	0	0	24731	67222	77875	77179	82620	84639	96913	109089	105227	133198	151210	150693	215689	187894	242245	279856	312201	389569	373557	497509	513281	582434	678293	709524	771536	994660	1076502	1315941	1535904	2206770	2297360	4069006	11875226	42766594	7223528	0	0	0	0.2331
31	22507625	18665064	19107156	21995939	3289	3289	0	0	0	27886	71810	83193	81868	87783	89322	101851	115787	111608	140309	158193	157505	225114	194608	253525	290857	321002	401102	382229	510869	523348	594406	691106	717676	785740	1010764	1094575	1332542	1557182	2236244	2345875	4138258	11924330	42296845	7220472	0	0	0	0.2449
32	22526254	18617472	19075242	22057122	2983	2983	0	0	0	31251	79581	89685	88070	94843	94751	109833	123788	118283	149398	166966	167443	236453	204504	265536	302001	332857	415434	393378	525443	537402	607238	706226	733261	803634	1028577	1114031	1358516	1589339	2272051	2395872	4208574	11987768	41746664	7197439	0	0	0	0.2602
33	22388783	18786746	19080038	22015728	7778	7778	0	0	0	35887	84731	95352	93533	100243	100943	115771	130690	124516	155578	175261	173404	245672	213305	275614	313196	342046	427700	403683	539090	547974	620295	718707	744870	819626	1046207	1130221	1378883	1612003	2298050	2442674	4269502	12023501	41266956	7205611	0	0	0	0.2797
34	22445628	18715173	19146003	21955459	16810	16810	0	0	0	41927	90058	101198	97706	104775	105188	121315	136172	129992	163097	183219	181179	255116	219605	286236	324043	352532	440244	414247	553608	558531	631633	733662	756008	831827	1058676	1147678	1396343	1629272	2327568	2480766	4324114	12066371	40854917	7163440	0	0	0	0.3042
35	22394552	18708155	19109487	22040931	25948	25948	0	0	0	48908	100846	112504	108397	117297	117578	133213	149412	141950	177849	197807	194572	274565	235470	305965	343055	371701	462540	433198	578242	580826	653754	760639	780283	862310	1095079	1177931	1437198	1676392	2369264	2555692	4432257	12105603	40078449	7082379	0	0	0	0.3418
36	22341649	18820987	19137383	21975691	3363	3363	0	0	0	43347	104491	114711	111706	118834	119793	136607	153443	144865	180786	202422	198872	279416	238513	311872	348078	374692	466548	437699	585281	583061	658406	765357	784840	864743	1097044	1181859	1440724	1678080	2376480	2569294	4453906	12126616	39914433	7108891	0	0	0	0.3174
37	22381536	18774794	19211936	21849220	61587	61587	0	0	0	45588	108843	119394	115673	122990	123225	139995	158419	148833	186112	206715	202664	285391	243567	318665	353228	380552	473047	441848	591177	590669	663571	773448	788969	872983	1106927	1191822	1452321	1690794	2390513	2586936	4465718	12136749	39639210	7100930	0	0	0	0.3973
38	22369619	18753149	19200745	21951252	4308	4308	0	0	0	49946	114612	125036	120359	129140	128943	146212	165025	155018	193547	215631	209367	296169	250671	329220	365332	389814	485802	450834	604781	600278	676985	784864	801092	885265	1123360	1210122	1466745	1711031	2416446	2619889	4506713	12172047	39293265	7081204	0	0	0	0.3414
39	22296610	18862852	19202366	21913088	4157	4157	0	0	0	51641	121348	130436	125540	135285	134892	152688	171813	160262	200900	222147	216798	304757	258650	338980	373976	399392	496886	460516	616676	610858	688022	798838	812324	900352	1135829	1225451	1485336	1730817	2438738	2655187	4551231	12191330	38912202	7064818	0	0	0	0.3539
40	22352893	18820210	19284162	21818298	3510	3510	0	0	0	56123	128265	137516	132539	141782	139846	158977	179238	167235	208724	232520	224613	315794	266964	350538	384759	409172	509102	470496	630394	620813	697047	808579	824615	914226	1150289	1241012	1504153	1749842	2459923	2688204	4591212	12217224	38512788	7051039	0	0	0	0.3687
41	22342371	18786452	19267558	21879201	3491	3491	0	0	0	60828	139929	148964	144127	152121	150167	169950	191049	177014	219358	244231	238374	329717	280110	365565	400009	422384	524362	486371	646699	636535	716100	829249	839799	937531	1175458	1265518	1531856	1782812	2494027	2736914	4655262	12231895	37915492	7035805	0	0	0	0.3924
42	22240405	18916653	19266757	21849818	5440	5440	0	0	0	64842	146826	155290	148897	157498	156076	176360	196956	182957	228138	253237	244908	339350	288101	377410	408568	432140	537383	494886	661962	648403	727171	845887	852794	951795	1191146	1281161	1551085	1804293	2514957	2768940	4697544	12237922	37541677	7007073	0	0	0	0.4089
43	22280011	18866612	19332503	21785021	14926	14926	0	0	0	68986	154967	162217	155128	164735	162887	183684	204872	190215	236754	262210	253464	350508	297259	387663	420040	442080	547556	504981	674542	661632	739342	858818	866748	966970	1208914	1296962	1567999	1825091	2537676	2800469	4740129	12240512	37147422	6980715	0	0	0	0.4366
44	22283221	18828701	19309470	21852737	4944	4944	0	0	0	75040	165705	172173	164240	173691	171119	191326	215592	198567	246289	273153	263184	362286	306554	402849	433828	454353	563259	518838	689947	674705	753659	874065	881778	982738	1227496	1317934	1589468	1847155	2558195	2837259	4777909	12248422	36711394	6949959	0	0	0	0.4457
45	22168499	18980343	19309015	21811135	10081	10081	0	0	0	81112	177560	183721	175496	184247	180697	203229	227596	208549	257985	285042	273692	378991	319159	417964	447137	467556	579122	530947	708360	688779	768331	892002	896185	1000585	1248678	1335862	1610604	1871039	2583478	2873647	4817379	12243469	36251579	6899213	0	0	0	0.4764
46	22216918	18947540	19392173	21710913	11529	11529	0	0	0	85104	188190	192685	183780	194282	189805	212512	236930	217882	269122	296510	285028	391521	329828	432137	461727	481556	594924	542359	725140	704046	784550	909539	912040	1017386	1267342	1357467	1633302	1895773	2606762	2917225	4877381	12215389	35808918	6849402	0	0	0	0.4986
47	22226650	18898753	19370571	21777524	5575	5575	0	0	0	91349	197240	203044	191140	202309	197339	220953	245884	225164	277612	305429	294985	401882	339468	444372	473542	490779	606541	555022	737622	716025	797807	923243	926891	1031829	1280303	1372412	1655525	1916626	2629666	2935991	4903277	12229971	35402066	6850190	0	0	0	0.5109
48	22109421	19052272	19358646	21754357	4377	4377	0	0	0	94672	207724	209885	198947	207939	202540	226778	252802	230712	285792	312905	300232	408197	345647	452053	481414	497087	613406	562642	747116	722033	804399	931245	933919	1045670	1292414	1381942	1663476	1929290	2642037	2957388	4919135	12219710	35139310	6854238	0	0	0	0.5248
49	22221327	18987942	19410458	21655037	4309	4309	0	0	0	99649	218772	220680	207453	218215	212084	235474	263201	239555	295483	322960	311256	421264	355472	465104	492795	508494	627144	573428	760945	735533	818011	945053	947264	1058859	1308429	1398520	1683609	1950187	2657706	2982042	4942166	12215874	34764691	6817392	0	0	0	0.5461
50	22137907	18947448	19467951	21715279	10488	10488	0	0	0	119982	278934	293740	272867	282205	267777	296257	328970	291612	360810	390934	364725	499736	407612	547724	560456	574897	700707	640026	848266	811952	883209	1032178	1033564	1144512	1414360	1508448	1802024	2094960	2810235	3234897	5274402	11955419	32167273	6772915	0	0	0	0.6829
