#Name	E:\SaveData\2016-10-18_15_18_08_1001160117_R0024_A_CL100007988_BGI12070_WESPE_result\\CL100007988\L01\CL100007988_L01_9_1.fq
#PhredQual	33
#ReadNum	92352615
#row_readLen	50
#col	48
#BaseNum	4617630750
#N_Count	841971	0.018234
#GC%	45.15
#Q10%	99.47
#Q20%	97.59
#Q30%	90.69
#EstErr%	0.245386
#Pos	A	C	G	T	N	0	1	2	3	4	5	6	7	8	9	10	11	12	13	14	15	16	17	18	19	20	21	22	23	24	25	26	27	28	29	30	31	32	33	34	35	36	37	38	39	40	41	Err%
1	31254436	20512972	21231447	19280452	73308	73308	0	0	0	1682	24501	44489	40878	40664	39456	42485	44768	44896	50498	57888	59677	78112	79760	93675	105441	175131	209845	229015	283501	369167	421285	502447	648356	659724	957134	1041568	1336713	1392732	1584200	1072196	2012355	8628515	60740003	9166550	0	0	0	0.1848
2	27214529	17161501	22491103	25366927	118555	118555	0	0	0	45149	35861	38657	33952	34519	34353	37929	41146	42648	50736	58940	63625	86800	88167	103767	128543	204280	249202	270512	337523	427993	484803	565237	689991	692239	956269	1027838	1295213	1416198	1787631	1377657	2567054	9977619	58480187	8501822	0	0	0	0.2539
3	25920657	20682079	19701758	25976991	71130	71130	0	0	0	5482	24956	32171	29346	28690	28830	31711	34929	36155	43788	50319	56547	77609	80723	94649	122203	198155	243586	268107	335257	431995	491405	573784	707271	703685	973357	1039698	1301081	1411811	1773404	1353453	2507079	9901373	58822755	8466121	0	0	0	0.1739
4	26406647	20320466	20104815	25517553	3134	3134	0	0	0	783	12762	20619	19813	21101	21896	25231	28677	30354	37722	44872	50861	71054	74314	86913	115969	191634	235764	262505	327318	423220	483192	562938	694455	691531	952880	1021157	1276392	1395482	1760560	1358131	2524771	10017917	58824884	8681809	0	0	0	0.0834
5	26197548	19962135	20821785	25258886	112261	112261	0	0	0	4841	18366	22737	21060	21423	21638	24149	27144	28675	36308	42410	49108	69083	72613	84618	115303	190201	235657	260884	329511	423636	481634	564262	687858	687133	946578	1013632	1269772	1393861	1784263	1398014	2604423	10200763	58509250	8599546	0	0	0	0.2053
6	25908204	20463886	20410380	25568505	1640	1640	0	0	0	1125	12847	19110	18621	19445	20081	23736	26655	28715	36272	42201	49258	69520	72749	84992	117238	191150	237769	263401	331783	425319	484666	566509	689344	687453	945523	1011985	1266603	1394461	1814124	1443398	2692358	10382983	58362963	8516618	0	0	0	0.0800
7	26366182	20013416	20941662	25030166	1189	1189	0	0	0	791	10364	15989	15934	16834	18347	21790	24883	27151	34790	40959	48377	68977	72720	84593	118631	191228	238981	265380	334254	424018	483327	565310	683952	683471	939261	1006354	1257529	1393356	1831329	1474047	2760653	10552032	58145480	8500334	0	0	0	0.0758
8	25746442	20580394	19918505	26104285	2989	2989	0	0	0	1728	10108	15192	15143	16620	17749	21310	24097	26175	34769	40500	48128	69332	72112	84505	120076	193083	240353	265424	336973	427286	486784	567727	682393	681411	935213	1000889	1247453	1387152	1849071	1505011	2823609	10702820	57944412	8455018	0	0	0	0.0775
9	25625976	20367440	20165882	26192202	1115	1115	0	0	0	989	9666	14433	14502	15885	17372	20701	23927	25845	34174	40303	48108	68750	72280	84113	121407	193021	241862	266217	338157	427951	486146	567923	678604	678958	928553	994745	1241782	1384655	1863641	1538174	2888895	10840010	57728960	8450791	0	0	0	0.0743
10	26009887	20200838	20520235	25621061	594	594	0	0	0	1039	10303	15206	15200	16570	18047	21574	25230	27359	36088	42449	50132	72374	74654	87815	126599	197255	247302	269871	343996	430418	489411	570234	676772	680627	927749	995476	1240521	1390611	1893171	1587870	2976963	11005087	57339840	8448208	0	0	0	0.0756
11	26036794	20169980	20556393	25586147	3301	3301	0	0	0	2129	11052	15898	16127	17632	19209	23310	27181	28866	38285	44788	52726	76295	77836	91758	130225	202423	252843	273591	350277	433482	491334	573795	673381	680863	923540	992492	1236335	1394677	1914189	1641025	3080614	11186711	56874956	8499469	0	0	0	0.0813
12	25913136	20391050	20551977	25487311	9141	9141	0	0	0	3454	11915	17282	17137	18869	20255	25057	28644	30823	41184	47684	55294	80358	81118	96342	137216	208781	260593	279832	359859	437892	498610	580287	677002	685031	929290	998396	1240855	1405594	1944484	1694069	3171786	11341921	56428781	8487779	0	0	0	0.0910
13	26088886	20289882	20582516	25387539	3792	3792	0	0	0	1816	12484	17682	18020	19961	21778	25811	30332	32539	42501	50416	57729	84478	83937	100498	141581	212678	267536	283384	366121	441694	502938	586442	676599	687959	931861	999505	1243542	1409208	1965318	1730892	3239536	11482979	56149275	8429793	0	0	0	0.0865
14	25968757	20322236	20589296	25467723	4603	4603	0	0	0	3949	13769	19349	19580	21441	23366	28429	33078	34666	46405	53185	61087	89631	88237	106285	149039	219589	273652	291231	375378	448932	507547	591579	683222	696194	936249	1008169	1248441	1417139	1988399	1769579	3309878	11594068	55840488	8356782	0	0	0	0.0919
15	25792093	20512729	20607565	25382557	57671	57671	0	0	0	4082	15496	21337	21435	23739	25220	30885	35315	37050	49768	57368	64816	94643	92262	111095	153190	222866	279377	292866	379494	449332	509092	593737	677995	696402	933493	1006373	1248822	1427831	2009688	1830847	3408193	11741048	55241424	8508363	0	0	0	0.1532
16	25841153	20461307	20735484	25311347	3324	3324	0	0	0	5156	24422	33453	32981	35718	38136	44784	50915	52626	67750	78097	85539	122184	117202	143207	184115	225886	283184	295524	383883	451195	511960	595166	676742	698136	934124	1009831	1251109	1438747	2033428	1884737	3499905	11876808	54696596	8486045	0	0	0	0.1164
17	25806753	20454915	20757708	25329064	4175	4175	0	0	0	6306	25745	34681	34587	37671	39689	46687	53436	54877	70624	81430	88174	127569	120744	148736	190551	232167	291871	302152	393588	458817	520372	606187	684666	702802	943417	1015130	1256908	1445980	2054573	1905653	3535376	11956083	54522719	8358472	0	0	0	0.1212
18	25610826	20719285	20756668	25262617	3219	3219	0	0	0	7026	27416	37187	36967	39948	42337	49281	56269	57575	74047	84894	91380	131614	124877	153807	195713	235623	297528	305525	399671	461355	523689	610347	684535	709876	944731	1020457	1265443	1455355	2078743	1954310	3617715	12091945	54084179	8398031	0	0	0	0.1247
19	25708468	20590134	20871658	25179457	2898	2898	0	0	0	7919	30785	40418	40769	43286	45901	53097	61187	61717	78947	90850	97445	139570	130362	162476	203748	244530	308750	314415	411550	470404	531644	621196	691429	719073	956889	1032100	1277972	1480085	2112189	2011288	3715877	12223764	53575503	8362582	0	0	0	0.1316
20	25684232	20556702	20872085	25232227	7369	7369	0	0	0	9746	33079	43796	43329	46566	48794	56605	65037	65587	84121	96743	102322	148317	136420	170066	212598	254262	319116	325005	424963	478611	544276	632472	699241	731083	968013	1045546	1291138	1491144	2141742	2056070	3785162	12336111	53180783	8277382	0	0	0	0.1433
21	25582051	20687830	20912943	25097190	72601	72601	0	0	0	10194	37102	47415	47015	50923	53526	60869	70304	70082	89781	103041	108545	156176	143889	179758	222279	261547	328446	331574	434351	485339	551068	641192	706401	743325	977311	1058998	1309481	1520912	2181646	2142921	3917793	12487849	52376587	8372374	0	0	0	0.2218
22	25695713	20651721	21015910	24987835	1436	1436	0	0	0	17259	42894	51823	50889	54462	57321	65139	74843	75148	95817	109712	114067	164179	149313	188713	230847	270073	339813	340421	447138	495086	560290	653699	714004	756417	992821	1073957	1325608	1544682	2217455	2193678	4000382	12589803	51953807	8339619	0	0	0	0.1561
23	25718680	20596651	20990938	25041266	5080	5080	0	0	0	14278	45413	55625	55311	58913	60986	70155	80092	79842	101435	115539	119990	172724	156306	197818	240449	280099	350603	349469	459938	504436	571778	665875	722341	767039	1004173	1087570	1342919	1559112	2244955	2238744	4072577	12693161	51517124	8290746	0	0	0	0.1661
24	25572189	20793345	20989764	24992985	4332	4332	0	0	0	15104	46818	57569	56952	62210	64261	74435	83932	83893	105909	120929	126127	180568	162053	204652	249265	286997	360966	357037	470398	512597	580553	675268	728888	777781	1015666	1101193	1355727	1581238	2272413	2286272	4142839	12788803	51067587	8291383	0	0	0	0.1708
25	25668581	20733101	21066477	24881534	2922	2922	0	0	0	16901	53749	64560	63768	67898	70555	80802	91519	89513	113990	129343	133516	189413	170957	215602	260424	297669	372980	366803	484377	523767	592497	688333	739500	793345	1033636	1118636	1377067	1611434	2312693	2356372	4245353	12895342	50408673	8318706	0	0	0	0.1818
26	25622943	20665658	21102492	24949972	11550	11550	0	0	0	22382	55303	66620	66148	71210	73197	84169	95726	94454	119536	135002	139634	198247	177960	224903	269746	306615	384858	376981	498130	534437	606371	701199	749311	805040	1046090	1133152	1393045	1627207	2336411	2393569	4308606	12974759	50015925	8255122	0	0	0	0.1990
27	25484569	20836528	21099144	24920778	11596	11596	0	0	0	22217	60410	72318	71426	76865	78814	90478	102486	100760	126685	143138	146902	209501	186293	238060	281368	319156	397897	387643	513484	545286	616164	716470	762212	822939	1064969	1152816	1415926	1653589	2377053	2452720	4393704	13066212	49441346	8233712	0	0	0	0.2094
28	25571811	20815426	21148812	24811462	5104	5104	0	0	0	21261	63205	74981	73922	79603	82341	94174	107023	104763	131694	149391	151938	217170	192263	244756	288827	325905	406581	395113	524686	553546	626495	726544	770142	833551	1076463	1168466	1432974	1675821	2403458	2494922	4458373	13152835	49030309	8214015	0	0	0	0.2079
29	25573079	20747340	21147674	24882085	2437	2437	0	0	0	24699	68693	80861	79541	85569	87497	100539	113652	110671	139008	157829	159582	226628	199614	255899	300154	335335	419482	405456	539103	564795	639491	743548	782613	849153	1095549	1186867	1454353	1700245	2437237	2544139	4522935	13221630	48555023	8162788	0	0	0	0.2170
30	25460188	20890268	21159869	24838730	3560	3560	0	0	0	26135	72434	84725	83167	89248	91358	103777	118962	114809	144756	163734	165224	234260	205031	264693	309398	343742	429704	415073	549844	573642	647984	753370	789846	860203	1108710	1199602	1467387	1717080	2462524	2581136	4582689	13278661	48170987	8145160	0	0	0	0.2260
31	25550248	20809409	21274980	24714210	3768	3768	0	0	0	29628	78130	89799	88376	94780	96455	110944	125288	121571	152319	172326	172591	244740	215143	275956	320134	354792	442723	423444	563884	584831	661541	766205	804319	877092	1124606	1218607	1492021	1746989	2493866	2630388	4657789	13341319	47637389	8138862	0	0	0	0.2381
32	25562188	20770650	21234260	24781980	3537	3537	0	0	0	32652	85173	96936	94950	101977	103494	118535	134178	128890	160809	181135	182180	258062	225592	289297	333016	367224	458576	436871	581372	599122	676072	784553	817432	897634	1147496	1242731	1519404	1780812	2532716	2692994	4736526	13412179	47027837	8110651	0	0	0	0.2521
33	25412963	20946282	21238564	24745836	8970	8970	0	0	0	37912	91780	103012	101277	108432	109039	124808	141448	135217	169114	190653	191153	266612	234977	302396	345015	377976	469975	448158	595008	611073	689529	799699	830411	914404	1163026	1259371	1540225	1805423	2564807	2743325	4803468	13455585	46493245	8126092	0	0	0	0.2717
34	25470461	20860490	21327089	24675389	19186	19186	0	0	0	44599	97489	109162	106046	113608	115042	131609	148272	141751	177733	198496	198095	278953	242840	311777	355915	389747	483675	459117	611534	621148	701429	813615	842723	930430	1180964	1277715	1561635	1827920	2596126	2786806	4868068	13504899	46032306	8072185	0	0	0	0.2963
35	25411797	20854526	21291283	24765289	29720	29720	0	0	0	52623	109653	121505	118505	126102	127844	145093	162677	155316	193571	215537	215021	299777	260819	335863	378582	409784	509964	481724	638019	645973	729713	844786	870430	963524	1218902	1316940	1605689	1877456	2646132	2878011	4986015	13557381	45136580	7987384	0	0	0	0.3340
36	25353614	20976867	21318786	24699426	3922	3922	0	0	0	46131	111946	124127	121509	128548	130316	146663	166931	158493	196663	219852	218201	304580	264070	340418	382976	414444	516172	484340	644524	649537	733352	851773	875277	966575	1222873	1324091	1608675	1883179	2653707	2889570	5009286	13590670	44957389	8011835	0	0	0	0.3079
37	25402350	20928715	21389959	24560072	71519	71519	0	0	0	48104	118217	128885	124292	133021	133704	151530	171650	161340	202460	225437	222643	311528	268606	347306	389687	419815	523088	491262	652307	655589	739164	859372	879078	975412	1233271	1331856	1619848	1895137	2670442	2908027	5024732	13604360	44655858	8004068	0	0	0	0.3899
38	25385970	20904319	21383882	24673364	5080	5080	0	0	0	52527	124068	134652	130435	139074	139268	158438	178391	168519	211010	234832	231349	322396	277408	359936	401300	429830	535493	500696	665708	668311	751271	872629	892417	988744	1252111	1349689	1643656	1915806	2697446	2943013	5075642	13644931	44274659	7981880	0	0	0	0.3310
39	25305552	21017585	21385956	24638942	4580	4580	0	0	0	54621	130690	140955	136507	146327	145089	164368	185143	175513	217039	241909	237572	331538	286561	371311	412232	440546	547334	513164	680966	679902	763326	886674	904272	1005717	1268871	1365833	1660105	1940173	2725706	2980974	5123874	13682924	43837218	7963081	0	0	0	0.3426
40	25357637	20983065	21469636	24538445	3832	3832	0	0	0	58589	138638	147598	144086	152971	152254	172338	193961	181529	226058	251245	247116	342934	293930	382097	422091	451265	559864	520713	696258	691972	776667	902975	919917	1021031	1286654	1385187	1681011	1959994	2750211	3018259	5168688	13695958	43406173	7948551	0	0	0	0.3564
41	25353354	20956524	21444188	24594830	3719	3719	0	0	0	64044	151081	161435	155082	164662	163209	185043	206310	192879	239355	264251	260058	358596	308540	400059	439211	466093	578052	538308	715211	709524	795715	920766	937661	1046657	1310991	1411988	1710897	1998814	2786974	3075480	5237446	13717200	42743421	7933883	0	0	0	0.3796
42	25254740	21087361	21438117	24566501	5896	5896	0	0	0	68199	158649	166468	160770	170112	169130	190146	214178	199951	248391	274632	268339	370231	318190	411918	451610	476161	592756	549824	730790	721254	809203	937397	950336	1061755	1327752	1428727	1734937	2022619	2815848	3110070	5281855	13735796	42314372	7904353	0	0	0	0.3951
43	25291605	21030925	21516663	24497304	16118	16118	0	0	0	72292	167439	175019	168963	178090	176207	198402	222487	207115	256597	283588	277087	382184	327316	424997	463271	488594	605719	562499	744428	734289	824419	951978	964881	1077971	1348251	1448706	1756839	2046028	2840590	3152248	5334107	13748114	41852093	7873689	0	0	0	0.4222
44	25281130	20993327	21509602	24563189	5367	5367	0	0	0	78673	178142	185941	177825	188276	185910	208543	233914	217123	267030	296725	288739	394744	338424	440325	478354	499946	620581	575092	762386	748425	838527	972146	982143	1097965	1369608	1471236	1779261	2071225	2867784	3188856	5372097	13752562	41382560	7836160	0	0	0	0.4310
45	25175175	21149875	21492579	24524782	10204	10204	0	0	0	85210	191937	199193	189625	199586	196730	220024	247358	227749	281895	310185	302360	412643	350965	458467	493858	517367	640085	591161	782433	766641	854916	993359	999474	1118576	1390199	1492024	1803449	2097898	2893856	3230614	5430286	13746373	40849393	7776522	0	0	0	0.4604
46	25227180	21108748	21593770	24410024	12893	12893	0	0	0	89369	203297	209321	199411	209833	206036	231045	257689	237057	293999	322745	313315	427873	363271	473124	507582	531903	653678	604952	801787	784167	871442	1010084	1017133	1138609	1415061	1515426	1829904	2126711	2921221	3279393	5492837	13725016	40354516	7720915	0	0	0	0.4831
47	25209414	21080737	21557103	24499125	6236	6236	0	0	0	96655	214477	219241	209144	218697	214866	239289	267868	245216	303276	332332	323078	438084	373998	486709	522816	541634	667652	616986	815640	794342	885847	1026456	1032602	1154749	1431691	1532140	1853054	2152910	2941732	3311408	5522202	13740281	39898390	7720917	0	0	0	0.4955
48	25099004	21235005	21548853	24464856	4897	4897	0	0	0	100303	223718	226764	215433	225768	220295	247589	274780	252787	310300	340681	330040	446782	380571	495022	529810	549682	676778	625325	826578	802914	894744	1034665	1039672	1168422	1443850	1543257	1863782	2165789	2961262	3330264	5535674	13742777	39591818	7729822	0	0	0	0.5082
49	25202831	21163664	21611919	24369605	4596	4596	0	0	0	105486	235008	238863	225721	236540	230651	256492	285649	261876	322196	352305	340561	460240	392398	507497	542758	561799	692132	638719	840038	817710	909519	1051220	1056797	1185267	1460662	1561291	1882347	2187927	2982482	3356848	5568201	13736975	39176585	7687259	0	0	0	0.5284
50	25114760	21128025	21671680	24426245	11905	11905	0	0	0	126379	301979	320087	298472	307922	293328	325015	358954	319879	394347	430224	404418	549939	452224	601915	618762	637433	779221	714863	938461	906910	987104	1150037	1154941	1281830	1581684	1691297	2021073	2357508	3148990	3641256	5941290	13441833	36255134	7606001	0	0	0	0.6645
