#Name	E:\SaveData\2016-10-18_15_18_08_1001160117_R0024_A_CL100007988_BGI12070_WESPE_result\\CL100007988\L01\CL100007988_L01_12_1.fq
#PhredQual	33
#ReadNum	69589935
#row_readLen	50
#col	48
#BaseNum	3479496750
#N_Count	637668	0.018326
#GC%	45.42
#Q10%	99.42
#Q20%	97.40
#Q30%	90.30
#EstErr%	0.264402
#Pos	A	C	G	T	N	0	1	2	3	4	5	6	7	8	9	10	11	12	13	14	15	16	17	18	19	20	21	22	23	24	25	26	27	28	29	30	31	32	33	34	35	36	37	38	39	40	41	Err%
1	23260559	15559190	16141054	14574082	55050	55050	0	0	0	1021	19056	34363	31674	31503	30624	32645	34532	34447	38277	43744	44820	58152	59508	69514	76643	128503	153320	168147	206080	270877	309838	370199	480858	488797	710753	779764	1007356	1051437	1196624	771205	1448530	6539038	45757360	7055676	0	0	0	0.1853
2	20280315	12989129	17082746	19143590	94155	94155	0	0	0	36502	27238	29225	25591	25197	25590	27974	30685	31468	37167	43182	46497	63825	64861	75776	95235	150574	183186	200926	250133	317767	361123	420720	514369	514979	714799	767646	969866	1060775	1340012	1007037	1886547	7546392	44183813	6419103	0	0	0	0.2613
3	19340672	15687845	14930760	19577101	53557	53557	0	0	0	4410	18740	23936	21463	21502	21560	23310	25753	26398	32241	37252	41766	56863	59261	69236	90227	147273	181460	200580	249888	323995	366973	429697	528237	525235	730065	779611	978972	1060616	1335242	997215	1855157	7498787	44413904	6359553	0	0	0	0.1730
4	19686300	15409742	15251833	19239609	2451	2451	0	0	0	498	9220	14964	14510	15254	16281	18426	20785	22376	27936	32763	37882	52618	55494	64342	86378	142958	176959	195958	244782	318127	361924	423589	521834	517264	717783	767115	959911	1047288	1330466	1005863	1875331	7588410	44389250	6512945	0	0	0	0.0822
5	19508921	15147655	15783039	19055888	94432	94432	0	0	0	3773	13658	17263	15876	15471	15959	18010	19816	21435	26701	31784	36624	51209	54482	62748	86477	141747	176593	196189	246298	318033	362369	422377	518206	515805	712048	762842	956776	1048418	1348577	1041031	1947377	7737989	44115941	6435601	0	0	0	0.2189
6	19283129	15544379	15473392	19287880	1155	1155	0	0	0	745	9428	14086	13566	14440	15105	17425	19695	21438	26517	31316	37229	51635	54590	63431	87909	144729	179270	199014	249725	321690	365237	425325	518697	516799	711341	761301	955285	1051496	1374507	1079843	2019686	7881348	43988289	6366643	0	0	0	0.0792
7	19647663	15201594	15863486	18876432	760	760	0	0	0	570	7727	11780	11870	12782	13529	16046	18423	20135	25879	30485	36133	51609	54417	63363	89551	144451	179922	198917	252691	321201	364974	426059	515003	513808	706682	758593	949063	1052123	1389897	1110499	2077868	8019674	43789264	6354187	0	0	0	0.0752
8	19187614	15606764	15105540	19687843	2174	2174	0	0	0	1199	7252	11156	11156	11869	13134	15650	18033	19321	25936	30420	36423	51944	54185	63325	91015	147334	183679	201043	255644	324130	368826	429428	514839	515438	705012	754479	941582	1046741	1406712	1136351	2132990	8144894	43599399	6317222	0	0	0	0.0768
9	19104185	15470296	15275508	19739155	791	791	0	0	0	725	7171	10695	10914	11695	12638	15482	17876	19546	25791	30473	36114	52672	54463	63827	92640	147807	185405	202177	258092	323274	367617	429187	511457	512644	702226	750385	938748	1048855	1421774	1164398	2186523	8267115	43398029	6310709	0	0	0	0.0742
10	19383233	15338777	15539834	19327620	471	471	0	0	0	760	7599	10901	11389	12339	13560	16033	18819	20463	27396	31930	37745	55340	56512	66721	96354	151682	188975	204250	263098	325968	371395	432473	511390	513003	700845	753046	939287	1053218	1446292	1202919	2261059	8401864	43084822	6300017	0	0	0	0.0755
11	19390336	15305091	15574973	19317138	2397	2397	0	0	0	1441	8075	11706	11952	13137	14433	17398	20470	21864	29259	34044	39761	58639	59393	70078	100487	154979	194114	209145	267779	328673	374115	435756	509671	515115	701511	754141	938024	1057561	1465536	1249797	2340325	8537914	42692662	6348583	0	0	0	0.0811
12	19301810	15472556	15569457	19239545	6567	6567	0	0	0	2552	8704	12667	12711	14200	15314	18690	21822	23154	31406	36442	42288	61706	62410	73694	105090	160220	200332	214890	276836	331646	378804	441403	511504	520094	705433	758160	942030	1069661	1489882	1292274	2413914	8667249	42330994	6335192	0	0	0	0.0906
13	19446584	15402419	15600508	19137210	3214	3214	0	0	0	1311	9434	13241	13597	14927	16328	19923	22971	24760	33199	38900	44659	65736	64922	77435	109430	164477	206259	217380	281861	337249	383889	446755	513643	522804	708463	760021	945514	1072522	1510344	1319773	2465295	8766834	42095493	6297372	0	0	0	0.0878
14	19356991	15423546	15583373	19222822	3203	3203	0	0	0	2816	10531	14472	14954	16414	17915	21835	25085	26740	35953	41778	47468	70300	68741	82177	115344	170574	213162	222470	290664	342044	389184	453605	517679	528970	714055	767344	949049	1082188	1531154	1352915	2517789	8859523	41834426	6237414	0	0	0	0.0927
15	19211040	15593065	15591703	19150912	43215	43215	0	0	0	3133	11735	16466	16241	18106	19817	23844	27559	28869	38942	44618	50310	74119	72168	87419	119626	173966	217352	226610	293604	343548	390248	454098	515416	530127	713643	767479	952826	1087637	1545743	1402282	2601721	8967221	41358281	6351946	0	0	0	0.1546
16	19251881	15537381	15699804	19098659	2210	2210	0	0	0	4227	19291	25944	26265	28146	29832	34929	40234	41331	53443	61881	66884	96747	91611	113598	144394	175884	221080	227939	297820	345681	392110	457110	515144	533944	714984	772154	957168	1098841	1566034	1443514	2672111	9067562	40914453	6335435	0	0	0	0.1196
17	19224083	15536837	15715253	19110939	2823	2823	0	0	0	5145	20350	27276	27568	29604	31396	36952	42507	43285	56205	64649	69519	101698	94917	118478	149954	181753	227448	232940	307770	350951	400144	464454	520257	538079	722027	777693	961980	1104976	1582290	1460501	2704616	9140270	40755398	6234062	0	0	0	0.1251
18	19077663	15736230	15698907	19074774	2361	2361	0	0	0	5766	21950	29089	29456	31851	33393	39237	44831	45931	58740	68786	72426	105940	98134	122201	154721	185626	233211	236791	312531	354343	403067	469312	522366	542867	725565	782465	968393	1116251	1605964	1501070	2772257	9230623	40399521	6262899	0	0	0	0.1297
19	19145954	15645083	15791925	19004972	2001	2001	0	0	0	6576	24948	31922	32093	34972	36436	42921	48900	49071	63226	73037	76938	113057	102590	129989	162345	192858	241827	243738	321722	361297	410972	477908	527793	551786	735062	791618	980542	1132360	1632594	1546272	2844789	9333406	39989064	6243305	0	0	0	0.1373
20	19132448	15607976	15800165	19044037	5309	5309	0	0	0	8306	26421	34787	34646	37338	38921	45929	52883	52620	68128	77551	81834	119450	107374	136826	168875	201011	251195	251622	332222	368005	418310	488283	535647	561207	745524	805536	991133	1146011	1654954	1580324	2898785	9419426	39663928	6179614	0	0	0	0.1497
21	19061293	15710132	15825414	18941162	51934	51934	0	0	0	8680	29816	37870	38550	40909	42737	49655	56964	57224	72683	83449	86849	125836	114418	144570	175998	207255	259192	257481	341169	375120	425351	495212	539434	572215	753202	816054	1005853	1168656	1686262	1643860	2993611	9534357	39042826	6254683	0	0	0	0.2258
22	19138531	15698247	15899079	18853035	1043	1043	0	0	0	14671	34740	42218	41043	44112	46191	53183	61183	60913	77394	89431	91670	132827	119432	151330	184514	213841	267320	265247	351312	382114	434079	508121	546319	582165	765105	829282	1018848	1186798	1712951	1682723	3059377	9606755	38696550	6235133	0	0	0	0.1654
23	19152180	15648367	15862850	18923286	3252	3252	0	0	0	12071	36800	45125	44584	47737	49765	57077	65070	64559	82372	94275	97329	139797	125058	159050	192434	220551	277767	271542	361711	389924	443187	516877	556348	591711	778275	840858	1031619	1198805	1735025	1718641	3114198	9674230	38356351	6195960	0	0	0	0.1751
24	19052046	15794471	15864260	18876158	3000	3000	0	0	0	13212	38304	47363	47229	50335	52403	60389	69093	68089	87237	99361	101680	146631	130345	166975	199045	228119	285611	279388	371632	397898	451981	524477	562589	600144	785355	849992	1044444	1214460	1754629	1754761	3169611	9746245	37991170	6196738	0	0	0	0.1820
25	19100659	15766363	15934207	18786823	1883	1883	0	0	0	14715	44059	53205	52293	55989	57588	66006	75234	73464	93310	106354	107823	155365	136986	175325	207559	236697	296206	288378	382695	405117	459973	536159	570341	613571	800755	864667	1063954	1240342	1785479	1806739	3243717	9823042	37478776	6216169	0	0	0	0.1943
26	19091233	15703874	15942726	18843572	8530	8530	0	0	0	19055	45640	54911	53998	58583	60475	69711	79399	77129	97859	111468	112933	162903	142693	183723	216153	244455	306178	293637	392012	414004	469429	545951	578251	623406	809402	877516	1074185	1252523	1807980	1835834	3287977	9876220	37174305	6171507	0	0	0	0.2128
27	18980387	15840240	15935467	18824703	9138	9138	0	0	0	19228	50349	59065	58687	63359	65447	74567	85325	82597	104707	118511	118889	171550	150394	192584	226116	252853	316025	304060	405310	423017	480777	558905	588519	638162	824006	892112	1092835	1273813	1836632	1883559	3351293	9937083	36731114	6149347	0	0	0	0.2254
28	19050857	15804070	15986463	18744894	3651	3651	0	0	0	19182	53316	62283	61624	66185	67944	77787	88526	86449	109080	123006	123274	178402	154484	199925	231947	258265	324866	310124	415978	430627	487481	566885	595067	646153	836193	905719	1105736	1291255	1859180	1913823	3401335	9995663	36398620	6139900	0	0	0	0.2250
29	19037701	15764988	15983425	18802219	1602	1602	0	0	0	22025	57568	66849	65864	71246	72789	83391	94694	91115	115153	131263	129382	186379	160887	209852	241226	268178	335221	318440	427513	439736	497918	579920	605042	658590	848994	919151	1121552	1306571	1883562	1950185	3454978	10047480	36027730	6097889	0	0	0	0.2351
30	18958320	15882369	15995122	18751503	2621	2621	0	0	0	23202	60793	70212	69221	74196	75909	86835	98742	95173	120133	135674	134134	193709	165568	216434	248253	274860	343696	324577	436267	447088	505681	588665	612652	668284	860447	929511	1134057	1322005	1902580	1980240	3489864	10088345	35724886	6085421	0	0	0	0.2455
31	19019955	15817942	16076214	18673299	2525	2525	0	0	0	26296	65432	75140	73895	79183	80419	91864	104062	100191	125977	142419	140922	202626	173439	225305	257441	283929	354123	333691	448695	454553	515498	600361	620963	681400	874902	945928	1151993	1343578	1926448	2017420	3541921	10128643	35317195	6081558	0	0	0	0.2588
32	19037027	15786861	16045642	18717940	2465	2465	0	0	0	29035	71768	80277	79426	85376	86408	98768	112167	105875	133699	150214	148852	211869	181951	236941	267846	292177	365940	343652	462638	466967	528003	613534	632307	696930	891137	963778	1173247	1366695	1956025	2062349	3598654	10176369	34851539	6065057	0	0	0	0.2746
33	18919058	15920989	16046485	18697430	5973	5973	0	0	0	33087	76913	86566	83912	90027	90797	103809	117614	111767	140507	157950	155490	221022	188768	245778	276915	302069	377096	353020	471733	475463	538808	626841	645163	709834	904250	975971	1192248	1386674	1978247	2097396	3651056	10209997	34435440	6071734	0	0	0	0.2944
34	18962986	15867855	16109221	18635751	14122	14122	0	0	0	38333	81458	91288	88704	94639	95784	109700	123380	117073	146669	165240	161700	230567	195455	255739	285722	310461	387386	361642	486018	485388	548180	637684	654083	720892	918375	990945	1203738	1403010	1997390	2131453	3696367	10239954	34086866	6034530	0	0	0	0.3209
35	18915392	15853480	16081674	18718291	21098	21098	0	0	0	45283	92589	102064	98378	105826	106149	120409	135743	127513	160290	178543	174291	247116	210675	274008	304516	327108	407270	377789	508069	503760	568830	659960	675843	746631	943391	1019760	1236140	1442526	2034148	2196266	3789141	10259280	33420582	5968950	0	0	0	0.3603
36	18876286	15956655	16098656	18655692	2646	2646	0	0	0	41357	95634	104308	101250	108298	109426	123238	139681	130433	163039	182380	177606	252122	212631	279450	308192	331850	412953	382598	513844	507549	573027	666126	678671	751421	950808	1026199	1240742	1441843	2044794	2205896	3800339	10276784	33263414	5989386	0	0	0	0.3381
37	18906379	15909315	16173424	18549652	51165	51165	0	0	0	43060	99749	108102	105301	113063	111573	127023	143374	134226	168713	187760	181903	256125	216082	284674	313274	336503	417856	386184	521295	512228	577882	672814	684234	756176	957063	1033872	1248062	1454359	2057926	2216503	3808248	10288669	33029414	5985480	0	0	0	0.4177
38	18893299	15902016	16151030	18640308	3282	3282	0	0	0	47294	105062	114009	109706	116636	117264	133142	149434	139981	174768	195036	188287	266879	223825	294612	322483	344383	428391	393746	532486	522137	588124	683166	693467	770249	972672	1046372	1263365	1470089	2078899	2243788	3848882	10311549	32737605	5958865	0	0	0	0.3638
39	18820889	15992094	16156846	18616544	3562	3562	0	0	0	48738	110812	118698	114810	122605	121993	138661	155734	144503	180693	201512	195079	273639	229639	304193	331775	351850	439609	403058	544753	531721	597578	695237	702111	781164	985264	1060390	1279401	1487172	2094279	2275169	3881596	10327336	32406533	5949068	0	0	0	0.3775
40	18861397	15970398	16214541	18540572	3027	3027	0	0	0	52845	118066	125531	121769	128558	127968	144330	163503	151003	188704	210268	200785	283345	237509	313562	339696	362164	448024	411669	554068	539580	607108	706428	711924	794172	999022	1072326	1297016	1502628	2111218	2300521	3910684	10342223	32065188	5943503	0	0	0	0.3944
41	18865613	15936541	16199196	18585686	2899	2899	0	0	0	57491	128568	135192	130235	139212	136944	153906	172967	160427	199350	220236	212405	296181	248577	327647	352931	372281	461112	423483	569382	555933	620508	722514	728811	812007	1015517	1094645	1319112	1534612	2139831	2340995	3960385	10339833	31573401	5930405	0	0	0	0.4190
42	18782232	16039244	16187617	18576325	4517	4517	0	0	0	61604	135136	141101	135198	143775	141947	159823	179202	165756	206541	227358	219127	305458	256381	339043	362841	381607	473874	433874	581085	563581	632939	734442	738686	823989	1032111	1107383	1332422	1550108	2157001	2367683	3991933	10346586	31251408	5904415	0	0	0	0.4371
43	18815104	15999560	16251501	18511184	12586	12586	0	0	0	64508	142369	148610	142351	150396	147584	166575	186725	172072	213733	236522	227135	314484	264091	346673	371576	390388	483065	442210	592452	574179	643230	747140	750766	835174	1043989	1120158	1350697	1566360	2176104	2394174	4026467	10351789	30910093	5883510	0	0	0	0.4663
44	18796681	15969735	16238342	18580991	4186	4186	0	0	0	69951	152054	157417	150228	159327	155839	174600	196156	179278	222803	246900	235593	326828	271868	359266	384170	399681	495447	452460	607813	586082	655906	759758	760906	849879	1060164	1136732	1366276	1585122	2196409	2421750	4059172	10353383	30540110	5856421	0	0	0	0.4771
45	18699825	16096142	16237337	18548466	8165	8165	0	0	0	75980	163280	167954	159509	167936	164898	184660	206867	188661	233270	257102	245538	339903	282624	373708	397210	411953	511460	463906	623304	598563	668247	775552	774680	865768	1078284	1153010	1383928	1602676	2214313	2452758	4091293	10337956	30150964	5814055	0	0	0	0.5089
46	18739910	16074322	16301804	18464051	9848	9848	0	0	0	80073	173104	176905	167959	176292	172668	192421	214905	196640	243390	266477	254719	351126	293439	386948	408591	422170	524042	475120	636652	611464	680120	789425	788617	881670	1093766	1169972	1404094	1624373	2233814	2483829	4141540	10314522	29776496	5772744	0	0	0	0.5335
47	18752433	16033162	16271091	18528668	4581	4581	0	0	0	85655	182721	185813	175436	184427	179494	200640	224816	203825	250748	275931	262795	361029	301420	397189	418483	433080	533305	484895	647418	621550	691580	801942	799024	893667	1107763	1183168	1417941	1638849	2249757	2504998	4152825	10319199	29442298	5771673	0	0	0	0.5480
48	18659660	16150761	16278493	18497441	3580	3580	0	0	0	90146	190367	191760	181161	190528	184852	206522	229284	208284	257717	281181	268215	368485	307908	404180	425288	437249	541654	492488	656948	627987	699242	810861	805427	900926	1115238	1190136	1429456	1649331	2258791	2517900	4164946	10322777	29205569	5773551	0	0	0	0.5628
49	18744299	16099750	16313234	18428883	3769	3769	0	0	0	93909	201186	201780	190264	199163	192179	213809	238033	216653	266815	290426	277599	377338	315869	415051	436161	447272	552316	500286	666699	638295	710760	822133	817823	914949	1129418	1205728	1440320	1668781	2273188	2539006	4186164	10310433	28893427	5742933	0	0	0	0.5857
50	18679590	16066830	16364108	18470685	8722	8722	0	0	0	112715	252392	265315	246048	254740	239995	267030	295297	259756	322754	351002	322611	448203	358154	485058	490697	502290	616445	555402	740843	701493	762824	893945	890649	980265	1215143	1296014	1540505	1787210	2397343	2749945	4466092	10074235	26728242	5710561	0	0	0	0.7249
