#Name	E:\SaveData\2016-10-18_15_18_08_1001160117_R0024_A_CL100007988_BGI12070_WESPE_result\\CL100007988\L01\CL100007988_L01_14_1.fq
#PhredQual	33
#ReadNum	40880617
#row_readLen	50
#col	48
#BaseNum	2044030850
#N_Count	353788	0.017308
#GC%	43.74
#Q10%	99.48
#Q20%	97.37
#Q30%	89.43
#EstErr%	0.252907
#Pos	A	C	G	T	N	0	1	2	3	4	5	6	7	8	9	10	11	12	13	14	15	16	17	18	19	20	21	22	23	24	25	26	27	28	29	30	31	32	33	34	35	36	37	38	39	40	41	Err%
1	13854460	8653038	9227997	9114561	30561	30561	0	0	0	599	11589	20056	18355	18584	18642	19794	20782	21268	25244	28230	31041	41974	42849	48492	64238	101754	126467	138256	177558	233115	267642	305530	367369	337769	444939	428318	465918	456815	572304	655703	1276916	3548456	28666559	1846931	0	0	0	0.1893
2	12292788	7295825	9703079	11537429	51496	51496	0	0	0	21728	17640	18622	17098	16989	17400	19436	21360	22248	27412	31675	36026	50434	50422	57442	80759	120775	149833	159211	205275	248706	281239	318989	367171	352264	464450	468168	531647	556377	725960	842513	1593077	4154546	26779812	2002417	0	0	0	0.2687
3	11661951	8723476	8658961	11805720	30509	30509	0	0	0	2258	12155	15663	14446	14498	14688	16392	18014	19067	23786	27453	32150	45241	45971	52549	76694	116927	145303	158013	201366	251776	283863	320159	371693	350740	462655	463159	522520	542279	705662	810425	1528318	4084217	27063295	2036713	0	0	0	0.1851
4	11856067	8636748	8810287	11576247	1268	1268	0	0	0	316	6550	10364	10002	10653	11531	12931	15013	16188	20797	23836	28867	40770	42943	48149	72341	112448	140417	153491	194525	244774	276974	312316	364285	345421	455136	456362	515980	541258	698907	807474	1528184	4102928	27145076	2112142	0	0	0	0.0953
5	11802468	8492211	9105794	11427663	52481	52481	0	0	0	2075	9072	11348	10565	10724	10974	12430	14240	15399	19929	22784	28307	40015	42161	46861	71903	111646	138514	152347	192263	242485	273432	308665	358912	342324	451358	456733	519372	548283	713151	822083	1558737	4170250	26963290	2135504	0	0	0	0.2240
6	11727442	8682411	8901361	11568748	655	655	0	0	0	449	6617	9537	9291	9754	10571	12282	13979	15236	19923	22931	28258	40438	41804	46842	72594	111653	139744	152110	194101	241595	273399	310158	358283	340843	450617	456174	525093	557737	727973	844085	1596264	4242611	26851071	2145945	0	0	0	0.0916
7	11884932	8524082	9112075	11359105	423	423	0	0	0	338	5176	7941	8000	8604	9412	11525	12949	14371	19423	22042	27387	39596	41298	46415	72920	110855	139482	151469	193430	239989	270944	307359	353278	340484	450543	457713	525802	561659	739391	856797	1620390	4298118	26747495	2167599	0	0	0	0.0865
8	11679286	8717720	8706807	11775699	1105	1105	0	0	0	662	5109	7315	7651	8136	9012	10975	12683	13975	19113	21862	27051	39358	41067	46088	73190	111245	139860	151406	193268	238727	269423	305658	349462	337562	447334	456962	527392	565949	751452	870564	1652637	4369611	26612675	2185078	0	0	0	0.0872
9	11606011	8670862	8739514	11863804	426	426	0	0	0	410	4939	7093	7390	7990	8768	10703	12585	13544	18776	21876	26881	39804	41059	46338	73399	110590	139704	149908	193392	237239	268156	303937	346896	336527	445145	456617	530735	571140	762629	883504	1677616	4418017	26504773	2202111	0	0	0	0.0845
10	11775626	8601123	8853196	11650433	239	239	0	0	0	446	4983	7199	7345	8035	9074	11012	12955	14106	19254	22686	27478	40680	41732	47382	75189	111896	140981	150016	194772	236078	268179	304662	345539	336572	445939	460575	535148	581263	777165	905391	1711646	4476623	26318591	2229786	0	0	0	0.0850
11	11801789	8595873	8854999	11626713	1243	1243	0	0	0	796	5217	7293	7630	8358	9486	11485	13383	14824	20438	23320	28954	42338	43293	49289	76988	113697	143765	151584	196508	235554	267389	304030	342591	337553	445457	462370	541810	591447	795156	928964	1754235	4544759	26085192	2274221	0	0	0	0.0896
12	11754962	8681684	8852379	11588096	3496	3496	0	0	0	1425	5578	7857	8292	9008	10024	12176	14235	15455	21320	24516	29879	44066	44589	51202	79315	115108	145943	153811	199906	238182	269977	306132	344280	340188	450072	466734	548277	602744	813496	952308	1789818	4608994	25855603	2296611	0	0	0	0.0984
13	11798695	8652526	8872739	11555097	1560	1560	0	0	0	767	5715	8036	8259	9319	10195	12688	14800	16039	22083	25638	30707	45395	45877	52999	81220	117644	148295	154713	201640	237544	269151	307361	343050	341582	450281	469618	552350	609718	826695	967543	1811936	4659786	25716182	2304231	0	0	0	0.0944
14	11753185	8663810	8872501	11589587	1534	1534	0	0	0	1450	6203	8729	8891	9879	10979	13904	16202	17176	23854	27425	32269	47935	47746	56238	84027	120292	151639	157382	205633	240618	272242	309278	344181	344321	452827	473476	558070	615465	840220	981856	1841656	4708225	25547777	2301018	0	0	0	0.0987
15	11700141	8733261	8879727	11542107	25381	25381	0	0	0	1705	6923	9476	9811	11043	11906	14724	17045	18402	25051	28798	33843	50608	49587	58276	86022	121616	153263	158506	206401	238591	270950	308938	342682	345834	453841	477774	566510	632755	859700	1011562	1883546	4769478	25249189	2370880	0	0	0	0.1609
16	11717271	8723052	8918962	11520209	1123	1123	0	0	0	2184	10793	14491	14903	16307	17647	20964	24266	25622	33992	38382	43652	63422	61122	73973	101127	121809	154807	158470	208206	239257	271651	310805	340661	347754	456105	481696	572472	640556	873039	1034897	1922198	4819518	24980162	2382584	0	0	0	0.1238
17	11696969	8725884	8939431	11516846	1487	1487	0	0	0	2428	11235	15172	15351	16890	18272	21908	25253	26338	34963	40370	45245	66430	62498	76093	104505	125696	158829	161462	212725	242395	274088	313223	342705	350143	459258	484953	575174	645278	884711	1041568	1932569	4850789	24878900	2361713	0	0	0	0.1281
18	11627268	8823103	8929827	11499209	1210	1210	0	0	0	2757	12055	16028	16143	17891	19374	23071	26756	27661	36685	42398	46951	68523	64700	79287	106735	127479	160898	163142	214438	242649	275983	315529	342861	352070	462337	488257	582901	655525	901107	1066266	1969903	4907666	24653299	2390082	0	0	0	0.1320
19	11634610	8803015	8973587	11468396	1009	1009	0	0	0	3106	13217	17310	17401	19107	20670	24764	28602	29432	38777	44979	49201	72483	67352	82660	110817	131742	165274	166488	219713	245705	279432	320190	346676	359067	469356	496553	592872	670865	921672	1089973	2009569	4958776	24395764	2400043	0	0	0	0.1379
20	11646078	8787761	8971996	11471979	2803	2803	0	0	0	3907	14278	18126	18869	20742	22108	26286	30144	31087	41460	47593	51435	76556	70025	86958	115110	135568	170730	171040	227289	250170	283672	325880	351133	363200	474829	506472	603694	680194	940906	1108891	2036300	5003397	24172785	2396980	0	0	0	0.1491
21	11602603	8836972	8982797	11426910	31335	31335	0	0	0	4096	15445	20098	20762	22458	23885	28350	32697	33504	43721	50251	54627	79126	73851	90997	118693	137987	175651	173825	230652	253067	287342	330642	352115	371670	482142	515235	616643	701582	963576	1145630	2086916	5065714	23792993	2453339	0	0	0	0.2265
22	11641026	8822395	9026653	11390015	528	528	0	0	0	7548	18147	21921	21580	24029	25700	30363	35036	35553	46454	53432	57273	83322	76712	95837	123291	143197	179407	177686	236534	256933	291233	335105	356759	377156	490010	522644	626333	713696	982512	1168359	2119923	5108412	23579983	2458009	0	0	0	0.1627
23	11645760	8805386	9024245	11403437	1789	1789	0	0	0	5541	19196	23267	23691	25828	27223	32352	37412	37492	49313	56435	59805	87161	80016	99885	127535	146739	185096	181664	242181	261482	295727	340897	360484	382981	495391	528862	636205	725436	998030	1187416	2145162	5147663	23362952	2462308	0	0	0	0.1709
24	11585317	8891549	9023036	11379210	1505	1505	0	0	0	6032	19715	24336	24941	27299	28602	33838	39326	39203	51151	58714	62497	91128	82574	103672	131524	150198	189535	185291	246896	264047	299981	344405	363785	387697	503038	537919	644726	736550	1015434	1209064	2174564	5185025	23137371	2479034	0	0	0	0.1761
25	11608510	8862152	9060348	11348574	1033	1033	0	0	0	6787	22417	27260	27361	29699	31412	36674	41975	42314	54435	62361	66299	95225	86589	108960	137045	155030	195128	190139	252347	268012	306246	351829	369650	396847	511589	547929	659142	756533	1034433	1237706	2210957	5228407	22824273	2506574	0	0	0	0.1868
26	11596616	8840389	9059872	11379354	4386	4386	0	0	0	8914	22966	28205	28075	31311	32808	38757	44732	44214	58019	65582	69193	99385	89839	112936	141340	159031	200276	193897	259106	272246	310579	358723	374147	402181	518286	554660	668087	763879	1052408	1254264	2237585	5252296	22626927	2501377	0	0	0	0.2030
27	11547570	8904410	9062843	11360849	4945	4945	0	0	0	8665	25664	30674	30795	33418	35495	41836	47855	47694	61165	69483	73116	104936	94128	119318	146604	164464	206877	199425	266586	278492	316399	364292	380376	410963	529001	566831	680565	781553	1072941	1277931	2271940	5291001	22329937	2515252	0	0	0	0.2154
28	11578359	8898476	9083202	11318502	2078	2078	0	0	0	8358	25936	31416	31747	34926	36932	42942	49294	49136	63739	72419	74880	108883	96384	123169	149576	167677	212289	202606	271745	282707	321268	370931	382617	417746	534656	574356	690609	793821	1088712	1299033	2295751	5327932	22128118	2516228	0	0	0	0.2128
29	11580835	8874117	9086151	11338635	879	879	0	0	0	9794	29136	33453	34188	37284	39101	45930	52887	51583	66917	76293	78524	113348	100747	128094	155863	173164	217819	207189	278599	287640	327200	377208	388986	424522	543531	584412	699341	806355	1106354	1319464	2323048	5345514	21902410	2513840	0	0	0	0.2222
30	11531190	8929652	9094489	11323832	1454	1454	0	0	0	10288	30095	35229	35482	38865	41250	47904	54858	54105	69685	79223	81819	117117	103480	131622	159911	176787	222216	211763	283538	290555	331585	382278	393302	429118	551264	591865	709386	815530	1118612	1331689	2342221	5373525	21711740	2521256	0	0	0	0.2310
31	11569931	8903510	9127430	11278390	1356	1356	0	0	0	11681	32530	37675	38090	41627	43202	50981	57907	56862	72927	82952	84878	121432	106817	138239	164274	180637	228278	215601	292224	295586	337758	388153	401264	438583	559448	599523	720088	830447	1136423	1357000	2367539	5392877	21462876	2532882	0	0	0	0.2427
32	11555260	8896601	9126472	11301022	1262	1262	0	0	0	13172	35531	40593	40728	44640	46056	54211	62206	60243	77770	87595	89414	128035	112200	144050	170854	187301	235986	222498	298916	301826	342996	397861	407487	448726	570842	611905	736104	847180	1157434	1382061	2399287	5418109	21161678	2543860	0	0	0	0.2568
33	11509205	8952920	9130700	11284540	3252	3252	0	0	0	15179	38181	43576	43331	47777	49103	57704	66158	63536	81218	91264	93545	133220	116994	150080	176266	192416	241355	227023	305834	308239	350761	405287	413643	456337	578385	621877	746954	862063	1172780	1400166	2417534	5437956	20909351	2562272	0	0	0	0.2758
34	11529580	8928737	9154066	11260797	7437	7437	0	0	0	17829	40413	46109	45843	49700	51722	60249	68962	66458	85449	96260	97280	137537	121305	155572	181320	198087	248061	232797	311186	313925	355633	412329	419081	464581	587643	631408	758393	872454	1188096	1416270	2445032	5462522	20675287	2558387	0	0	0	0.2991
35	11496887	8934336	9146149	11291689	11556	11556	0	0	0	21629	46779	51501	51172	56166	57821	66877	75923	73314	92683	104850	105623	149252	130043	167854	193102	208513	260133	242673	326901	326139	369316	425581	433473	478904	604012	649600	777747	897047	1216670	1454261	2484868	5485303	20224431	2558900	0	0	0	0.3378
36	11491222	8977756	9154767	11255516	1356	1356	0	0	0	18869	47712	52522	51937	57290	58655	67142	77860	74658	94650	106233	107011	151151	131269	169802	194870	209470	262961	243758	329368	326372	370404	428526	433209	482033	609079	651858	782575	901122	1222278	1457362	2494575	5493265	20144808	2574607	0	0	0	0.3142
37	11499845	8957832	9174325	11217753	30862	30862	0	0	0	19666	49542	54739	54304	58801	60410	70090	80062	75931	96484	108546	108792	153677	132528	173377	197927	211906	265305	246427	333236	329751	373574	432192	436238	485573	612120	657089	788006	906262	1226954	1466421	2496921	5488927	20031970	2566007	0	0	0	0.3949
38	11487824	8951232	9183234	11256546	1781	1781	0	0	0	21529	52630	57225	56406	62326	63144	73001	82742	79303	100767	112941	112897	159017	136920	178974	203136	217962	272427	252157	339662	335031	379585	439218	443287	493060	620453	665357	797439	918656	1240970	1477683	2513542	5506270	19845135	2567984	0	0	0	0.3374
39	11459053	8997962	9179286	11242549	1767	1767	0	0	0	22222	55138	59915	58986	64088	65807	76103	86001	81898	104296	116805	116141	163846	141250	184132	208817	221205	277302	256439	345928	339744	384767	444274	448022	500018	628305	674258	810146	929834	1252788	1496121	2530932	5515021	19642662	2575639	0	0	0	0.3486
40	11476704	8986343	9208747	11207340	1483	1483	0	0	0	24161	58765	63484	62637	67682	68685	78984	90717	85434	108462	120837	120804	169320	145404	189754	213983	227155	283519	260702	352532	345762	391604	452449	454778	507370	635126	681865	818519	939469	1266840	1509583	2541839	5519026	19442632	2579251	0	0	0	0.3639
41	11475627	8981772	9193555	11228320	1343	1343	0	0	0	25922	64689	68458	67767	73552	73539	84927	96555	90495	114293	126965	126805	176667	152869	198236	221468	234108	292323	268937	362665	353361	401303	462060	464955	519660	650221	693727	832473	958106	1282595	1530506	2563539	5523653	19132068	2589807	0	0	0	0.3866
42	11437225	9024474	9197301	11219304	2313	2313	0	0	0	28325	67974	71849	70373	76015	76229	87458	99308	94092	118865	131953	131038	182355	155932	204186	227684	238303	298483	274477	369086	360440	406255	468786	470997	527170	658101	704154	842859	968169	1297148	1543551	2580287	5531346	18933423	2581633	0	0	0	0.4037
43	11447534	9012924	9225037	11188522	6600	6600	0	0	0	29816	71115	75210	73666	79600	80023	91543	104094	97823	123330	135813	135408	187525	160459	210381	232307	244807	305353	280388	376266	365809	412364	477431	478054	536000	666733	712201	851604	980341	1308607	1559261	2594454	5532423	18717035	2586773	0	0	0	0.4297
44	11438842	8990831	9228795	11220117	2032	2032	0	0	0	32655	76780	79622	78158	84078	83819	96072	108778	102497	129193	142159	140529	194049	166668	217546	240382	250027	312847	286474	384401	372116	420135	486165	485175	544686	677123	721279	862219	991224	1322867	1574105	2609010	5534521	18491189	2580037	0	0	0	0.4399
45	11390572	9056523	9222214	11207012	4296	4296	0	0	0	35970	82463	85753	83450	89538	89170	101647	115431	107628	134603	149068	146674	202637	172367	226526	247769	258013	321055	293923	393337	380258	429075	495075	494665	552604	687664	732378	875012	1004662	1333120	1588965	2624419	5530314	18229468	2581620	0	0	0	0.4707
46	11411866	9047858	9258893	11156946	5054	5054	0	0	0	37525	87434	90255	88017	94086	93445	106833	120311	111716	139987	154857	150858	209420	178332	233414	254956	264584	328754	298958	403103	388778	435916	503064	501085	562683	697510	742916	886992	1015390	1349249	1608319	2643426	5534081	17985299	2574010	0	0	0	0.4923
47	11406812	9035690	9245162	11190670	2283	2283	0	0	0	40426	92492	94622	92103	98637	97603	110915	125096	115959	145736	159971	157193	214475	183821	240089	260605	269472	335846	305219	410447	395354	442588	510064	509088	569657	706649	750390	894861	1026396	1358107	1615892	2649581	5530748	17787678	2580554	0	0	0	0.5060
48	11358582	9099232	9243283	11177774	1746	1746	0	0	0	42562	96202	98085	95039	102288	100374	113679	128685	119052	148297	162596	159812	219299	186453	244226	264167	272619	339100	308845	414143	397937	446136	514596	512710	575791	710085	756513	902757	1035511	1366682	1626926	2652852	5522796	17657085	2584971	0	0	0	0.5191
49	11417181	9069991	9254267	11137424	1754	1754	0	0	0	44419	102507	103357	99908	107111	104901	118374	133533	123527	153625	168930	165762	224777	192699	251300	271596	279516	345850	315919	421579	404243	453311	522360	520538	584794	719443	763527	913166	1043494	1373621	1630985	2659685	5516510	17461521	2582475	0	0	0	0.5411
50	11373463	9054181	9282961	11165698	4314	4314	0	0	0	53376	130367	137267	129564	136028	131160	147437	163453	147443	185219	202083	190834	263596	216317	289726	303564	310300	381554	346028	463575	440394	486515	561010	559964	619321	768371	811596	961744	1102463	1440304	1718410	2746675	5461486	16310217	2558942	0	0	0	0.6676
