#Name	E:\SaveData\2016-10-18_15_18_08_1001160117_R0024_A_CL100007988_BGI12070_WESPE_result\\CL100007988\L01\CL100007988_L01_12_2.fq
#PhredQual	33
#ReadNum	69589935
#row_readLen	50
#col	48
#BaseNum	3479496750
#N_Count	1532778	0.044052
#GC%	45.96
#Q10%	96.81
#Q20%	89.94
#Q30%	77.12
#EstErr%	1.115867
#Pos	A	C	G	T	N	0	1	2	3	4	5	6	7	8	9	10	11	12	13	14	15	16	17	18	19	20	21	22	23	24	25	26	27	28	29	30	31	32	33	34	35	36	37	38	39	40	41	Err%
1	22117465	16585426	16004422	14879771	2851	2851	0	0	0	7124	23447	30946	33889	40923	47761	94329	116323	109753	158338	184617	173713	292604	203093	326974	337838	395892	474736	426555	640285	549162	661602	775618	770302	829387	1104668	1178261	1384738	1574048	2483463	2250831	3820214	11307905	31977510	4800235	0	0	0	0.2127
2	19130379	13664100	16850864	19941374	3218	3218	0	0	0	28231	61661	75252	77168	90910	92110	157942	192385	161702	235206	263613	230238	385062	253544	419405	411358	454265	552284	479587	719291	615998	711323	838736	824293	875589	1157561	1220085	1424840	1610558	2498793	2348333	3910855	11387335	30107571	4713633	0	0	0	0.3376
3	18254096	16301612	14637513	20390506	6208	6208	0	0	0	54294	90752	101404	98232	112293	106839	180497	216347	176995	257884	286783	246287	411398	269752	447577	440682	467235	579672	492858	742843	644968	715029	862942	850954	874925	1171155	1231321	1429750	1607726	2470729	2345753	3870135	11319751	29875084	4532881	0	0	0	0.4077
4	18692230	15991365	15019770	19881215	5355	5355	0	0	0	68561	122351	128429	120896	131531	127623	199941	233013	202226	271271	301153	270814	414057	300265	452596	450221	476803	581134	514498	733287	655803	730916	863144	853550	915350	1174572	1239634	1456195	1667188	2438334	2470845	4066748	11198246	28188434	5564951	0	0	0	0.4650
5	18623684	15638335	15593543	19726672	7701	7701	0	0	0	63688	114346	126251	119089	131058	124625	205407	241249	198473	282145	312568	269513	433100	293167	471871	463322	481401	600053	512234	760090	669415	726874	880104	870484	891070	1184689	1247206	1447125	1630874	2443545	2410737	3942989	11229821	28987242	4816409	0	0	0	0.4644
6	18206650	15951251	15401504	20019678	10852	10852	0	0	0	77520	136933	140770	131664	141577	137945	213772	246758	214365	284149	316130	282283	428574	312128	467150	462838	485826	596759	521190	743669	666439	737867	872600	860278	921725	1180278	1245052	1458185	1664508	2427106	2467451	4050214	11184313	28057640	5443427	0	0	0	0.5052
7	18730969	15542847	15792828	19518098	5193	5193	0	0	0	73543	125891	133911	126647	137445	131055	210488	247209	205285	286226	315981	275674	437371	298432	473973	468255	482375	603673	512584	758236	671153	727199	880152	868497	895706	1181511	1245369	1447110	1635307	2423233	2428371	3974646	11201199	28777535	4923500	0	0	0	0.4825
8	18111911	16105955	14886246	20481125	4698	4698	0	0	0	87622	155819	160323	148792	158323	151967	232542	265548	230307	301277	332413	297989	444012	327757	482847	479657	496763	611817	533965	755618	682148	747259	890352	877686	939338	1198676	1266300	1485209	1695391	2429989	2513112	4091483	11070024	27613012	5429900	0	0	0	0.5407
9	18039315	15895428	15117560	20531117	6515	6515	0	0	0	75225	143403	150571	142752	152735	148497	227500	261086	226191	297467	328077	296309	439439	326379	480598	477342	493668	609832	533231	752896	681367	746709	887014	875227	937818	1196793	1264603	1484464	1695474	2426937	2519771	4102496	11085950	27590028	5525571	0	0	0	0.5208
10	18336039	15769127	15454975	20020409	9385	9385	0	0	0	98012	178499	185164	169982	179480	169156	252429	287102	244865	320673	351631	312268	464499	339642	502355	495065	508686	627247	545269	771746	699224	754571	899308	889547	943031	1209809	1274979	1491438	1700640	2429084	2519662	4086418	11000051	27316824	5362194	0	0	0	0.5989
11	18422151	15717139	15439765	20001881	8999	8999	0	0	0	72620	149082	155676	148015	160471	154001	238215	273104	233271	309806	342206	303945	455175	332823	494964	489433	500749	623814	541244	766424	694280	751263	897469	886709	937138	1202387	1267449	1487453	1691175	2430259	2507915	4070338	11052854	27635613	5323596	0	0	0	0.5390
12	18334505	15886067	15470192	19894144	5027	5027	0	0	0	82925	166711	175552	163425	174167	165907	251838	287306	245586	323662	354000	315259	466383	342278	507144	501798	509835	634780	549879	775492	706346	757345	905995	897184	942316	1210729	1276227	1492817	1704500	2432210	2529559	4092490	11008054	27316138	5319071	0	0	0	0.5727
13	18418958	15836895	15527082	19785177	21823	21823	0	0	0	92983	184515	190976	177352	184811	176246	262946	298609	254574	332912	364505	326255	476451	352042	517923	511142	516027	643023	557146	781565	715901	764174	914783	905894	955214	1221882	1285921	1505046	1718523	2437237	2552559	4107944	10958851	26982037	5340143	0	0	0	0.6315
14	18360957	15850380	15529397	19842420	6781	6781	0	0	0	98143	198131	204115	186350	195962	185497	272472	308633	264770	341002	373002	334752	482839	362884	522802	519878	524912	649566	568639	787012	727266	774229	923035	915828	969072	1229007	1300178	1519491	1739736	2447164	2574103	4149892	10892019	26620756	5420017	0	0	0	0.6368
15	18290254	15972175	15570314	19750067	7125	7125	0	0	0	97810	201842	211549	193536	201929	190020	279363	314206	267564	347306	377804	337222	490373	362924	530450	524455	525951	654631	568111	793140	730913	770616	923861	919803	962245	1230266	1299116	1513974	1728702	2436541	2567740	4124375	10907171	26622971	5374330	0	0	0	0.6490
16	18284802	16004956	15620455	19672031	7691	7691	0	0	0	122054	256757	261488	240520	249209	233913	264801	299429	258106	332268	363130	329533	471665	358621	513521	512304	517256	640584	565461	776598	725416	770029	919797	915127	969160	1229189	1300016	1522821	1751075	2447681	2595153	4168679	10859033	26381497	5460353	0	0	0	0.7301
17	18250888	15985850	15659294	19681853	12050	12050	0	0	0	139339	288319	296053	267971	275121	255300	286691	319490	274764	351031	381404	346401	489633	373885	529002	528514	530354	654525	578343	789548	740484	779065	931581	928015	979526	1241973	1312305	1534083	1760720	2446291	2610953	4175679	10780852	25992349	5408321	0	0	0	0.8033
18	18113790	16183435	15632547	19649576	10587	10587	0	0	0	137277	286969	292150	264455	271779	253520	283496	317802	274682	349964	381506	345909	488130	372544	530493	529982	529112	654848	578119	791296	743932	779400	934730	934031	982466	1247282	1318301	1542999	1773999	2449756	2628429	4196934	10780828	25878438	5453790	0	0	0	0.7952
19	18172235	16103106	15743292	19545339	25963	25963	0	0	0	134260	296272	303884	276132	282630	263077	294213	328519	282752	360432	391547	354300	500404	380760	541237	537361	536075	665646	585791	799898	751146	783622	941377	939696	987749	1251773	1323710	1545685	1772926	2448635	2634068	4196871	10740928	25725956	5404640	0	0	0	0.8382
20	18170090	16080605	15746616	19580418	12206	12206	0	0	0	157386	335837	338158	302959	307672	283208	314601	348379	298974	377327	407857	370833	513494	397370	554404	550723	549638	678347	600616	808181	767761	800767	955333	954495	1010513	1271515	1342982	1568334	1804532	2463398	2665800	4227595	10637073	25220685	5390982	0	0	0	0.8910
21	18082653	16188531	15781230	19514810	22711	22711	0	0	0	157320	330745	330640	297280	301289	277386	307515	342353	294355	370115	402354	365430	506018	393299	548100	545796	542147	671137	597137	804018	761103	795878	949751	952789	1008225	1268301	1337475	1569213	1806066	2464336	2675401	4244174	10648056	25270533	5431489	0	0	0	0.8927
22	18161267	16131293	15850834	19386141	60400	60400	0	0	0	172764	370112	376553	332793	333552	305823	336137	369713	317945	395271	425549	387804	529058	415129	570549	566226	564233	692389	618485	822798	785511	815605	968742	972386	1029611	1284464	1359874	1589921	1827122	2472772	2693206	4250901	10519814	24688968	5367755	0	0	0	1.0299
23	18233244	16047891	15788404	19408563	111833	111833	0	0	0	160503	361940	369299	330481	331945	305421	335885	369679	316342	396272	426802	387911	530565	412193	572498	566694	563546	691841	617131	823252	785600	811569	969706	972416	1027785	1287808	1359522	1587589	1827164	2471765	2693810	4247569	10510323	24687170	5368106	0	0	0	1.0893
24	18073008	16211385	15856736	19383181	65625	65625	0	0	0	194430	410741	414357	362777	359307	324516	356765	389415	334525	412495	444147	404659	545336	431052	586970	579786	577686	706527	633640	834124	799963	826069	983920	987931	1045320	1300474	1376745	1605775	1847909	2482289	2717101	4260151	10405381	24233894	5348133	0	0	0	1.1120
25	18172368	16162106	15936712	19304523	14226	14226	0	0	0	169546	385756	388129	346866	346352	319078	349456	383985	329187	408490	440442	400333	544553	424754	586512	580471	573872	705479	628756	834932	798679	824085	983953	985874	1041124	1300491	1373664	1606460	1850191	2487320	2726713	4284312	10462401	24337219	5366274	0	0	0	0.9915
26	18192416	16080098	15927487	19324509	65425	65425	0	0	0	183613	425587	436416	384650	381955	347054	379399	413005	352615	433686	465882	421070	568284	446104	607801	598812	591589	724145	647991	850872	820026	836889	999385	1004398	1059479	1316676	1391081	1620897	1864558	2486231	2733539	4266978	10327799	23870358	5265686	0	0	0	1.1498
27	18048769	16284194	15902489	19338162	16321	16321	0	0	0	197895	443094	449827	394212	389783	351838	384727	417040	355978	439161	469784	426321	572290	449981	611985	604569	596547	728744	654470	856568	829095	842581	1008403	1013096	1070295	1328369	1402658	1637747	1884177	2503745	2759679	4291704	10288948	23666253	5252050	0	0	0	1.1089
28	18118340	16205026	16016929	19218687	30953	30953	0	0	0	246500	535109	547502	468897	456003	404623	439336	472218	397928	486108	516779	463331	615407	484295	653905	638793	625908	763662	684217	886967	860644	865470	1037367	1040480	1091508	1350127	1424973	1651497	1898377	2501861	2761333	4263289	10080398	22839361	5104809	0	0	0	1.3122
29	18156424	16167163	15982005	19265934	18409	18409	0	0	0	202886	476776	486614	426590	418217	379357	410577	442320	379021	460491	491664	447031	592167	469722	630229	620301	613423	745422	672839	868651	845388	860410	1023140	1030204	1089140	1340761	1418850	1651485	1900887	2506924	2773140	4295556	10164482	23205529	5231332	0	0	0	1.1794
30	18067186	16282703	16003311	19213619	23116	23116	0	0	0	177991	451696	459698	410037	405416	369354	399644	432713	372666	451265	485358	441980	582683	463462	622848	614445	606048	738263	667999	865516	841937	855249	1019169	1026448	1084475	1341992	1416958	1654512	1905284	2516446	2783883	4319318	10215153	23299178	5267735	0	0	0	1.1358
31	18128703	16258338	16042995	19141582	18317	18317	0	0	0	205072	493531	499795	440031	431384	389315	421275	455289	387728	471330	502814	454247	603419	478721	643262	631781	619975	756305	681242	881039	859869	866424	1036163	1044566	1100483	1357858	1440221	1673594	1928237	2525389	2806478	4330237	10107589	22888432	5158523	0	0	0	1.2089
32	18197980	16180029	15995334	19174676	41916	41916	0	0	0	222986	538129	553969	482839	470544	420522	453580	484775	412633	498039	530914	480303	628856	501819	668086	652037	639899	777323	703481	899954	879263	883730	1054246	1062442	1121172	1377726	1455439	1683880	1939806	2526450	2809182	4310967	9960691	22392451	5069886	0	0	0	1.3383
33	18100126	16249601	16068284	19148630	23294	23294	0	0	0	220378	544011	556334	485639	472046	423861	456441	488290	415261	500174	533122	483501	630660	502597	667255	654347	640716	778765	703340	899499	882690	884052	1056907	1064223	1120328	1374783	1455760	1685890	1946356	2528404	2815076	4314969	9943436	22344690	5092840	0	0	0	1.3169
34	18132900	16245096	16146938	19043781	21220	21220	0	0	0	214498	544168	553149	486827	472081	425460	455906	489531	417544	502112	533481	483947	631374	506293	668033	657512	644683	779467	709250	902856	887142	890788	1060254	1068832	1130273	1383756	1462688	1696610	1955059	2536034	2827856	4329360	9940216	22238633	5083042	0	0	0	1.3111
35	18189427	16211380	16114521	19050789	23818	23818	0	0	0	231138	584784	603427	524341	508600	452070	484540	516636	438352	523733	556614	502608	651409	523310	688283	670557	658639	796779	723647	915524	901877	898340	1073145	1083412	1140447	1391651	1474791	1704148	1963341	2535925	2829117	4313639	9816054	21879144	5006095	0	0	0	1.4003
36	18099095	16271991	16115748	19037159	65942	65942	0	0	0	235826	606437	626892	542792	524383	467281	500324	531285	451132	536063	568970	515634	662741	535353	700785	682503	669800	805476	736637	924157	914719	909898	1085331	1093447	1155320	1405205	1485456	1714869	1975485	2536586	2840005	4312753	9729175	21593340	4947933	0	0	0	1.5026
37	18176426	16256063	16184612	18927299	45535	45535	0	0	0	240866	620796	642528	557905	538906	478282	510350	542427	459254	544550	578505	523620	672512	542389	709309	689574	674462	812836	740132	929854	921654	911800	1089064	1097311	1157098	1408054	1488665	1717766	1978548	2536177	2837273	4306014	9711370	21453591	4920958	0	0	0	1.5041
38	18115529	16242817	16155062	19004988	71539	71539	0	0	0	254031	657640	674142	584223	561781	498220	530175	561821	475431	563929	597552	539189	691618	556597	727599	707954	691249	833572	761237	950443	945366	933696	1112961	1124205	1181685	1435819	1519806	1750755	2014036	2561650	2871814	4319511	9556468	20997390	4774831	0	0	0	1.6063
39	18021724	16309046	16187731	18954718	116716	116716	0	0	0	258231	668573	689963	594325	570451	506510	537053	567276	479980	569299	602366	543635	695469	561790	731063	709862	692275	834968	763837	950851	944054	932761	1114013	1124323	1184421	1436350	1518226	1748312	2012746	2557696	2869584	4328447	9526768	20845564	4802177	0	0	0	1.6940
40	18054376	16299408	16284712	18913886	37553	37553	0	0	0	264153	694117	711590	615457	589633	521469	552644	582804	493394	581926	613292	555817	704594	572504	739899	716729	702783	843146	772592	958724	954113	941479	1119416	1132129	1190649	1440781	1522385	1753061	2017630	2558603	2869794	4309763	9501723	20670432	4783157	0	0	0	1.6249
41	18196391	16233270	16235362	18890301	34611	34611	0	0	0	247560	684127	709254	617326	590691	524692	555057	585138	497815	584019	617773	558692	707704	576488	742765	720471	704353	844672	774434	957060	956825	941914	1120599	1131899	1191780	1442811	1522375	1753193	2017558	2555729	2869870	4314560	9468898	20645212	4822010	0	0	0	1.6091
42	18036127	16375750	16271123	18874999	31936	31936	0	0	0	262201	719901	741899	642809	615790	544858	574086	604027	511486	600052	632960	572879	722687	588598	756116	731486	716065	856620	789222	968789	971016	951492	1132036	1146876	1204861	1455121	1537166	1768453	2032567	2566282	2880554	4312124	9397859	20307009	4742052	0	0	0	1.6693
43	18048673	16342711	16331082	18832682	34787	34787	0	0	0	272676	745353	768279	660536	634236	558293	588761	618026	523348	610424	644009	584445	734954	600651	767952	744983	727423	868985	801967	982292	985085	966344	1148115	1162040	1226222	1470678	1555432	1787412	2056506	2578144	2904440	4323756	9291161	19962589	4699631	0	0	0	1.7209
44	18150653	16254013	16293158	18850672	41439	41439	0	0	0	287762	795494	830797	713242	678468	595938	628060	653952	555214	644419	675492	610132	762120	623190	793052	764534	747862	890396	820890	997754	1005785	977875	1161968	1174371	1235775	1476269	1561969	1787559	2053110	2565593	2882488	4273481	9152411	19582771	4588303	0	0	0	1.8380
45	18101131	16343955	16302103	18802427	40319	40319	0	0	0	282001	789675	828627	711656	677533	596558	629070	655250	555994	643483	678453	612086	766112	625866	796791	766939	748848	893358	822425	999958	1008335	981991	1169665	1179700	1240979	1485640	1570077	1797020	2059942	2572664	2895685	4283399	9126028	19522916	4574892	0	0	0	1.8302
46	18149164	16311458	16369973	18710046	49294	49294	0	0	0	292090	824565	867876	745377	707118	620843	650341	675482	573696	663686	695710	627060	782560	640537	810452	778829	763324	905049	835221	1012617	1020942	989927	1175932	1189127	1249239	1489569	1579293	1801110	2065623	2569811	2886928	4259724	9032730	19242975	4515278	0	0	0	1.9119
47	18089362	16290762	16384093	18769877	55841	55841	0	0	0	296286	841191	880318	755947	716405	628653	660273	683739	580634	669303	703322	633965	787613	644308	817134	785301	767841	909916	841674	1015373	1028850	996026	1182218	1195834	1257793	1497923	1583277	1808375	2076200	2569257	2894829	4266677	8991560	19076884	4489195	0	0	0	1.9474
48	17993389	16391788	16396676	18716957	91125	91125	0	0	0	282985	830114	868716	751094	712142	625903	656367	683420	578303	668802	704658	635201	788687	647165	817069	785358	768254	910278	842187	1017823	1029156	996269	1184419	1195910	1258008	1500000	1586481	1814170	2082205	2576666	2902683	4273122	8993296	19051479	4480420	0	0	0	1.9779
49	18086560	16336575	16473134	18647758	45908	45908	0	0	0	310746	893492	941606	806010	762884	664793	698415	721699	610543	702457	737103	660707	817513	672042	845129	807959	790927	933015	864510	1039719	1051423	1013407	1204208	1214547	1274218	1512639	1600146	1816294	2082040	2569458	2887593	4225848	8825595	18632116	4353226	0	0	0	2.0409
50	18070501	16329975	16500899	18656139	32421	32421	0	0	0	304867	931182	987684	854193	809201	710050	742020	768177	652221	747976	781375	703551	870573	716870	899776	854357	841033	989721	922081	1099637	1118334	1071106	1279466	1291805	1361811	1601662	1706198	1920950	2197430	2661583	3001278	4300652	8475189	17258004	4125501	0	0	0	2.1166
