#Name	E:\SaveData\2016-10-18_15_18_08_1001160117_R0024_A_CL100007988_BGI12070_WESPE_result\\CL100007988\L01\CL100007988_L01_10_1.fq
#PhredQual	33
#ReadNum	91272144
#row_readLen	50
#col	48
#BaseNum	4563607200
#N_Count	848982	0.018603
#GC%	45.31
#Q10%	99.46
#Q20%	97.57
#Q30%	90.64
#EstErr%	0.247221
#Pos	A	C	G	T	N	0	1	2	3	4	5	6	7	8	9	10	11	12	13	14	15	16	17	18	19	20	21	22	23	24	25	26	27	28	29	30	31	32	33	34	35	36	37	38	39	40	41	Err%
1	30610224	20230104	21212867	19145394	73555	73555	0	0	0	1272	24994	44973	41178	41302	40339	43255	45067	44854	50636	58185	59741	77841	80270	93980	103835	174408	209115	228116	280170	366709	419647	497954	644100	656564	949034	1034107	1323968	1369891	1551344	1051660	1973704	8450414	60177768	8988194	0	0	0	0.1874
2	26701661	17023611	22369886	25057218	119768	119768	0	0	0	45738	35592	38623	34102	33952	34102	37460	40680	42042	49845	57330	62393	85146	87057	101845	127081	202856	247329	267416	335465	425985	482985	560854	685081	684976	946885	1019653	1279350	1395327	1751556	1349733	2518588	9776691	58020467	8288191	0	0	0	0.2575
3	25483060	20452423	19694734	25571227	70700	70700	0	0	0	5709	25038	31863	28431	28250	28449	31079	34076	35347	42768	49572	55752	76560	79563	92779	121196	196917	241214	266923	334142	429908	487923	568876	700672	698136	967244	1031378	1287201	1392461	1743752	1326717	2462949	9735608	58313995	8248996	0	0	0	0.1744
4	25929672	20103466	20086871	25148979	3156	3156	0	0	0	554	12277	19690	19216	20391	21296	24467	27772	29962	37161	43804	50011	69779	73277	85286	114485	190792	235427	260914	325913	422971	480639	558969	689754	687710	948808	1013003	1264181	1376311	1733008	1336552	2486556	9860449	58307779	8439824	0	0	0	0.0828
5	25711564	19768676	20791291	24884824	115789	115789	0	0	0	4658	17893	22229	21069	20621	21026	23592	26432	28238	35524	41652	48485	67777	71845	83674	114572	189161	234484	261043	325942	422258	478703	559055	685116	681173	940993	1005934	1257651	1374781	1759415	1376773	2567100	10042191	57980025	8365270	0	0	0	0.2103
6	25444210	20276392	20370353	25179493	1696	1696	0	0	0	1006	12258	18567	18090	18906	19964	22838	26156	28204	35443	41620	48833	68350	72239	83972	116515	191340	237997	261747	331684	424782	483606	563216	685791	683387	938925	1003259	1253067	1381534	1789649	1422466	2656775	10229212	57822764	8276286	0	0	0	0.0798
7	25893636	19814193	20872558	24690671	1086	1086	0	0	0	674	9876	15496	15560	16530	17907	21115	24116	26463	34396	40523	47942	68326	71719	82971	118208	191479	236894	262763	331674	425208	482732	561124	680526	679025	933347	999694	1244873	1376022	1805447	1456644	2724269	10391207	57610557	8265751	0	0	0	0.0754
8	25317332	20336105	19889525	25726208	2974	2974	0	0	0	1587	10016	14917	14738	15869	17356	20595	24044	26036	34238	40015	47623	68289	71432	82886	119421	192487	241489	265801	336747	427160	484797	564847	678565	677610	927911	992502	1235426	1372586	1822799	1490494	2792838	10542327	57391976	8221746	0	0	0	0.0774
9	25202320	20148763	20107401	25812494	1166	1166	0	0	0	780	9194	14192	14286	15443	16658	20270	23461	25449	33792	40087	47435	68325	71780	83593	120465	193857	241836	265668	337969	425571	484757	564054	675149	674987	923540	988100	1230124	1369426	1839080	1523100	2860028	10687171	57154893	8226458	0	0	0	0.0742
10	25588887	19977523	20431730	25273364	640	640	0	0	0	793	9860	14508	14723	16242	17662	21153	24297	26833	35787	41630	49457	71670	74200	86678	125607	197731	247644	269312	344039	427904	488098	566530	671502	675395	920864	986781	1228210	1377897	1867415	1574280	2947764	10861695	56767678	8219665	0	0	0	0.0753
11	25596090	19932631	20486330	25253808	3285	3285	0	0	0	1756	10583	15358	15609	17274	18744	22577	26506	28426	37595	44001	52308	75424	77637	91050	130173	201836	253093	273213	350164	431360	488313	571167	669939	676603	919325	985209	1224724	1378318	1891173	1625297	3049796	11028567	56304326	8281415	0	0	0	0.0809
12	25493322	20142611	20490483	25136660	9068	9068	0	0	0	3237	11237	16311	16685	18398	20257	24345	28092	29825	40388	46906	55260	79334	81536	95799	136109	207676	260599	279383	358043	437077	496468	577057	673671	681574	923032	991154	1230451	1391755	1920173	1679498	3139038	11190962	55849311	8272435	0	0	0	0.0905
13	25691689	20027294	20533669	25015583	3909	3909	0	0	0	1503	12046	17272	17449	19462	21172	25396	29459	31528	42558	49457	57237	83446	83394	98991	140761	212932	266756	283608	364700	440510	499935	582438	673462	683666	924678	991473	1231559	1396588	1946130	1715152	3204539	11325584	55567835	8225559	0	0	0	0.0863
14	25562589	20087238	20503813	25114109	4395	4395	0	0	0	3472	13259	18904	19113	21096	22771	27848	32426	33923	45838	52839	60673	89008	88034	104958	147673	219019	274238	289591	373755	446400	506904	590316	680638	690050	930090	998442	1237131	1404183	1965846	1751016	3264949	11441126	55265141	8157079	0	0	0	0.0914
15	25390115	20283283	20513431	25022876	62439	62439	0	0	0	3522	14807	20817	21199	23059	24777	30278	34875	36630	48413	56274	64107	93816	91504	109958	151262	222516	279006	292666	378281	446885	506705	590494	673607	691344	927765	995709	1238612	1411800	1984046	1809031	3372144	11588832	54664128	8310836	0	0	0	0.1587
16	25450895	20208713	20649280	24959913	3343	3343	0	0	0	4934	23584	33085	33117	35770	37681	44312	50558	52908	67118	78087	85810	121637	117265	143109	184445	224392	282270	295163	383113	448283	510000	593391	672054	694593	929283	1000579	1240747	1424858	2011135	1865289	3462990	11716443	54108927	8291871	0	0	0	0.1168
17	25405343	20209372	20669099	24984101	4229	4229	0	0	0	5749	25362	34917	34757	37553	39700	46653	53305	54625	70440	81204	87938	127641	119778	148483	189646	230981	290616	301149	392402	455911	518514	601446	681044	699380	938198	1007994	1247749	1429550	2031629	1883886	3497413	11798162	53944712	8159428	0	0	0	0.1220
18	25221103	20464480	20658837	24924297	3427	3427	0	0	0	6672	27377	37425	37083	39975	42169	48975	55759	57563	74024	85327	91659	132420	124405	153582	195715	236526	297861	305100	399883	459792	521441	606005	681080	705832	939630	1013206	1255567	1442298	2054987	1934352	3584841	11923071	53497750	8199365	0	0	0	0.1260
19	25317192	20340812	20780571	24830444	3125	3125	0	0	0	7451	30357	40261	40452	43310	45636	52988	60589	61674	79033	90938	97625	140170	130438	161431	203645	244793	307377	314230	409875	468174	531627	616421	688618	714971	948368	1024056	1265992	1463322	2091437	1992247	3682291	12051580	52998914	8168728	0	0	0	0.1325
20	25305883	20285407	20794656	24878895	7303	7303	0	0	0	9293	33052	43574	43022	46536	48689	56850	64772	65969	83514	95873	102436	147850	137118	170337	212384	253684	317701	324114	423257	477171	542217	629308	695681	724514	959785	1039270	1282968	1479106	2118676	2036360	3747278	12165679	52599987	8086816	0	0	0	0.1442
21	25190235	20441495	20824356	24744455	71603	71603	0	0	0	9819	36783	47645	46794	50546	52958	61006	69721	70580	89225	103402	109233	155437	143332	179185	222252	261270	327786	329239	433116	483388	548334	637272	700450	737451	972112	1051042	1297058	1507653	2158384	2122455	3877756	12314684	51801670	8191503	0	0	0	0.2225
22	25301749	20398329	20924492	24646094	1480	1480	0	0	0	16750	42164	51941	50896	54560	56977	65778	75120	75058	95258	109277	114339	163641	150111	188448	230417	271055	338196	338265	444848	492707	557905	649462	707975	749778	986884	1065371	1314505	1526482	2193142	2171686	3957303	12423764	51371740	8168861	0	0	0	0.1571
23	25317342	20347707	20901257	24701047	4791	4791	0	0	0	13518	44756	55990	54907	58884	60729	70180	79898	80104	101317	115603	120591	171460	155074	196827	240424	279206	349025	347388	456944	503874	567280	661184	717775	760881	998908	1078707	1331222	1545758	2217674	2216121	4028815	12513420	50956270	8116639	0	0	0	0.1667
24	25189003	20535052	20884779	24658829	4481	4481	0	0	0	14427	46621	58787	57770	61547	64038	74200	84690	83400	105316	120825	125341	179353	161988	204619	248535	286526	359085	355361	468146	510295	575680	672363	725652	771708	1008091	1093801	1342664	1563042	2246855	2262317	4098914	12613895	50499596	8122215	0	0	0	0.1725
25	25263307	20498500	20967738	24539704	2895	2895	0	0	0	16534	53388	64917	64058	67962	70164	79808	91067	90054	113185	128903	133206	188820	170644	215280	258641	296887	370538	365442	480850	520086	589407	684485	735930	787983	1025207	1111462	1367944	1597851	2290088	2327758	4193587	12710671	49854151	8152291	0	0	0	0.1831
26	25245530	20421908	20980825	24612124	11757	11757	0	0	0	21807	54824	67436	65951	71043	73347	84256	95591	94351	119176	134845	139270	197907	177860	225217	269292	306296	382599	375703	494882	531466	599263	697195	744619	798636	1037591	1123837	1379337	1609083	2307845	2363383	4257526	12776510	49482771	8099672	0	0	0	0.2009
27	25107803	20606794	20961031	24584833	11683	11683	0	0	0	21264	60216	72830	71118	76690	79392	90452	102131	100573	126600	143792	146107	208357	186191	235893	279865	316108	396063	385897	511040	543352	614340	713076	756742	815979	1057115	1141299	1402668	1638002	2347240	2424672	4336900	12882366	48912730	8063401	0	0	0	0.2111
28	25193734	20544425	21051920	24477195	4870	4870	0	0	0	20453	63225	74829	74960	80070	82223	94072	106748	104587	131520	148771	151867	215545	192314	243583	288634	324759	405165	392707	520513	551688	621452	722770	764953	828976	1067828	1157608	1418382	1657812	2376405	2466754	4404975	12960263	48494344	8056519	0	0	0	0.2094
29	25196252	20496992	21042737	24533629	2534	2534	0	0	0	23866	68410	81019	79518	85533	87338	100162	113160	110400	139125	157123	159369	225954	199325	255273	298540	335191	417578	404500	536230	562113	634466	737819	776484	841807	1086761	1177184	1440398	1682803	2407690	2514086	4476504	13026925	48022839	8004117	0	0	0	0.2186
30	25071001	20638959	21056669	24502186	3329	3329	0	0	0	25185	72216	85221	82966	89941	91038	104830	118628	114510	143521	163493	164432	233472	204876	263706	307667	342664	427679	411370	548218	569576	644076	748445	784035	854094	1099087	1187939	1455658	1699379	2434817	2554306	4526883	13084246	47647868	7982773	0	0	0	0.2276
31	25169702	20559460	21158622	24380502	3858	3858	0	0	0	28494	78077	90266	88519	94552	96794	110200	125204	120948	151738	171626	172387	244229	214677	274398	318007	353375	441088	422228	561745	580038	655201	761933	797631	868775	1115621	1208852	1474453	1728712	2464272	2606777	4600841	13153236	47109504	7983888	0	0	0	0.2399
32	25177387	20512557	21121288	24457592	3320	3320	0	0	0	31743	84702	96888	95150	102165	103725	118010	133563	128603	161311	180895	181544	256426	224300	287676	331838	364970	456005	433961	577781	594720	671339	780202	811965	889940	1138984	1231595	1503998	1758430	2504117	2665621	4682697	13212782	46506575	7964603	0	0	0	0.2537
33	25033098	20688162	21133450	24408766	8668	8668	0	0	0	37021	91099	103384	101334	107450	109296	124295	141008	134814	169358	189555	190125	265982	233365	300062	342768	375904	468519	444873	591229	607982	685373	793615	824059	906522	1153893	1246813	1526139	1786017	2534267	2709176	4745700	13262412	45982822	7977245	0	0	0	0.2732
34	25095365	20614834	21209135	24333676	19134	19134	0	0	0	43042	97057	109406	106101	113957	114888	131280	147335	141651	176694	197893	196849	276850	241729	311595	353887	386579	481033	457410	606474	616759	696706	810747	835043	921638	1171259	1268519	1546412	1807489	2560789	2754531	4807573	13308638	45519180	7936017	0	0	0	0.2982
35	25043127	20600871	21163403	24435630	29113	29113	0	0	0	51373	108936	121539	118867	126684	127796	144101	162504	154836	192825	215716	215375	298665	258857	333271	375971	407082	505312	476971	634475	643757	722289	839658	862610	954629	1208177	1306128	1588390	1854725	2613927	2842382	4920208	13347687	44660506	7846802	0	0	0	0.3358
36	24973907	20745318	21191504	24357652	3763	3763	0	0	0	45055	112830	125723	120932	128956	129966	146407	165158	157249	196831	219208	216923	305020	262367	339103	379967	411799	512609	483008	641276	646054	727295	845635	865352	958121	1212405	1310850	1592066	1858610	2621072	2854254	4947277	13380238	44471483	7877282	0	0	0	0.3107
37	25025130	20679766	21271808	24225665	69775	69775	0	0	0	46730	117465	128806	125449	134124	133656	151171	170379	161075	200593	224740	221901	309715	266777	346060	387176	418457	518514	487254	648025	651007	732151	850574	873269	965602	1221440	1319575	1603787	1871524	2636856	2870359	4964184	13391811	44188055	7864108	0	0	0	0.3911
38	24994136	20663907	21263314	24345341	5446	5446	0	0	0	51488	123761	135230	130886	139200	140130	158569	177596	167503	209872	233442	230032	320715	275295	357100	397302	428952	531666	498458	662200	664517	743785	865468	885188	980464	1238598	1335631	1623553	1892498	2662300	2905647	5010745	13434852	43812209	7841846	0	0	0	0.3341
39	24910545	20790892	21262792	24303238	4677	4677	0	0	0	52781	129608	141828	137175	145228	145406	164253	185415	174397	215941	241520	238135	329608	284574	369084	407566	436942	543848	507627	675701	674953	758782	878421	897393	996056	1256279	1353903	1644511	1917223	2688591	2946025	5058462	13464745	43377689	7827797	0	0	0	0.3450
40	24979066	20737079	21339497	24212590	3912	3912	0	0	0	57295	138011	149123	144119	152858	152186	171678	193963	182417	225401	250457	245440	340622	291771	380333	418542	448404	555997	519049	688690	686784	770005	893594	910675	1011672	1271953	1371333	1665046	1940477	2714499	2978804	5103323	13483198	42950598	7809915	0	0	0	0.3595
41	24960804	20705061	21334315	24268239	3725	3725	0	0	0	62595	151457	161296	155584	164250	163821	183611	206182	193063	238241	264535	258583	356802	307102	397026	436218	463319	574547	535936	708458	703674	789797	915132	929211	1035661	1299146	1397945	1694837	1974439	2751436	3037498	5170480	13496857	42290271	7799409	0	0	0	0.3827
42	24869943	20842188	21329308	24224705	6000	6000	0	0	0	66452	157692	167663	161857	171091	168643	190626	213481	198679	247029	273300	267742	368088	315602	408531	446333	474864	587488	545595	724227	715265	801186	929637	943556	1052050	1316920	1413639	1714066	1998054	2776826	3075130	5217371	13519655	41876517	7761289	0	0	0	0.3985
43	24913462	20790754	21392741	24158801	16386	16386	0	0	0	70242	166927	176284	169354	178817	176282	197936	222518	206877	254978	282829	275579	379948	324322	421346	460707	486032	599880	556710	737475	727646	813983	944845	956435	1069121	1334577	1434499	1735863	2023237	2799875	3114909	5269796	13532357	41410567	7743005	0	0	0	0.4259
44	24889725	20745086	21376821	24254965	5547	5547	0	0	0	76678	178274	186741	178663	188164	185744	207536	232268	215627	267031	294195	287484	392229	336091	437784	473955	497547	614878	570405	756202	743847	831397	962402	972307	1087300	1355998	1454733	1758476	2048382	2829441	3148978	5306555	13533364	40948313	7707608	0	0	0	0.4345
45	24787262	20898045	21366689	24209888	10260	10260	0	0	0	83503	191189	200357	190521	199257	195637	220595	245323	226496	280261	308337	298776	410279	349387	454439	488057	513874	633439	584939	776068	760470	847080	979789	991075	1104239	1375908	1477156	1783315	2071960	2855700	3186618	5359533	13534147	40431338	7652822	0	0	0	0.4639
46	24821142	20870031	21466589	24101765	12617	12617	0	0	0	88551	202554	209079	201158	209500	205066	230168	257240	236447	292181	320595	310789	424734	359596	470486	504963	526589	651959	600769	792400	775697	864695	1000807	1007864	1125865	1397073	1500399	1810083	2101382	2882977	3239716	5422047	13501697	39933989	7600412	0	0	0	0.4867
47	24827137	20848167	21430408	24160200	6232	6232	0	0	0	94531	213553	220983	209195	218310	213914	239027	265794	244024	301679	330460	319929	434925	371471	481382	516324	535992	662814	611883	810369	791026	877827	1015487	1021921	1142189	1419297	1516719	1828512	2122216	2901810	3265494	5443645	13525727	39497167	7600316	0	0	0	0.4989
48	24719081	20986114	21425084	24136903	4962	4962	0	0	0	98716	222377	227850	215594	225467	219983	245240	273482	249485	309491	338794	327507	443815	378436	491441	523501	543905	672687	620802	817786	797244	885710	1025659	1031140	1152808	1428778	1524691	1842878	2137782	2919645	3280443	5464411	13517355	39207318	7604961	0	0	0	0.5116
49	24819086	20920966	21476661	24050637	4794	4794	0	0	0	103817	234191	239787	225124	236805	229923	254821	283642	260794	319303	349413	339471	457356	389902	505387	537777	556642	685931	632677	831599	810158	900816	1041423	1044418	1170820	1444722	1543994	1859718	2159297	2941158	3310120	5489738	13518517	38793524	7564565	0	0	0	0.5323
50	24739302	20878615	21556850	24085060	12317	12317	0	0	0	124163	302341	322025	300324	308100	293910	324479	358713	319072	392736	427911	401830	546173	450139	595989	612862	632793	771015	708427	928323	896729	977501	1134743	1140932	1265361	1564265	1667557	1994955	2321697	3110346	3591239	5854872	13221881	35884385	7512039	0	0	0	0.6715
