#Name	E:\SaveData\2016-10-18_15_18_08_1001160117_R0024_A_CL100007988_BGI12070_WESPE_result\\CL100007988\L01\CL100007988_L01_9_2.fq
#PhredQual	33
#ReadNum	92352615
#row_readLen	50
#col	48
#BaseNum	4617630750
#N_Count	2108997	0.045673
#GC%	45.91
#Q10%	96.61
#Q20%	89.42
#Q30%	76.03
#EstErr%	1.179827
#Pos	A	C	G	T	N	0	1	2	3	4	5	6	7	8	9	10	11	12	13	14	15	16	17	18	19	20	21	22	23	24	25	26	27	28	29	30	31	32	33	34	35	36	37	38	39	40	41	Err%
1	28997829	22308702	21093533	19948520	4031	4031	0	0	0	9415	35143	46248	50654	60908	70828	135914	167404	160875	224857	262923	250776	411318	299089	461532	479704	560288	672212	611949	898522	784331	944431	1105760	1094070	1213185	1577817	1684866	1981513	2255218	3298690	3341441	5535840	14026062	41409543	6225258	0	0	0	0.2296
2	25213417	18381764	22154934	26597879	4621	4621	0	0	0	63905	120256	132512	132900	150035	151592	238763	282903	246947	335787	376135	334897	534944	375036	579833	578758	633413	772316	673552	987310	854595	992914	1162059	1133024	1226059	1584381	1673288	1947337	2190695	3234865	3237683	5349985	14077807	40115929	5865579	0	0	0	0.4022
3	24018827	21724199	19442493	27158583	8513	8513	0	0	0	89602	151022	159649	152384	168052	165751	261261	306443	266559	359345	401501	361168	558576	403529	610322	608566	653715	795047	700683	1004695	887686	1015173	1184142	1162227	1264732	1613662	1699570	1990647	2262095	3237861	3374421	5522251	13984806	38112387	6854572	0	0	0	0.4570
4	24634820	21404437	19827423	26478300	7635	7635	0	0	0	99863	161085	168344	156531	171310	166651	264829	308878	265841	361856	403310	359906	563524	398494	613278	613184	649681	803013	696540	1014047	897859	1001634	1189887	1169447	1238253	1607550	1694042	1966460	2218296	3209843	3304827	5394746	13948751	39004852	6258368	0	0	0	0.4687
5	24557575	20816287	20665219	26304015	9519	9519	0	0	0	113512	182824	188774	174118	187917	181683	283602	328389	284234	378892	421141	375724	580252	417254	630606	627584	662283	816519	710429	1022678	908134	1013023	1198121	1179031	1257205	1618880	1705315	1980585	2243046	3202737	3348398	5459221	13907266	38199130	6554589	0	0	0	0.5074
6	24093731	21231193	20332363	26681333	13995	13995	0	0	0	114231	192369	193732	179618	193032	188687	288856	331806	293619	382674	424909	389268	575636	433954	631950	637903	664247	819381	722318	1015283	918753	1022168	1199940	1184636	1279888	1620163	1709656	2003911	2282410	3198560	3414201	5546065	13879722	37559676	6845398	0	0	0	0.5232
7	24654305	20706176	21076128	25909350	6656	6656	0	0	0	121270	209151	210923	194186	207773	200775	302850	347292	304301	396614	438486	399129	590990	443799	646886	646264	677226	829506	733725	1028161	927352	1032380	1209438	1194249	1295693	1637760	1727053	2021769	2307936	3222634	3451542	5593900	13855459	36881200	7058287	0	0	0	0.5428
8	23915159	21409229	19854766	27165718	7743	7743	0	0	0	124977	216035	221574	203910	217690	206897	318122	364393	311296	415657	459069	407362	617481	445035	671800	664364	689552	851831	736513	1054224	946487	1036205	1232680	1209870	1281794	1651668	1735005	2018403	2284943	3229352	3418506	5525419	13834818	37203355	6538585	0	0	0	0.5633
9	23872277	21183684	20010516	27276098	10040	10040	0	0	0	93404	181394	195347	185131	200554	193022	305211	354940	301224	408775	451999	401678	613370	439112	669073	666999	686757	852666	733064	1058960	951548	1029253	1236119	1221043	1275424	1655464	1739612	2022033	2285210	3235159	3433433	5539311	13884890	37415373	6426023	0	0	0	0.5203
10	24119979	21134896	20418538	26665900	13302	13302	0	0	0	145519	259090	261507	238662	250427	236411	349524	396210	341717	440600	482951	436694	635753	480222	689817	688102	705371	867917	764705	1061245	971594	1056789	1248997	1233719	1325796	1674614	1765048	2065826	2355828	3239785	3510876	5627185	13685188	35962668	6882956	0	0	0	0.6353
11	24263620	20993504	20369417	26713599	12475	12475	0	0	0	106717	212678	218487	207292	221113	214087	326233	373540	323735	425632	467810	422865	622427	463170	677846	677681	695374	858273	751289	1056314	960642	1047708	1239339	1222957	1307858	1659465	1751379	2046144	2327300	3231356	3472117	5584270	13779827	36629314	6757901	0	0	0	0.5661
12	24139500	21205709	20384877	26615537	6992	6992	0	0	0	122582	237820	244391	226824	239064	229927	344532	392291	339498	441328	484634	437208	636799	477904	693026	691782	706346	873856	765392	1066594	975701	1057051	1251993	1239484	1323639	1672968	1760583	2057506	2344175	3237031	3498104	5609373	13704813	36173499	6787905	0	0	0	0.6005
13	24233371	21126827	20482760	26482300	27357	27357	0	0	0	134522	264280	268206	246494	258249	246767	364101	410861	356844	458498	502395	455914	651599	496174	711909	709106	721308	888731	785543	1078245	996215	1074847	1268427	1255251	1346070	1692999	1780110	2082086	2378726	3257549	3542471	5653074	13646874	35463242	6877571	0	0	0	0.6624
14	24170264	21108725	20465121	26598560	9945	9945	0	0	0	145354	279801	282949	258158	267581	253856	373482	420437	364326	466324	510121	463785	660910	504640	718265	718231	728719	895956	792720	1088829	1007496	1081375	1276076	1265998	1351606	1703118	1790561	2091430	2386477	3253750	3549356	5652266	13591107	35340377	6807233	0	0	0	0.6671
15	24048893	21301591	20525373	26466761	9997	9997	0	0	0	145769	293691	300284	273834	282824	266264	387214	432619	375049	478256	522552	474360	672976	514960	731036	727273	735969	905127	799613	1095275	1015639	1084093	1283414	1274328	1358240	1711871	1801095	2099403	2398381	3258277	3571598	5664716	13558370	34964712	6883536	0	0	0	0.6905
16	24064843	21270028	20605262	26401267	11215	11215	0	0	0	182814	366088	365734	333916	343590	324559	366099	411246	358768	456318	500708	459439	647084	502421	706874	709724	719073	887120	789878	1073581	1004306	1075339	1270210	1267032	1353528	1702410	1792350	2104064	2404280	3259537	3581812	5690521	13533845	34886868	6910264	0	0	0	0.7715
17	23999946	21229406	20669154	26437090	17019	17019	0	0	0	207870	410116	412588	370183	379020	352237	394519	438296	381285	482379	523894	480780	669276	521798	731238	729341	735475	906216	809483	1090603	1026123	1090652	1289103	1283593	1373606	1718808	1808223	2119175	2425368	3261005	3598561	5684861	13431416	34355273	6843232	0	0	0	0.8467
18	23803733	21517994	20632097	26381764	17027	17027	0	0	0	204871	411806	409076	369359	376594	353388	393248	439295	381850	484273	525929	483643	674009	525433	733227	734762	738646	908361	813106	1095833	1033253	1095130	1294606	1298022	1382546	1729452	1820709	2135569	2445900	3277884	3630010	5715536	13424519	34100683	6895060	0	0	0	0.8454
19	23880744	21436622	20745582	26255924	33743	33743	0	0	0	199714	425160	429520	387155	394451	368717	409593	455166	395825	497804	541016	496861	687923	538860	747688	747806	750712	921595	824551	1106501	1044019	1104184	1304656	1303587	1393514	1740690	1832192	2144711	2456097	3280396	3640534	5731868	13368524	33762475	6884807	0	0	0	0.8879
20	23850039	21372061	20749723	26363086	17706	17706	0	0	0	232350	473977	474287	420637	424425	390935	432587	478217	413554	518675	560266	515318	706739	555083	765432	761930	763211	935712	838015	1116583	1062692	1117993	1319740	1320442	1410325	1752794	1845443	2158947	2474630	3288649	3665752	5737574	13261795	33327697	6812503	0	0	0	0.9392
21	23844859	21501299	20746590	26229241	30626	30626	0	0	0	211469	455282	454995	410100	414147	385114	424508	473028	412054	512687	556042	512011	701604	555354	762116	762110	763058	936406	843865	1119212	1067285	1123942	1326304	1328890	1422612	1768540	1865744	2179575	2507917	3317395	3709649	5804081	13262061	33104975	6867857	0	0	0	0.9257
22	23889406	21451675	20858554	26072020	80960	80960	0	0	0	244322	516205	521400	458776	458661	421595	463997	508195	440363	546442	589602	540894	733212	580441	793532	788366	787897	964312	866829	1142915	1094999	1142827	1348089	1349016	1437020	1783297	1879184	2191742	2509518	3310000	3696882	5756100	13125123	32600282	6679620	0	0	0	1.0731
23	23900273	21312829	20866702	26115614	157197	157197	0	0	0	233929	518828	522339	464613	464125	426450	467924	513054	445396	548910	594101	545869	734876	585193	794625	791977	791247	965103	870568	1142846	1094039	1142329	1349382	1351791	1444097	1785239	1882042	2195308	2522789	3310511	3712558	5772334	13088070	32293612	6829344	0	0	0	1.1572
24	23788176	21506037	20890952	26073810	93640	93640	0	0	0	276016	570275	575195	501283	496679	449598	494102	539873	463463	570417	614215	563458	755497	601159	812782	808677	805080	982602	887009	1160325	1116452	1156254	1366387	1369094	1456887	1800549	1896713	2210617	2533866	3315452	3716319	5755984	12992067	32010656	6633973	0	0	0	1.1663
25	23890996	21498728	20986373	25957145	19373	19373	0	0	0	247269	549813	546997	486524	484655	444964	487100	533741	462036	566347	608384	560652	750168	600529	810912	808578	804390	981161	885473	1155151	1111661	1160981	1362370	1368571	1465643	1804104	1899208	2217174	2545946	3326121	3741253	5797497	13038020	31939861	6779988	0	0	0	1.0508
26	23918913	21394229	20988589	25962650	88234	88234	0	0	0	269851	608530	615779	539188	532449	485283	526653	571728	491825	600215	644139	590680	785278	628613	842666	834746	827464	1005709	910147	1180137	1141822	1178849	1388404	1394590	1483599	1823414	1919086	2236988	2565065	3325352	3748031	5779146	12867076	31276487	6645392	0	0	0	1.2164
27	23719053	21582433	21051944	25977196	21989	21989	0	0	0	284867	631736	631134	553162	545949	495842	537861	582487	501599	609346	654196	601158	794807	635522	851832	846586	835601	1016182	920452	1187564	1155292	1186860	1399276	1406900	1500639	1839345	1937151	2255940	2590904	3351190	3781946	5810042	12828058	30936148	6633052	0	0	0	1.1754
28	23803682	21561505	21123785	25820817	42826	42826	0	0	0	358681	761955	767810	653328	635514	565271	610277	652678	556077	667886	715474	649627	849717	681246	905765	886997	873151	1056241	956915	1229465	1192723	1215002	1432467	1438691	1523728	1862553	1958790	2269585	2599256	3340124	3763938	5743040	12564893	29952989	6417935	0	0	0	1.3885
29	23859875	21440235	21095203	25931073	26229	26229	0	0	0	295769	678060	683016	593971	581319	527605	567290	610652	526459	635870	679765	624264	815740	658957	871506	861797	853774	1029814	940830	1201402	1172524	1201070	1413248	1421908	1513989	1849039	1947830	2263967	2600591	3342465	3777043	5786934	12693766	30521734	6582418	0	0	0	1.2468
30	23817291	21564515	21079730	25860103	30976	30976	0	0	0	259664	641164	645351	571955	564500	514806	555396	601173	519065	624617	669976	616873	806705	652818	865333	856575	846583	1026420	933143	1197456	1167962	1198616	1408067	1421758	1513355	1848756	1949263	2269204	2608829	3352701	3794187	5819665	12742410	30650721	6606572	0	0	0	1.1995
31	23849173	21540100	21251295	25686037	26010	26010	0	0	0	296614	706789	707359	620677	606666	546846	590158	634622	545214	655612	701395	642938	837913	674429	893943	882179	871270	1053977	960248	1221922	1196680	1221017	1436419	1448041	1537737	1878571	1977131	2297315	2637679	3373799	3830160	5826677	12607707	29908313	6498588	0	0	0	1.2871
32	23894172	21442566	21204422	25755146	56309	56309	0	0	0	323305	769214	779660	677491	657264	587592	631750	674368	577977	692293	737816	673320	872641	705621	926528	909452	895296	1083256	986233	1248425	1226481	1239864	1459487	1471658	1560621	1898375	1997323	2305311	2651560	3375358	3825556	5786175	12424839	29313789	6350407	0	0	0	1.4174
33	23807490	21601469	21209445	25701442	32769	32769	0	0	0	322020	773270	783294	679546	660158	592507	634205	677658	580239	693843	737539	674833	868752	704266	925217	910450	894907	1081197	984737	1246732	1224261	1238246	1457981	1469138	1558614	1896498	1994859	2309228	2654397	3368753	3828228	5791415	12415616	29296095	6391147	0	0	0	1.3959
34	23858555	21590349	21290168	25584515	29028	29028	0	0	0	312037	776018	781203	682739	663577	597975	637567	681260	585493	697568	741180	681930	874671	711761	928933	917677	901256	1085292	994153	1248947	1232010	1249559	1466082	1480054	1574660	1906806	2005276	2324447	2673031	3381295	3844712	5815539	12397147	29083159	6388573	0	0	0	1.3924
35	23859493	21516752	21267662	25674800	33908	33908	0	0	0	335440	830382	845449	731354	706517	629839	670495	714539	612198	724165	768546	700988	897897	730794	951193	934339	917418	1101472	1008151	1264452	1249757	1255121	1478031	1494337	1579849	1913692	2013620	2329173	2672543	3375881	3838443	5775093	12265418	28734981	6267140	0	0	0	1.4798
36	23755921	21638266	21270235	25600796	87397	87397	0	0	0	341511	862121	879129	759723	732027	654712	693318	735742	629399	742692	789363	721822	917460	749296	970527	951475	935261	1119654	1028918	1282007	1270202	1272971	1494983	1510986	1604504	1935307	2034906	2347094	2694282	3382919	3852030	5775674	12143269	28238294	6211640	0	0	0	1.5847
37	23829518	21635009	21371112	25455881	61095	61095	0	0	0	348947	887536	905686	784124	753812	671384	712377	754087	645477	761222	803042	733319	931471	762017	984278	958599	945035	1130684	1037297	1287726	1276986	1278712	1501269	1517109	1607506	1938183	2037421	2352039	2697841	3380505	3846505	5769006	12103263	28018904	6168151	0	0	0	1.5946
38	23763536	21562640	21390904	25538120	97415	97415	0	0	0	361881	931829	952706	819807	786622	698017	742305	785820	667638	785287	833320	757815	957994	784132	1011492	987359	967556	1158666	1064429	1320281	1311933	1304159	1536374	1551549	1642086	1974075	2074064	2386550	2736828	3410431	3882746	5776861	11925617	27395249	5971722	0	0	0	1.6987
39	23684687	21648455	21369623	25494086	155764	155764	0	0	0	364270	941809	966060	832548	797692	706624	750722	792095	673089	794620	839142	761527	964540	787443	1015532	989617	970014	1159877	1063443	1317167	1313026	1303352	1534408	1547488	1634461	1967746	2070992	2379556	2728692	3398974	3871074	5751696	11903545	27350161	5953849	0	0	0	1.7788
40	23669728	21695271	21499565	25438793	49258	49258	0	0	0	378988	985719	1000462	861907	824817	732580	771716	813235	691993	810502	855093	780037	979091	803445	1028588	1001347	982608	1171265	1079449	1325144	1324286	1317344	1542996	1560498	1648257	1979186	2080428	2387766	2738786	3402134	3875313	5748504	11849368	26970891	5999614	0	0	0	1.7179
41	23809215	21571139	21439028	25484417	48816	48816	0	0	0	356900	968766	997442	862799	825476	733203	772937	814941	695117	810767	856030	780188	979244	806569	1027804	1001662	979243	1168351	1077292	1323336	1324642	1313174	1539393	1556000	1647453	1974595	2074141	2383329	2733766	3390454	3869536	5744200	11835535	27056708	6022806	0	0	0	1.7022
42	23602509	21736898	21484039	25485808	43361	43361	0	0	0	376210	1018250	1042078	898626	857488	759010	798987	839564	716208	831583	876136	801358	1001883	821790	1047179	1019601	997589	1186523	1095898	1337234	1340442	1330002	1554191	1572178	1664529	1985626	2090595	2398668	2750600	3402709	3879685	5736382	11743831	26605769	5930852	0	0	0	1.7618
43	23659563	21721859	21560927	25361771	48495	48495	0	0	0	384444	1053840	1078402	928535	884353	781148	821742	861084	732978	851666	898389	819710	1022247	841839	1066784	1036519	1013628	1205883	1118062	1355617	1363871	1344455	1578013	1595625	1685194	2010278	2115082	2423562	2779789	3416818	3901664	5743287	11611136	26126866	5851610	0	0	0	1.8176
44	23740634	21621075	21510240	25421479	59187	59187	0	0	0	409095	1125034	1168741	1001578	949634	833870	874956	910695	774854	893827	939952	853286	1058618	872667	1101799	1062902	1039674	1233480	1137469	1377951	1386910	1358601	1593319	1610969	1694474	2019774	2118999	2416547	2763832	3392282	3862869	5669868	11431434	25658149	5695319	0	0	0	1.9444
45	23674994	21735494	21524488	25360691	56948	56948	0	0	0	399886	1116391	1164940	996901	949077	835665	876648	914468	775608	898529	943524	855626	1062350	874817	1106809	1068478	1043926	1237827	1141831	1386310	1393335	1362538	1597260	1618701	1705410	2028067	2131052	2429440	2778068	3406664	3881815	5677045	11409059	25556859	5670743	0	0	0	1.9348
46	23729129	21688485	21622505	25243053	69443	69443	0	0	0	416142	1167532	1215817	1044764	988648	866704	907567	944024	802863	923786	968136	876871	1083652	893907	1127568	1080303	1059368	1252871	1159865	1395565	1411146	1374654	1613439	1629160	1712132	2032298	2139073	2432837	2778551	3397477	3864629	5642556	11283420	25191155	5604692	0	0	0	2.0210
47	23679569	21653125	21635453	25306673	77795	77795	0	0	0	419366	1189206	1234852	1059964	1003017	879085	919190	954890	809917	931464	978362	887292	1093503	902686	1134937	1089376	1069281	1261281	1167876	1401875	1418180	1383050	1619045	1635639	1720026	2040343	2146196	2442699	2789146	3402432	3874186	5641613	11242071	24960613	5572161	0	0	0	2.0564
48	23566821	21787547	21642739	25232794	122714	122714	0	0	0	399066	1173749	1220975	1054540	998964	879415	919091	955021	813449	934030	980628	887470	1095022	903627	1137064	1094998	1071831	1263552	1171172	1405375	1419834	1383973	1623833	1641049	1723177	2046773	2151131	2447284	2800019	3406673	3882621	5648975	11223874	24913527	5558119	0	0	0	2.0862
49	23671723	21732497	21756888	25127129	64378	64378	0	0	0	439797	1263302	1326531	1133652	1068369	933655	977977	1008648	854163	977965	1025121	924183	1136622	938518	1172108	1124084	1098735	1294472	1198752	1434206	1449775	1402909	1645838	1661215	1742301	2058554	2163584	2448545	2791166	3391876	3849143	5578797	11025876	24351959	5395839	0	0	0	2.1596
50	23590262	21728029	21825863	25161135	47326	47326	0	0	0	432707	1312592	1383123	1194799	1130853	992917	1030734	1068242	908946	1034733	1086821	980779	1203133	993229	1241964	1182375	1160854	1363266	1266447	1506226	1531923	1476734	1735039	1751038	1838422	2160755	2279360	2565807	2924922	3494670	3974569	5649829	10637949	22685265	5124267	0	0	0	2.2330
