#Name	E:\SaveData\2016-10-18_15_18_08_1001160117_R0024_A_CL100007988_BGI12070_WESPE_result\\CL100007988\L01\CL100007988_L01_15_1.fq
#PhredQual	33
#ReadNum	67746655
#row_readLen	50
#col	48
#BaseNum	3387332750
#N_Count	589485	0.017403
#GC%	43.46
#Q10%	99.51
#Q20%	97.48
#Q30%	89.67
#EstErr%	0.242157
#Pos	A	C	G	T	N	0	1	2	3	4	5	6	7	8	9	10	11	12	13	14	15	16	17	18	19	20	21	22	23	24	25	26	27	28	29	30	31	32	33	34	35	36	37	38	39	40	41	Err%
1	23280508	14098379	15059811	15257733	50224	50224	0	0	0	1029	19687	34078	31031	31358	30966	33252	34991	35641	41863	47041	52052	69515	71501	81129	107872	169292	210270	229321	292841	385924	443143	504751	607045	557328	732961	707576	772645	757017	950624	1093782	2133336	5918085	47433309	3074175	0	0	0	0.1898
2	20619100	12054088	15858879	19127172	87416	87416	0	0	0	36358	29518	31700	28065	28140	29108	32124	35141	37081	45967	51936	59842	83340	83824	95833	135209	201246	247252	263242	337001	413378	465071	527864	607290	581464	764829	774506	879342	924422	1206709	1399499	2654354	6908274	44335485	3324825	0	0	0	0.2724
3	19573653	14207213	14421753	19491466	52570	52570	0	0	0	3622	20175	26054	23723	23689	24121	27121	29545	31087	39574	44993	52787	74435	76918	86681	126796	194233	240433	261753	331580	415605	468930	527219	613436	581006	762511	764998	864219	901234	1169164	1343801	2545791	6795750	44801949	3399152	0	0	0	0.1877
4	19838475	14106261	14668939	19130925	2055	2055	0	0	0	501	10909	16937	16736	17524	18838	21679	24386	26619	34593	40536	47590	68183	71491	79691	121015	186843	232929	254354	321681	406002	458357	514963	599323	570440	750353	753164	856129	895923	1160904	1343838	2546313	6831472	44920724	3523660	0	0	0	0.0952
5	19738140	13942021	15098399	18880343	87752	87752	0	0	0	3484	14785	18762	17547	17832	18139	20667	23564	25143	32879	38092	46708	66136	70181	77714	119661	184533	230450	251349	319282	400676	451341	511363	592044	566407	746795	755733	865718	908235	1184842	1372852	2594423	6932569	44620973	3558024	0	0	0	0.2251
6	19656932	14232412	14758029	19098140	1142	1142	0	0	0	776	10809	15798	15429	16080	17351	20116	23002	24909	32872	37729	46449	66436	69766	77713	120648	184089	231110	250907	320354	400442	451854	509512	589099	566842	746617	758309	869949	923969	1212771	1403247	2658699	7060831	44433358	3577671	0	0	0	0.0914
7	19891858	13967390	15079242	18807552	613	613	0	0	0	565	8670	13058	13047	14104	15570	18696	21577	23581	31730	36437	45158	65762	68542	76629	120531	184460	231296	249292	319672	396901	447816	508585	582673	563034	743674	758236	872883	933436	1229227	1424713	2698146	7149414	44260550	3618377	0	0	0	0.0861
8	19578220	14273716	14445219	19447733	1767	1767	0	0	0	1155	8293	12294	12365	13528	14789	18034	20637	23086	30952	35915	44428	65092	68298	76089	120580	184952	230840	248497	319704	392805	446026	503542	576805	558853	737627	756584	875501	942613	1246577	1446300	2743899	7252482	44054947	3660799	0	0	0	0.0868
9	19464122	14216126	14474582	19591146	679	679	0	0	0	661	7923	11769	11746	12899	14294	17310	20358	22239	30483	35375	44155	65063	68067	76354	121047	182923	230751	249070	318574	391661	443689	500929	572876	556818	736480	757571	876470	949318	1265973	1469348	2790237	7339601	43866073	3687871	0	0	0	0.0838
10	19749296	14092701	14624929	19279302	427	427	0	0	0	731	8196	11721	11910	13233	14666	17835	20899	23090	31810	36506	45202	67184	68977	77828	123877	185475	233489	248666	320684	390539	442205	501218	569070	557195	735350	761682	887375	965508	1292200	1500008	2840845	7436337	43563860	3740857	0	0	0	0.0845
11	19779819	14075153	14647255	19242387	2041	2041	0	0	0	1249	8416	12119	12388	13841	15125	18722	22232	24165	33066	38151	47402	69318	70811	80519	126534	186299	236220	250337	322717	388568	440139	499613	564981	557208	734589	764940	893782	980991	1317018	1539506	2904536	7548825	43194674	3825613	0	0	0	0.0888
12	19711499	14230180	14635809	19163364	5803	5803	0	0	0	2244	8937	12695	12994	14437	15878	19931	23356	25310	35111	40142	48705	72226	73246	84217	130101	191171	239767	254263	327615	391348	442327	503569	564769	561959	740613	770781	907771	998332	1349501	1577795	2964773	7647788	42818482	3868698	0	0	0	0.0972
13	19786714	14162352	14676272	19118381	2936	2936	0	0	0	1142	9053	12715	13562	14840	16497	20314	23989	25997	36232	41130	50224	74186	74827	86900	132957	193018	243655	255531	331838	390894	443753	504364	564334	563208	741979	775220	914035	1007960	1366387	1598367	3001050	7733923	42594336	3885302	0	0	0	0.0936
14	19706831	14188832	14675345	19172956	2691	2691	0	0	0	2388	10009	13690	14335	16028	17655	22313	25886	27661	38324	44200	52751	78008	77766	91000	137053	197942	248885	258944	337210	394085	447556	510281	565708	566864	748880	783001	922951	1020732	1389661	1624393	3042094	7805060	42323322	3887328	0	0	0	0.0973
15	19620885	14293287	14691364	19100913	40206	40206	0	0	0	2535	10981	15139	15412	17535	18954	23462	27627	29318	40147	46527	55240	81471	80671	94798	139748	199011	250922	259801	338875	393221	444949	508405	563073	570928	749281	787775	933645	1042436	1419547	1670059	3113687	7905739	41852491	4003039	0	0	0	0.1560
16	19661447	14272310	14743450	19067547	1901	1901	0	0	0	3337	16957	23424	24106	26155	28109	33709	38808	41428	54086	62747	70960	103217	99512	120220	165365	200558	253223	261378	340956	391865	444923	510645	559847	573306	751101	793049	943933	1059115	1444525	1704308	3168904	7993792	41405937	4031249	0	0	0	0.1213
17	19603691	14287724	14783788	19068906	2546	2546	0	0	0	3996	17608	23931	24766	27200	28753	34786	40143	42179	56651	64998	73015	107397	102092	123888	169942	205149	258027	264863	349037	398098	450612	515379	563743	576705	757486	797944	950613	1063276	1458810	1715619	3191149	8043795	41246095	3996364	0	0	0	0.1252
18	19500956	14435691	14786482	19021579	1947	1947	0	0	0	4369	19045	25704	26165	28258	30831	36926	42848	44428	58684	68086	75843	111000	104732	127813	174216	208028	263302	268423	351389	397875	451416	517960	564661	581258	759636	806379	959682	1083409	1486891	1753356	3253345	8131014	40877883	4049853	0	0	0	0.1289
19	19527966	14399978	14844542	18972451	1718	1718	0	0	0	4893	20964	27794	27938	30659	32977	39697	45528	47289	62757	71388	79760	116492	109726	134282	180161	212950	269371	272650	360835	403352	457859	524915	568696	589791	771413	818401	976252	1106149	1520193	1796038	3316700	8213535	40462413	4071119	0	0	0	0.1347
20	19541257	14377073	14863566	18960204	4555	4555	0	0	0	6058	22484	29316	29507	32926	35498	41748	48984	49947	66548	76083	83581	122197	114215	139860	187064	221078	278545	279320	369571	409574	465247	534481	574481	597273	781468	831033	990488	1122998	1546035	1826493	3360121	8301666	40106244	4059968	0	0	0	0.1452
21	19474021	14455569	14878437	18885733	52895	52895	0	0	0	6212	24662	31785	32331	35477	37912	45322	52446	53417	70084	80418	88175	127859	119209	146648	193442	224672	284600	283722	376098	412953	468482	538929	577729	609582	792973	845549	1015678	1156348	1587665	1888539	3439575	8397974	39487099	4160194	0	0	0	0.2234
22	19536862	14437100	14943996	18827818	879	879	0	0	0	11850	28624	34883	34639	38121	40473	48477	55987	56772	74410	84963	92062	134268	123917	153920	199835	231605	293261	289458	384667	420424	476908	548396	586029	617999	803289	859994	1027895	1176996	1618388	1924575	3493532	8474093	39133208	4171858	0	0	0	0.1579
23	19538080	14422028	14948690	18835042	2815	2815	0	0	0	8606	29978	36996	37301	40891	43422	51022	58817	59776	78083	89528	96678	140272	128672	160945	205184	238390	300552	294588	394107	426023	484622	556063	590594	626753	814572	870234	1043922	1193416	1644569	1953000	3537465	8528781	38798462	4181556	0	0	0	0.1651
24	19449139	14544726	14937597	18812570	2623	2623	0	0	0	9214	30681	38600	39026	42350	45359	53911	62083	62731	81605	93982	100214	145823	132502	166414	212215	243742	306956	301007	401251	431618	489580	563344	595853	635397	822509	881345	1059017	1211993	1672534	1985142	3582350	8596736	38435086	4211862	0	0	0	0.1701
25	19493697	14504996	14986666	18759593	1703	1703	0	0	0	10562	35335	42708	43210	47123	49538	58315	66912	67470	87478	99453	105705	152334	139816	174554	220259	250196	316753	307327	411175	438348	498549	573371	602927	649251	839048	898940	1082589	1242741	1705446	2031262	3645956	8661779	37925030	4263492	0	0	0	0.1804
26	19468486	14476377	15004322	18790383	7087	7087	0	0	0	13633	36143	44464	44437	48616	51434	61211	70165	70548	91597	104306	110104	159042	144682	180837	227121	258554	325645	315631	419318	445689	506011	583798	609297	657569	849451	911543	1094723	1254779	1727700	2056499	3680428	8712025	37612213	4260355	0	0	0	0.1954
27	19382076	14593892	15000915	18761265	8507	8507	0	0	0	13417	39638	47080	48075	52662	55574	65237	75046	75203	97167	110783	116319	167307	150930	190890	235892	266721	334313	323303	432746	454454	515406	594046	621389	671702	863964	926929	1114809	1283998	1762649	2103428	3734928	8774993	37134015	4283135	0	0	0	0.2070
28	19440656	14562379	15049500	18690870	3250	3250	0	0	0	13007	40923	48788	49635	54649	57766	67492	78225	78089	100345	114449	119579	173421	154756	197377	242433	271800	343276	327826	440744	458718	522973	601757	627911	680355	873106	940892	1131296	1301117	1787306	2131045	3779929	8827702	36815210	4289508	0	0	0	0.2042
29	19434386	14531409	15053965	18725526	1369	1369	0	0	0	14842	44514	52796	53260	58588	61557	72079	82624	81879	106217	120718	125360	181519	160966	205267	249997	279925	351121	336241	452478	467563	531797	613452	636032	693605	887599	953991	1148197	1323601	1817400	2161485	3818735	8870883	36443538	4285460	0	0	0	0.2124
30	19359761	14622925	15059645	18701944	2380	2380	0	0	0	15769	46703	55249	55343	61052	64177	75813	86792	85861	110136	125140	128989	186614	165557	211876	256540	285948	358088	341859	459003	473694	538464	621288	643090	701850	899243	967237	1162636	1337623	1835875	2186578	3850208	8910335	36142933	4296712	0	0	0	0.2212
31	19417540	14566210	15128552	18632154	2199	2199	0	0	0	17621	49686	59095	58655	64774	67588	79001	91196	90153	115821	130514	134854	194342	172036	219771	265092	293150	366974	349235	470074	482881	547065	632130	650416	715435	913805	982315	1182118	1362463	1866258	2224497	3893922	8949814	35735177	4316528	0	0	0	0.2312
32	19396852	14558856	15124951	18664016	1980	1980	0	0	0	19804	54846	62909	63732	69020	72191	85218	97041	95058	122166	138350	142794	203442	179096	230145	274237	302510	379091	358923	481594	492426	559913	644599	663019	731434	931118	1002546	1204390	1391311	1898228	2264709	3949514	8991584	35252934	4334783	0	0	0	0.2444
33	19318332	14660602	15124161	18638232	5328	5328	0	0	0	22951	59201	67188	67206	74405	76447	89880	102780	99830	127864	144880	148883	212033	186589	239699	282892	310070	388243	367352	493910	500013	568454	657411	673104	746177	946073	1017215	1223368	1412184	1925381	2297779	3985904	9030435	34827678	4367848	0	0	0	0.2623
34	19363086	14624047	15160374	18587098	12050	12050	0	0	0	27238	62420	71276	71536	78190	80028	93849	107762	104722	134738	151631	154602	219043	193973	247795	291251	317991	399001	375359	504598	509418	577135	669298	682080	755914	958933	1029535	1239202	1432810	1950514	2327177	4023654	9067277	34461554	4363101	0	0	0	0.2848
35	19308415	14643039	15144256	18632322	18623	18623	0	0	0	32466	71392	79998	80016	86927	89544	105232	119100	115652	147741	164434	167425	236942	207161	265917	309777	335405	420736	393249	527690	527285	598001	693058	703906	781289	986581	1061451	1274024	1473476	1996144	2388114	4094378	9100130	33733113	4360278	0	0	0	0.3208
36	19274384	14700792	15164962	18604219	2298	2298	0	0	0	27937	73712	81477	81388	89197	91245	105411	120510	117069	148533	167421	169693	239143	209082	269354	313283	337390	421862	392679	530051	530938	601984	695009	703968	783416	988732	1064277	1279873	1474440	2005421	2395978	4108504	9121547	33611704	4392129	0	0	0	0.2980
37	19300333	14660748	15215190	18518154	52230	52230	0	0	0	29416	76412	83901	83646	91112	93597	108494	124377	119354	152126	170705	172785	243687	212146	274825	316932	341507	427363	398310	535775	533410	605840	700253	710303	789515	998220	1070510	1287767	1486552	2015065	2404134	4109858	9117564	33431017	4377947	0	0	0	0.3788
38	19282803	14668473	15199775	18592860	2744	2744	0	0	0	32188	80003	88366	87366	95617	98118	113921	129765	124886	158221	177197	177648	252459	219027	283923	325377	347826	437404	406381	547718	541786	615511	712061	719987	802752	1010557	1084669	1302578	1503018	2037867	2429461	4140574	9149270	33127358	4383051	0	0	0	0.3182
39	19234718	14737480	15213421	18558153	2883	2883	0	0	0	33276	83754	91689	91174	99382	101759	117676	134377	128754	163519	183279	183764	258622	225356	292453	332529	356605	445924	412598	556316	548954	624812	722647	729177	814058	1021825	1097234	1319789	1524005	2057643	2454851	4170448	9168133	32801636	4395754	0	0	0	0.3285
40	19259159	14713445	15260375	18511339	2337	2337	0	0	0	35905	89849	96834	96585	104822	106596	123628	141104	133789	170194	190410	190384	268051	231594	300934	341232	364385	455097	421617	568538	559003	632617	732139	739420	824035	1037336	1112702	1336329	1539185	2079197	2480360	4193369	9183123	32465770	4398185	0	0	0	0.3427
41	19261828	14708108	15246265	18528115	2339	2339	0	0	0	39491	98109	106362	105022	113528	114604	132438	149995	141529	179803	200640	200560	279243	241933	314703	354632	375504	468922	434216	583266	572491	648213	747152	752683	844939	1057974	1132116	1361698	1568336	2108405	2518121	4228962	9188365	31959712	4420649	0	0	0	0.3652
42	19201380	14779121	15250119	18512238	3797	3797	0	0	0	42469	103521	110111	109047	117199	119026	137325	156171	147949	186232	206761	206903	288017	249338	323615	362412	383506	478690	443020	593702	581901	656629	758956	764207	857825	1070788	1146043	1378504	1586935	2127530	2543037	4255203	9202120	31633631	4414535	0	0	0	0.3806
43	19208595	14744313	15299151	18483578	11018	11018	0	0	0	44365	109061	115479	113533	123856	124490	142280	161940	153662	193680	214395	213525	296595	257041	332957	371371	391780	489244	450466	604563	592349	668346	772174	775603	869667	1084614	1162533	1392828	1604677	2147034	2564253	4280590	9216393	31282209	4418084	0	0	0	0.4056
44	19188314	14745829	15280774	18528444	3294	3294	0	0	0	48650	116681	122593	120679	129736	131214	149980	169493	160035	200801	222850	221425	307316	265175	344669	382165	401228	500811	461797	616874	603040	680726	786798	787929	885125	1103000	1178644	1411301	1627126	2171497	2589142	4306817	9215549	30910555	4411940	0	0	0	0.4136
45	19121144	14838223	15278802	18501123	7363	7363	0	0	0	53457	125440	131296	128342	138145	138368	158941	179823	167919	211612	234925	231455	319747	276000	358516	395131	413090	514528	472499	633804	615020	693827	799986	800679	900062	1118941	1194651	1432585	1644735	2192505	2615155	4329217	9219771	30489518	4409602	0	0	0	0.4427
46	19146311	14811216	15354599	18426273	8256	8256	0	0	0	56058	133476	138912	135037	145871	145306	165749	187846	175732	219680	243754	239572	331035	283954	370546	406122	425301	528085	483286	648275	626873	706041	815330	814166	914649	1137246	1213673	1449818	1667444	2218557	2642507	4366931	9206780	30096764	4398023	0	0	0	0.4633
47	19139617	14803256	15329780	18470245	3757	3757	0	0	0	60423	140182	145553	141357	152520	150819	172965	194069	181828	226698	250992	247724	339183	291503	380643	415343	432410	536135	492875	657877	637599	717116	824849	826630	928807	1150298	1222594	1464425	1687874	2232951	2663397	4378487	9222936	29767858	4405978	0	0	0	0.4745
48	19065808	14895235	15331470	18451228	2914	2914	0	0	0	63261	147640	150712	146038	156437	155429	177384	199311	186572	232395	256342	252655	346400	296399	387363	421539	436369	545293	497639	665444	645619	723506	833366	832618	934508	1156064	1232655	1476026	1694705	2240965	2672093	4388310	9210499	29565786	4416399	0	0	0	0.4872
49	19168980	14851659	15340653	18382515	2848	2848	0	0	0	66673	156009	159002	154714	164526	163016	184959	208274	192560	242108	264701	260980	356175	305252	398318	432208	446878	553279	509656	677506	655311	734336	846397	845749	950008	1172670	1246861	1490559	1713414	2260126	2692849	4397644	9197047	29235481	4408561	0	0	0	0.5081
50	19089649	14833983	15399249	18417044	6730	6730	0	0	0	80410	199804	211984	201646	212069	205340	229930	257765	232537	291076	318693	304256	418136	345377	461995	485595	499793	614688	560592	745396	714676	787184	912671	911205	1009820	1253431	1327366	1577017	1816001	2373515	2837686	4554775	9117729	27305042	4364725	0	0	0	0.6294
