#Name	E:\SaveData\2016-10-18_15_18_08_1001160117_R0024_A_CL100007988_BGI12070_WESPE_result\\CL100007988\L01\CL100007988_L01_10_2.fq
#PhredQual	33
#ReadNum	91272144
#row_readLen	50
#col	48
#BaseNum	4563607200
#N_Count	2153020	0.047178
#GC%	45.69
#Q10%	96.44
#Q20%	88.88
#Q30%	75.13
#EstErr%	1.237425
#Pos	A	C	G	T	N	0	1	2	3	4	5	6	7	8	9	10	11	12	13	14	15	16	17	18	19	20	21	22	23	24	25	26	27	28	29	30	31	32	33	34	35	36	37	38	39	40	41	Err%
1	29235416	21159741	19975914	20896926	4147	4147	0	0	0	9154	33643	45889	49883	60820	69429	145722	179309	167210	245969	284148	263775	452901	303908	504136	516990	594269	718038	628360	964703	819491	964956	1141443	1123448	1174529	1584700	1669235	1925003	2136148	3247412	3130772	5221154	13609532	42279292	5002626	0	0	0	0.2400
2	25385425	18257160	21477938	26146590	5031	5031	0	0	0	65665	135024	147905	147258	166427	168240	265961	312978	276889	366358	412223	369680	574210	412157	623980	616575	673323	813950	712819	1028737	890922	1037171	1203276	1164920	1284513	1628765	1718737	1995680	2255425	3236735	3348276	5469290	13603536	37928202	6211306	0	0	0	0.4428
3	24460140	20855933	19245637	26702670	7764	7764	0	0	0	95530	155391	166498	158434	175775	172141	279816	327576	281480	384430	427989	376782	601021	415825	652267	641650	682489	837737	719908	1060170	917951	1034730	1225784	1193843	1267132	1640145	1720809	1989088	2228313	3205493	3302804	5373383	13546248	38093320	5912428	0	0	0	0.4829
4	24832991	20774581	19560679	26096229	7664	7664	0	0	0	108238	179974	186488	174199	188271	183445	295364	342299	296563	397156	441187	393280	608034	434886	661941	654645	690319	850999	736064	1060114	937863	1044514	1236343	1206115	1284267	1649796	1733900	2003891	2251495	3198756	3332548	5396616	13441150	37524306	6139454	0	0	0	0.5168
5	24607423	20095849	20430815	26128068	9989	9989	0	0	0	113836	210293	218248	202920	217747	210862	328228	376886	329216	429837	476122	429426	636376	473073	694257	687124	717228	876232	771821	1085607	972099	1078337	1261994	1237400	1336012	1687297	1771263	2060390	2340054	3239705	3480833	5582587	13369553	35683303	6675989	0	0	0	0.5737
6	24029888	20540154	20158342	26529512	14248	14248	0	0	0	119520	210357	214441	200522	214687	210447	326671	376201	331780	428330	474383	430254	635139	477178	693697	689768	718475	877912	773281	1082681	970419	1082224	1268983	1238966	1349526	1695024	1781708	2078695	2358012	3245054	3504272	5600138	13371962	35728686	6498503	0	0	0	0.5788
7	24488753	20114705	20795564	25866695	6427	6427	0	0	0	133390	231376	232114	215522	228499	222552	338915	386595	342109	436274	479901	440439	636930	489351	695620	693072	721635	880852	779741	1079232	979249	1088818	1271711	1246798	1364042	1702415	1791355	2096938	2388084	3245922	3546106	5652815	13314901	35166658	6745786	0	0	0	0.6003
8	23956944	20706333	19546772	27054374	7721	7721	0	0	0	101593	202646	220106	206533	220329	213104	340318	393017	334671	448147	496453	440683	666338	478730	726921	713894	731757	906064	783202	1118984	1006902	1084644	1293933	1274855	1343493	1720201	1807725	2090714	2371318	3275630	3542892	5648074	13335491	35422820	6302241	0	0	0	0.5737
9	23722822	20619101	19726935	27193928	9358	9358	0	0	0	87837	190413	208195	199370	215224	208882	335092	386174	334645	444606	490613	440190	657317	481435	716909	711196	728929	900230	784716	1106644	1001181	1083288	1287129	1267582	1344590	1711655	1796935	2082480	2368777	3264886	3535035	5634723	13361517	35383853	6510538	0	0	0	0.5567
10	23827643	20514983	20103051	26812425	14042	14042	0	0	0	150326	270522	275834	250058	260534	246058	371624	419807	359899	467996	513581	457657	671867	496890	728434	720115	731600	906598	782345	1103716	1001393	1078811	1279035	1259019	1332162	1691852	1774685	2058098	2327964	3200661	3473995	5546966	13268083	35365093	6414824	0	0	0	0.6719
11	23938397	20548493	20087680	26685010	12564	12564	0	0	0	108673	223971	233838	219859	234501	227781	353554	402741	348909	456725	501708	449960	663691	489924	720795	712012	729101	898739	781533	1101302	992285	1080274	1276470	1252956	1331788	1694377	1772147	2058968	2327684	3217974	3459809	5531140	13341200	35665014	6398177	0	0	0	0.6044
12	23833706	20813599	20096601	26521102	7136	7136	0	0	0	125545	250681	259544	240844	254783	243596	371025	423329	363961	470809	517620	464677	678532	504544	737008	728698	738679	913579	793760	1110638	1009789	1087265	1288207	1268432	1340875	1702365	1784774	2071907	2344678	3218802	3486585	5549335	13269175	35224462	6426505	0	0	0	0.6409
13	23937778	20755321	20183181	26368073	27791	27791	0	0	0	138313	278264	283202	261744	273166	260457	392742	442113	381896	490308	536266	482306	694466	521624	754031	746448	754104	928693	810819	1126699	1028772	1102612	1302278	1284494	1361096	1720657	1800690	2094733	2377295	3238669	3526095	5585278	13215273	34514815	6533935	0	0	0	0.7051
14	23878171	20785486	20175404	26423408	9675	9675	0	0	0	147968	293470	300179	274445	284955	271016	403465	453273	390099	499190	544883	492136	705334	532579	760919	751829	760023	935869	819597	1131124	1038052	1108813	1309508	1291865	1373255	1728148	1807262	2099226	2384709	3236415	3528221	5578144	13146240	34429401	6450857	0	0	0	0.7107
15	23788940	20987983	20238059	26246879	10283	10283	0	0	0	149253	308716	317689	290321	299902	282475	417243	467468	401955	512827	559489	502730	715097	540700	773458	763020	766395	944946	827216	1137759	1047588	1113315	1316997	1300404	1377551	1737134	1816574	2112560	2399080	3241229	3547976	5596976	13125446	33991817	6558555	0	0	0	0.7361
16	23832210	20970810	20281396	26176306	11422	11422	0	0	0	188183	389848	394431	358707	368960	348920	391895	439721	382797	487574	531269	483954	685595	527745	745213	742349	749026	921703	815342	1111676	1033177	1101862	1303020	1291367	1371895	1723886	1809632	2108755	2398143	3237574	3557903	5612107	13098274	33987497	6560722	0	0	0	0.8272
17	23788455	20974341	20305100	26186266	17982	17982	0	0	0	214493	436789	442774	397475	404977	376982	419938	468451	405593	512580	556181	505679	708041	544853	767275	763442	765235	940839	832732	1128167	1055044	1115248	1316389	1306099	1386826	1738225	1822626	2120360	2413205	3238500	3563487	5603974	12997996	33485330	6498357	0	0	0	0.9067
18	23645846	21274205	20259717	26075992	16384	16384	0	0	0	211737	437722	440302	396333	405320	378767	421375	470010	408530	514250	558800	510678	710607	550222	769577	765776	766575	943193	837527	1129708	1061056	1118105	1323335	1318706	1401066	1750982	1835402	2142182	2441115	3251324	3608760	5650343	12988565	33115729	6622081	0	0	0	0.9048
19	23739837	21194064	20375179	25929522	33542	33542	0	0	0	206661	453381	459496	415078	423626	394427	437084	487016	420235	528663	573209	522761	723876	562659	784819	778985	780031	956577	844950	1141696	1068953	1127077	1332664	1325317	1409973	1757761	1844263	2146668	2445960	3255381	3612791	5654244	12938991	32844909	6578420	0	0	0	0.9490
20	23706966	21121419	20391625	26034049	18085	18085	0	0	0	240949	502042	504702	449467	452309	416287	459868	509211	438310	546703	590479	538619	741724	576056	798406	793280	787924	967589	859576	1151535	1087495	1137601	1342649	1336269	1418070	1766774	1854630	2157471	2460444	3255292	3619080	5651842	12851594	32518214	6471598	0	0	0	1.0014
21	23724423	21242687	20424695	25849262	31077	31077	0	0	0	215215	477843	481417	434761	441712	410678	452803	501050	434718	542223	586193	536938	736663	577822	800117	794403	792186	971852	865777	1156541	1094206	1146446	1354211	1352835	1435588	1788749	1878883	2188558	2505139	3298580	3686971	5729319	12849075	32172023	6549572	0	0	0	0.9820
22	23775952	21179482	20516979	25717182	82549	82549	0	0	0	250771	544142	552394	489024	489258	449586	492384	540056	464194	575985	622048	564226	769164	602647	826525	819411	811801	994614	885219	1174895	1116205	1159719	1368323	1365725	1442023	1794345	1880096	2183563	2489565	3274990	3653346	5660797	12719464	31826376	6336714	0	0	0	1.1389
23	23737229	21081569	20557427	25741305	154614	154614	0	0	0	241611	547554	554848	494868	494860	454285	497454	544771	469368	578109	623762	569212	770347	606990	828158	820457	813046	995415	889404	1173430	1118788	1161991	1368654	1368639	1451660	1795498	1884357	2193784	2506654	3280572	3673279	5692338	12690837	31432910	6529620	0	0	0	1.2206
24	23633125	21275908	20549274	25720946	92891	92891	0	0	0	280653	598371	605114	529704	524973	476205	521588	568387	487180	600178	645315	586466	789126	621428	849171	838514	827838	1011968	901959	1192661	1137350	1170447	1385233	1383996	1458574	1811114	1898702	2198087	2506236	3282551	3667188	5652881	12595687	31289594	6284814	0	0	0	1.2280
25	23664418	21300325	20644169	25643032	20200	20200	0	0	0	257042	579402	578952	515191	512199	471448	514575	560856	484638	595398	640595	584926	785321	620524	843644	836392	825345	1008083	903291	1182496	1130678	1174569	1383203	1381388	1467373	1809648	1899527	2210668	2524323	3288799	3698984	5706563	12648109	31152622	6475172	0	0	0	1.1159
26	23693877	21200035	20623834	25666320	88078	88078	0	0	0	276738	636675	648373	569795	562366	511312	554203	601951	516779	629687	675016	615456	817784	648641	873791	860575	848140	1031548	927171	1206902	1158033	1190355	1402835	1404473	1484870	1830161	1916004	2224008	2539223	3286510	3699522	5677076	12482055	30522881	6353157	0	0	0	1.2818
27	23486504	21374988	20720728	25666789	23135	23135	0	0	0	293405	662127	663759	583253	572975	520618	565606	612339	525044	637389	683252	622121	826186	656753	884356	870972	855906	1041864	936964	1217089	1173137	1200619	1415431	1418053	1501049	1845051	1935364	2242014	2566196	3311198	3734896	5715158	12440680	30172080	6346105	0	0	0	1.2420
28	23583196	21365375	20741535	25537852	44186	44186	0	0	0	366060	791745	801034	684268	664437	591385	637624	681395	576050	699499	743471	669530	880920	696711	931291	910523	893578	1081783	972445	1251005	1205821	1222296	1443226	1447042	1516792	1858706	1951582	2247138	2566526	3294424	3711755	5632827	12194233	29283859	6126977	0	0	0	1.4573
29	23595859	21267053	20726026	25656597	26609	26609	0	0	0	303916	705342	714248	623926	610114	551364	594454	639322	548762	661418	706798	644719	844152	676083	900471	884274	869324	1055737	950131	1225772	1186279	1210667	1423913	1428627	1509438	1849951	1936669	2244144	2565293	3296877	3721081	5675037	12328965	29867193	6291074	0	0	0	1.3109
30	23532002	21393195	20745699	25568769	32479	32479	0	0	0	266840	668367	675016	602320	591164	538000	579432	626416	538113	651463	696980	636460	835902	668290	891823	880686	864055	1051624	947471	1222735	1182233	1207582	1421302	1427327	1508452	1849815	1938287	2248300	2577945	3309068	3739341	5712638	12379860	29983925	6320433	0	0	0	1.2623
31	23580250	21347761	20906944	25410102	27087	27087	0	0	0	305073	734860	740079	647565	634334	571273	616457	661929	564663	682636	727904	663504	865199	694322	921442	907293	887737	1077381	972647	1245619	1212616	1229158	1448320	1452327	1537089	1877088	1973182	2282776	2608905	3330307	3777302	5734344	12242520	29191534	6225672	0	0	0	1.3523
32	23676420	21251547	20856976	25430895	56306	56306	0	0	0	330594	796047	813569	705957	684247	613196	658047	701426	598906	716844	763953	692434	901856	720814	953239	929854	912585	1102682	995987	1269775	1236347	1244628	1467341	1473061	1553025	1891698	1982190	2284279	2612323	3321414	3761230	5680713	12082997	28687054	6075526	0	0	0	1.4823
33	23592215	21427055	20839014	25380053	33807	33807	0	0	0	330257	803416	814957	707452	688507	615172	659449	703498	599893	718841	762818	692854	895999	719388	950745	932392	909382	1099770	993206	1264402	1235239	1244976	1465444	1473725	1550950	1890699	1982814	2288618	2616324	3320256	3762208	5681392	12065630	28675070	6122594	0	0	0	1.4619
34	23646985	21404119	20922036	25268789	30215	30215	0	0	0	320892	807180	813484	712034	689920	621806	662810	707674	603921	720423	765619	698297	900097	727442	953969	934863	916096	1107044	1004773	1267106	1243265	1253818	1473784	1482257	1565693	1902219	1992542	2304289	2637366	3333162	3790218	5713218	12045736	28438948	6129964	0	0	0	1.4591
35	23680610	21298575	20893912	25363696	35351	35351	0	0	0	344233	859575	877200	759277	732681	652061	696343	738849	628898	749207	794735	718951	923345	745906	975713	952767	929413	1120607	1016542	1278881	1258950	1260440	1481129	1493197	1570195	1905269	1996215	2301515	2630580	3320274	3771038	5662413	11926993	28158324	6005077	0	0	0	1.5463
36	23592469	21434280	20884507	25273087	87801	87801	0	0	0	349922	892577	908819	790345	759477	675730	718774	761490	651177	768539	813122	739042	942794	764181	993129	969007	948120	1135701	1036323	1295954	1276677	1275020	1497067	1509548	1589545	1924934	2016491	2320271	2653481	3328376	3786711	5663770	11814784	27658799	5954646	0	0	0	1.6518
37	23686258	21408048	20971404	25143977	62457	62457	0	0	0	359396	916108	937784	812290	780071	692732	737328	779857	662352	782912	826295	749324	956170	774599	1003983	979734	956269	1145908	1042743	1301992	1283224	1283454	1506132	1514502	1595813	1926721	2020396	2326647	2655809	3327364	3784501	5654562	11774831	27431155	5926729	0	0	0	1.6624
38	23582110	21349627	21030935	25206275	103197	103197	0	0	0	372078	962537	982523	849272	813360	720829	765618	808638	687130	810050	856621	773593	985588	795875	1032822	1005278	976912	1172014	1069888	1330409	1316958	1304688	1538905	1546947	1622912	1963426	2054347	2356734	2691937	3353072	3819805	5664878	11603130	26828167	5732006	0	0	0	1.7730
39	23570446	21428304	20970307	25145778	157309	157309	0	0	0	373061	966859	996516	860050	823915	729050	775013	814748	690913	813231	860766	777380	987789	799501	1035694	1006737	976649	1174718	1067690	1330618	1316660	1302069	1534328	1544523	1615085	1955964	2049207	2348468	2680825	3345108	3798528	5637865	11590707	26842434	5692166	0	0	0	1.8458
40	23538969	21481311	21086241	25115193	50430	50430	0	0	0	389295	1017086	1033163	889822	852517	752179	795828	836666	707716	831263	875508	793284	1000507	814914	1046254	1019062	990305	1184339	1083631	1337113	1327394	1315126	1541335	1553458	1635917	1963963	2056261	2359610	2694035	3348115	3808037	5641059	11544479	26409754	5772719	0	0	0	1.7870
41	23694529	21334326	21044663	25147825	50801	50801	0	0	0	366343	997017	1026498	888239	850978	753272	797342	835454	708734	831572	876993	793884	1003182	813552	1046048	1014207	989983	1181194	1078997	1334770	1326662	1310254	1536950	1550452	1628459	1959125	2048078	2350136	2685032	3335364	3801515	5630270	11522555	26556601	5791631	0	0	0	1.7682
42	23483434	21518088	21096875	25128068	45679	45679	0	0	0	385001	1049531	1070387	924260	881922	780242	819857	860071	733329	851282	896808	812286	1017727	831356	1062769	1031867	1003523	1198034	1096895	1348270	1341883	1325693	1550879	1564165	1644919	1971911	2066590	2367034	2703169	3344074	3810302	5624447	11441720	26114376	5699886	0	0	0	1.8288
43	23563273	21470960	21166331	25021279	50301	50301	0	0	0	394317	1083120	1108018	954982	910368	802788	843763	883107	748663	873497	917863	830772	1040253	846533	1084011	1047789	1021371	1215399	1115841	1367321	1365577	1340954	1574118	1589435	1668805	1996711	2093583	2391198	2732265	3364388	3832843	5626026	11308642	25630290	5617232	0	0	0	1.8856
44	23683441	21371853	21110742	25044369	61739	61739	0	0	0	418879	1152798	1196877	1026175	971421	851838	894610	934451	789403	913364	957623	864976	1077130	878725	1115081	1074750	1044928	1240480	1136685	1384069	1384290	1352942	1586890	1599523	1671879	1997920	2092523	2380355	2718405	3338073	3793354	5553825	11143767	25195957	5476439	0	0	0	2.0116
45	23592178	21481217	21152935	24985865	59949	59949	0	0	0	411255	1147140	1192237	1022307	971857	853028	896636	934816	789505	916011	960963	866826	1081106	880251	1119198	1076992	1049887	1245753	1141326	1388349	1390780	1358850	1595283	1605893	1679928	2005196	2104546	2395067	2727149	3347228	3808029	5567901	11119661	25107484	5453757	0	0	0	2.0036
46	23673857	21421087	21214658	24890417	72125	72125	0	0	0	426162	1194650	1246312	1066958	1010464	883998	928208	964257	814920	940354	986578	887678	1103084	899697	1137910	1093122	1065701	1261089	1158062	1402344	1406121	1366384	1601699	1616156	1691591	2011581	2110173	2394143	2729460	3340396	3796419	5531780	11004061	24736184	5392323	0	0	0	2.0886
47	23582134	21416644	21253282	24941324	78760	78760	0	0	0	429284	1216311	1264528	1083622	1025560	897053	938372	974440	824914	949902	993362	896367	1110847	907945	1147044	1099774	1069771	1268537	1164644	1407139	1414421	1374990	1612817	1624535	1700769	2020685	2115841	2400805	2741318	3341977	3802539	5526719	10955687	24525639	5365226	0	0	0	2.1226
48	23469389	21552736	21256098	24868961	124960	124960	0	0	0	410713	1199832	1250913	1076562	1021439	896415	938519	974109	824628	950299	996494	897776	1110835	909962	1147884	1102588	1072540	1270039	1167169	1411996	1417282	1378035	1613522	1629646	1704775	2025267	2123016	2410969	2746742	3347059	3810110	5534579	10954622	24474767	5346081	0	0	0	2.1537
49	23574715	21483830	21352261	24793941	67397	67397	0	0	0	450711	1287238	1349303	1153960	1088092	949147	992605	1026210	864741	992586	1037390	932798	1150625	940843	1185221	1130446	1100561	1298892	1193914	1437371	1446351	1394392	1634303	1646964	1717663	2036084	2132515	2411760	2742497	3332073	3783314	5473636	10756396	23931750	5202395	0	0	0	2.2235
50	23527321	21488167	21397683	24808697	50276	50276	0	0	0	444743	1339310	1408500	1216971	1149343	1007276	1048969	1083413	917090	1049136	1098107	985318	1213657	993572	1251227	1187649	1159544	1365357	1255695	1504582	1522720	1461122	1719301	1733906	1812186	2133320	2245690	2520119	2864821	3432744	3901130	5539355	10393657	22322299	4940039	0	0	0	2.2993
