#Name	E:\SaveData\2016-10-18_15_18_08_1001160117_R0024_A_CL100007988_BGI12070_WESPE_result\\CL100007988\L01\CL100007988_L01_14_2.fq
#PhredQual	33
#ReadNum	40880617
#row_readLen	50
#col	48
#BaseNum	2044030850
#N_Count	1155850	0.056548
#GC%	44.79
#Q10%	95.10
#Q20%	84.80
#Q30%	67.56
#EstErr%	1.688332
#Pos	A	C	G	T	N	0	1	2	3	4	5	6	7	8	9	10	11	12	13	14	15	16	17	18	19	20	21	22	23	24	25	26	27	28	29	30	31	32	33	34	35	36	37	38	39	40	41	Err%
1	12973877	9447624	9273484	9183957	1675	1675	0	0	0	7598	24003	31158	34759	43927	51053	105421	130484	122798	174177	205865	184058	317303	209739	352307	345578	388238	471477	396630	621763	491743	594759	697931	648929	712016	924627	968574	1081336	1183557	1671178	1839549	2944327	5542517	15957303	1402260	0	0	0	0.3577
2	11478864	7947960	9558053	11893294	2446	2446	0	0	0	48673	86866	96467	96955	112198	111518	182577	218225	184741	254486	287962	240096	400730	260032	430664	403191	435873	530855	437551	672857	534830	630219	734423	681235	744172	949171	986586	1103093	1201359	1659435	1823198	2854388	5367569	14755489	1360487	0	0	0	0.6480
3	10899678	9258674	8583564	12134786	3915	3915	0	0	0	62178	97516	103505	99469	111741	109078	183018	218541	183291	256160	286188	243965	400207	264047	432207	413333	432168	535225	441585	672712	551878	622562	739674	695297	736241	949737	985896	1104611	1205010	1650499	1824986	2840219	5346460	14604568	1472930	0	0	0	0.6786
4	11100312	9219275	8766092	11790713	4225	4225	0	0	0	73620	121312	125196	117531	128372	125682	203043	237515	205469	272802	304342	267548	411775	290619	445159	428782	447205	546565	464082	676980	571677	643184	751236	710333	772983	968210	1002307	1135878	1252991	1655187	1872026	2869934	5254474	13898850	1623523	0	0	0	0.7648
5	11062594	8964268	9088785	11759697	5273	5273	0	0	0	80662	127530	130925	120833	131335	126585	205561	239928	203662	275131	305111	263915	415312	285112	449883	430678	443102	549426	455762	679754	569514	633028	748710	706940	752767	956042	989606	1115159	1221022	1639397	1835677	2821024	5259079	14143341	1563831	0	0	0	0.7862
6	10976106	9147081	8895474	11855102	6854	6854	0	0	0	58575	109832	116732	111725	124383	122276	204122	240107	205509	277253	310441	273406	419977	293310	458049	441873	453219	559121	473224	686413	587047	649257	763666	726935	776690	980177	1012813	1146404	1264078	1668711	1879475	2873290	5260006	13698632	1647035	0	0	0	0.7421
7	11080489	8958820	9211280	11626068	3960	3960	0	0	0	85464	139568	141272	130201	140994	135428	215976	251553	212811	284099	315230	273856	422248	295318	456241	438416	450295	556731	464466	683437	577980	639708	753909	714495	760446	965177	993372	1124071	1232383	1641348	1843829	2820827	5232331	13906978	1576199	0	0	0	0.8255
8	10832512	9196074	8670710	12177022	4299	4299	0	0	0	89047	147229	147577	136929	145876	139526	221649	256012	217639	288985	318730	279040	425452	300311	460141	443707	449266	559561	466390	683579	586963	637900	755770	718659	756432	964283	992737	1124846	1230015	1636589	1841811	2815216	5232879	13819410	1586162	0	0	0	0.8513
9	10758482	9201094	8720491	12196002	4548	4548	0	0	0	81058	147638	149433	140436	151099	146763	230493	262683	228911	294054	325095	292305	425596	316515	461003	452206	457715	562191	482310	678220	591327	653148	758319	726152	787225	973508	1003480	1146240	1268799	1639719	1873743	2838883	5174519	13429781	1725502	0	0	0	0.8609
10	11017828	9060219	8842658	11952472	7440	7440	0	0	0	78475	151788	160338	148962	159683	151222	240643	278183	231294	312521	343277	297013	450344	313596	486957	468955	463699	580063	484236	704979	608811	650200	776907	742549	771359	985884	1014484	1144965	1261993	1657023	1870734	2826259	5170889	13270523	1614369	0	0	0	0.8985
11	10987213	9074497	8846662	11966362	5883	5883	0	0	0	76217	146843	149901	141787	153257	146958	233957	268847	229283	301930	332769	290924	437460	311715	470826	456006	457313	566014	476009	688019	594242	645042	760883	724894	767078	968924	998462	1130921	1242062	1636662	1844860	2804649	5186132	13616301	1617587	0	0	0	0.8653
12	10942744	9159149	8837212	11937392	4120	4120	0	0	0	86414	162701	164704	152775	163394	156371	243985	278474	236492	311542	340211	299051	444622	318616	479345	463983	462637	573840	482866	693088	601270	649072	766290	732892	771331	970922	999272	1132040	1247157	1630428	1845716	2796955	5153810	13433167	1631064	0	0	0	0.9143
13	10972890	9115729	8874403	11904172	13423	13423	0	0	0	92661	176348	176023	163658	171989	163486	252662	287221	244792	318968	348295	307019	449893	327737	486462	471155	467315	579242	488845	694407	609489	654242	769393	737779	780511	975782	1002996	1138802	1256505	1631517	1847972	2790717	5122197	13225478	1655636	0	0	0	0.9806
14	10959133	9113886	8866252	11935666	5680	5680	0	0	0	97713	185998	187059	171885	180441	171008	262210	295808	252318	326055	356618	313681	456414	335294	491566	477000	473043	584418	494551	699017	614851	657270	773613	742403	783644	978185	1004891	1141385	1258105	1629413	1845621	2783574	5090146	13125467	1634272	0	0	0	0.9994
15	10919016	9161236	8910179	11884452	5734	5734	0	0	0	99353	194263	196424	178896	186830	176006	266659	301792	255230	330788	360723	317763	461712	336571	495421	480126	473491	585879	496964	701220	618705	656884	774706	745311	781224	978961	1004830	1142965	1258021	1626241	1845120	2776563	5074448	13037380	1657413	0	0	0	1.0255
16	10941478	9149519	8926854	11855935	6831	6831	0	0	0	129000	254318	251889	230296	240575	225176	254304	287351	246353	317165	345615	309980	442894	329555	477669	469131	463390	574006	491445	685728	610936	651099	765186	737847	778694	974361	1000244	1137569	1258020	1621051	1845402	2771023	5057728	12969045	1669741	0	0	0	1.1841
17	10918235	9137379	8966894	11848310	9799	9799	0	0	0	143934	281803	281150	251673	259814	241253	269637	301533	258605	329484	357139	320021	453873	340143	488602	477945	472231	582224	496809	689709	616847	654428	769766	742170	782429	974012	999029	1137544	1258742	1615004	1837551	2750221	5007188	12773010	1655295	0	0	0	1.2822
18	10835340	9248657	8953611	11833570	9439	9439	0	0	0	143483	284363	280309	253893	260209	242278	271682	304250	259198	331624	359833	322713	455756	342436	491462	481609	471061	584485	500322	691775	623177	656456	772774	746600	786514	976434	1003410	1142077	1261551	1617105	1845573	2755286	4997608	12686074	1667798	0	0	0	1.2864
19	10862724	9217482	9002890	11779543	17978	17978	0	0	0	141598	290586	287619	261579	268122	249583	278209	310785	265558	336956	367043	326992	461553	346584	496381	483768	473643	586176	501614	695652	625242	657691	772914	747885	784805	975748	1001665	1142222	1262136	1613814	1840512	2746689	4980104	12612020	1669191	0	0	0	1.3303
20	10850217	9203291	9006080	11810102	10927	10927	0	0	0	162843	323582	318182	284031	287965	264596	294211	326772	276495	350296	377548	337868	469885	355227	503480	492553	481436	593357	509654	697621	632324	662065	775663	753026	790014	977810	1004426	1142535	1266016	1607145	1835973	2728568	4931582	12398156	1656785	0	0	0	1.4155
21	10821060	9249041	9012841	11782299	15376	15376	0	0	0	155346	315830	308648	277099	281356	260297	288639	320660	273912	345606	373875	335115	465852	353530	501255	491530	477951	591084	511664	697966	632976	663265	776413	756460	792847	982947	1008735	1149753	1276640	1617102	1850194	2746756	4939152	12365428	1679358	0	0	0	1.3955
22	10871072	9223509	9046856	11699846	39334	39334	0	0	0	170138	348210	345334	305575	306355	279550	309880	340900	289709	362710	389800	349943	480621	367479	514306	502704	488875	600348	519813	702428	643181	667551	781507	761390	796718	982227	1008264	1147209	1271105	1604362	1830845	2714292	4874931	12138193	1644830	0	0	0	1.5650
23	10882613	9169929	9038696	11717840	71539	71539	0	0	0	164004	346098	343695	305993	307676	282233	310622	342498	291481	363643	391308	351874	480702	367659	515758	503804	486888	601674	519263	702482	643646	667785	780767	761434	796710	983029	1007186	1147023	1274093	1600633	1835046	2711678	4864481	12088999	1667213	0	0	0	1.6379
24	10822435	9254805	9060722	11697704	44951	44951	0	0	0	191002	383710	377402	331629	328968	298489	328139	357606	303056	376024	403004	359692	491077	377447	523671	511244	494680	607958	526306	708548	652520	671746	785979	766914	799396	985872	1005908	1146500	1271434	1597388	1823458	2691205	4817957	11909216	1630521	0	0	0	1.6892
25	10856575	9238774	9115354	11658082	11832	11832	0	0	0	174226	369403	362231	321336	321020	293987	322242	354822	300700	374102	402306	360761	491059	375592	522206	512575	494314	606383	525278	705983	650519	672474	786669	767039	800937	984904	1008761	1149218	1276492	1601787	1831392	2703600	4838442	11940152	1665873	0	0	0	1.5593
26	10906868	9184917	9104053	11642091	42688	42688	0	0	0	183222	402477	399563	352083	348977	316056	344788	375747	317467	391454	419061	375185	505324	389616	536711	523160	503171	619372	534500	712425	659605	675605	790725	773551	804300	989162	1007692	1148885	1271929	1589669	1820109	2670346	4758915	11683087	1643990	0	0	0	1.7448
27	10808299	9265928	9134805	11657698	13887	13887	0	0	0	198468	419792	412135	359391	354567	320387	349620	380246	322331	396970	423244	377589	510829	392410	539950	526140	504798	621108	538719	715099	664743	678393	794864	779131	806901	991758	1013576	1152914	1277757	1591502	1824582	2672435	4744022	11573761	1636598	0	0	0	1.7224
28	10875248	9240312	9173445	11566290	25322	25322	0	0	0	237660	493941	489884	418895	409432	361166	391856	420466	351110	428230	455280	402554	536946	412897	565019	545561	522378	635495	550586	728091	677700	685408	800145	783641	809413	990424	1011169	1144187	1267996	1569767	1795831	2608949	4619771	11148963	1584484	0	0	0	1.9931
29	10894052	9209184	9155310	11605833	16238	16238	0	0	0	201709	447603	442198	385599	380174	340578	369189	398916	335283	410644	435837	391921	519886	402895	549922	535450	513154	626366	547314	718862	671531	683101	795943	780948	808632	990238	1008166	1150962	1275375	1581691	1809906	2642050	4685119	11397488	1629729	0	0	0	1.8168
30	10851707	9268330	9156438	11586815	17327	17327	0	0	0	181441	425635	417804	371821	368183	332084	361433	391909	330851	403403	431981	387296	514666	399833	545378	532728	509958	624415	542237	716691	669683	681355	795911	779126	809226	990275	1014322	1152121	1279184	1587623	1820932	2660017	4712905	11468664	1652199	0	0	0	1.7474
31	10860111	9251596	9214539	11538193	16178	16178	0	0	0	205177	464089	455678	397757	390947	350122	379712	409578	342820	418871	446253	398847	529198	409768	557539	543424	518487	633957	551882	725158	677395	686772	801646	785292	815065	998065	1017179	1157550	1282904	1582169	1817856	2644786	4650172	11192597	1625727	0	0	0	1.8645
32	10925339	9199446	9191211	11533161	31460	31460	0	0	0	218804	498359	497451	430586	419284	372936	400878	431081	361348	437739	462773	413181	543379	422621	571353	552673	527674	644427	560569	733503	687154	690777	805135	791840	817577	996429	1015737	1152068	1276211	1571465	1800303	2606092	4582992	10960733	1594025	0	0	0	2.0215
33	10880843	9259665	9210619	11509520	19970	19970	0	0	0	217675	505279	499598	433238	421749	375286	404529	432791	362656	438897	464800	414684	543910	422974	569161	555288	526423	642696	560932	730979	688439	689336	804338	791848	814736	995519	1014011	1151930	1277547	1568642	1798771	2604960	4573934	10962767	1600324	0	0	0	2.0038
34	10893805	9251622	9241680	11475916	17594	17594	0	0	0	213804	506710	499277	433936	423679	378403	404984	434590	366586	440836	465511	417542	545599	426670	572231	556245	529620	642842	563610	731065	690930	694609	805579	792403	821194	998626	1016201	1156903	1281990	1568895	1802451	2606095	4563956	10902022	1607429	0	0	0	1.9994
35	10923438	9215482	9230176	11490264	21257	21257	0	0	0	226904	538127	534754	462137	448345	395821	425449	451970	377821	454423	479831	427705	558298	434791	580632	563526	535652	650042	568628	735336	696668	695418	808001	796023	820545	995363	1013050	1150854	1275258	1560779	1788856	2579383	4506662	10742039	1580269	0	0	0	2.1119
36	10887438	9249489	9234581	11463893	45216	45216	0	0	0	230248	555892	555728	479248	461750	409236	435966	463866	388703	464430	488735	438589	563680	443066	588112	570082	542988	655099	577283	738510	701155	696794	812109	799705	825448	997527	1015938	1149885	1275058	1554607	1781658	2563528	4465068	10574756	1570954	0	0	0	2.2293
37	10909101	9259667	9270073	11406826	34950	34950	0	0	0	235709	568619	565785	490048	470069	415449	444701	470722	392715	471868	496803	442180	568082	445729	593728	575161	543439	658431	578275	739815	702551	700333	812005	800789	823528	999015	1014573	1148407	1273543	1552370	1778422	2554526	4447066	10504297	1566914	0	0	0	2.2428
38	10880149	9233763	9277616	11439220	49869	49869	0	0	0	246213	601091	596558	514579	492700	435227	462752	489110	407863	486924	509646	454158	585422	457973	606908	586381	554250	669931	586308	749960	715209	707673	821165	811188	828643	1004377	1021230	1156195	1280799	1552264	1774954	2538631	4376466	10221054	1526946	0	0	0	2.3782
39	10847713	9265592	9283751	11406379	77182	77182	0	0	0	247046	605148	602346	517604	497763	435724	465702	491218	408891	487116	512895	455041	583769	457706	605261	585337	551982	670508	587399	747749	714573	704793	819274	809522	827644	1001565	1019962	1150885	1275118	1545184	1769688	2529264	4371418	10221828	1526512	0	0	0	2.4574
40	10839540	9276609	9335700	11398910	29858	29858	0	0	0	254582	631426	626121	537102	514040	451044	477911	502647	419290	497247	521399	463849	591168	466713	610890	591557	557052	671314	592332	750086	718434	709094	820266	810102	830262	1002169	1017645	1149158	1273584	1537914	1763188	2514624	4338560	10105637	1532352	0	0	0	2.4156
41	10917471	9241858	9316479	11375972	28837	28837	0	0	0	241378	618293	619828	533503	510789	449491	476852	502335	418419	496467	521218	462144	589773	466126	610842	590230	557147	670654	590752	746672	717588	706070	818807	809045	828929	1002018	1012963	1147721	1275368	1539521	1765262	2516399	4339980	10157397	1541799	0	0	0	2.3817
42	10825208	9302555	9341764	11384507	26583	26583	0	0	0	253430	651269	645605	557066	532200	464698	490811	516934	429689	506970	532321	473058	598257	472036	617790	596604	561743	676557	597687	752064	721439	711013	822156	812753	831192	1001693	1017557	1146480	1274044	1532679	1756761	2496387	4294980	9985018	1523093	0	0	0	2.4666
43	10856284	9296111	9360384	11338255	29583	29583	0	0	0	260690	672210	669882	574469	548430	476979	504844	529433	440138	518883	540678	482139	608923	480200	626520	605965	567559	684779	604738	756409	729907	713835	826246	818070	836006	1005526	1020261	1150000	1273076	1531606	1753433	2482031	4249923	9801905	1505341	0	0	0	2.5434
44	10932100	9237093	9339427	11335498	36499	36499	0	0	0	273154	707541	712331	608751	576352	500464	529482	550520	458252	536061	559245	495067	624815	493411	638493	612550	577093	691185	609449	762481	734094	714779	828689	817287	832178	1001104	1015585	1141575	1261633	1512674	1729491	2446122	4183817	9636648	1471745	0	0	0	2.6810
45	10915649	9270929	9348878	11310440	34721	34721	0	0	0	268077	703910	712832	609255	577079	502859	529677	552336	459903	538346	560018	496260	626149	494611	638442	613366	576210	694941	611387	761946	738564	715712	829501	820962	835708	1002867	1015949	1142283	1267204	1517492	1733420	2446887	4177326	9606761	1467656	0	0	0	2.6719
46	10942472	9250172	9389175	11256890	41908	41908	0	0	0	278561	734275	742453	632658	598770	519229	548484	568554	470221	549062	571826	505236	633419	501535	648021	621451	582349	698470	618472	766409	741701	717938	832228	821326	833876	1002245	1014840	1139265	1261450	1504547	1721878	2422440	4126278	9459441	1449801	0	0	0	2.7805
47	10908817	9246773	9397380	11282829	44818	44818	0	0	0	280347	745395	751280	641027	606416	525951	552263	574213	474730	554080	575803	510109	638349	504840	649754	624373	586031	700097	619184	767177	744624	719255	831962	824227	836729	1003661	1015517	1138839	1263380	1501532	1717838	2414678	4107590	9385754	1448794	0	0	0	2.8173
48	10844831	9301787	9414345	11255463	64191	64191	0	0	0	271258	736672	741577	635335	600830	522839	549409	571032	473312	552763	576215	510300	637105	504289	649355	625284	583948	700506	618136	768207	743384	719014	832200	825481	838229	1003328	1016515	1140909	1266305	1506958	1721161	2421140	4113159	9391612	1448659	0	0	0	2.8355
49	10931206	9256197	9453665	11198746	40803	40803	0	0	0	292831	785378	797252	677004	638247	551876	578191	597918	493332	573713	594954	525656	654709	517922	664122	636569	594344	710177	626728	773838	752039	722836	835901	827497	835890	1000410	1013287	1133907	1253042	1488751	1698437	2381124	4032747	9170743	1408442	0	0	0	2.9391
50	10912650	9253702	9463371	11219464	31430	31430	0	0	0	294884	810210	820887	702026	665010	573512	600970	622014	512328	597808	619769	543320	680008	532633	688763	656914	613189	731581	643747	796213	774147	738799	854458	848540	856277	1021476	1037764	1152096	1274188	1504729	1712831	2372736	3932059	8711949	1351352	0	0	0	3.0069
