#Name	E:\SaveData\2016-10-13_11_11_05_1001160120_R0057_A_CL100007973_BGI12297_WESPE_result\\CL100007973\L01\CL100007973_L01_18_2.fq
#PhredQual	33
#ReadNum	59814385
#row_readLen	50
#col	48
#BaseNum	2990719250
#N_Count	3953612	0.132196
#GC%	44.61
#Q10%	97.55
#Q20%	90.77
#Q30%	77.49
#EstErr%	0.997049
#Pos	A	C	G	T	N	0	1	2	3	4	5	6	7	8	9	10	11	12	13	14	15	16	17	18	19	20	21	22	23	24	25	26	27	28	29	30	31	32	33	34	35	36	37	38	39	40	41	Err%
1	19476109	14446159	13375649	12443676	72792	72792	0	0	0	6064	26991	37168	40958	51716	60499	126034	161313	137746	223686	252054	219270	407128	230174	444734	413509	489365	567359	490073	780461	607256	723498	852887	830741	836353	1151179	1186613	1329507	1436477	2167980	2087546	3435343	8344104	26815808	2769999	0	0	0	0.4149
2	16562902	11326757	14173873	17680299	70554	70554	0	0	0	28042	68496	87919	94805	115774	119957	199452	251108	202416	298177	340979	268860	495456	278822	523973	465888	534326	628322	519768	828290	630520	763440	890107	834762	883620	1169453	1209294	1353665	1472100	2181796	2150926	3501899	8336516	25357726	2657177	0	0	0	0.5734
3	15848810	13841943	11928502	18161265	33865	33865	0	0	0	31343	67676	86208	90489	111080	108880	196045	250297	188407	305838	339837	267523	503686	268923	536515	478752	531414	634955	520459	843404	647124	749923	895930	853844	860617	1171527	1209349	1347132	1452927	2183689	2132256	3455973	8372845	25283888	2801765	0	0	0	0.5073
4	16297157	13421659	12395302	17699158	1109	1109	0	0	0	49083	89691	106840	108209	128533	125055	208629	261380	202436	310436	347513	273426	503366	278305	533795	478531	529728	635947	518293	832235	643665	746811	891236	845488	860481	1162428	1198529	1337480	1450195	2156421	2124432	3440264	8332925	25249369	2852121	0	0	0	0.5048
5	16342912	12970949	13092404	17336906	71214	71214	0	0	0	35796	76761	91789	94749	113922	112630	202684	254687	199810	308940	345994	277549	502008	283949	538332	486958	528571	639551	520330	833555	652679	746915	894767	849678	866811	1164624	1200301	1345812	1468077	2154900	2167580	3498890	8356174	24716938	3210460	0	0	0	0.5874
6	16038355	13266920	12872314	17632957	3839	3839	0	0	0	50321	98519	112292	113301	132763	129254	218466	270240	212101	318613	355116	285293	506991	293609	539735	490657	528141	641305	522612	826482	656444	743115	888986	846784	865391	1159488	1196796	1344115	1468792	2139116	2169144	3487495	8349590	24651301	3198178	0	0	0	0.5276
7	16447655	12913747	13315766	17059075	78142	78142	0	0	0	60256	109324	126228	128066	149910	145096	233660	284908	226665	330189	369012	291360	517033	301417	545439	492440	530059	647570	524445	827860	652035	745584	891139	837854	868135	1151915	1194324	1341886	1463988	2125997	2168028	3486096	8312264	24524578	3131483	0	0	0	0.6919
8	15840268	13428942	12342029	18065940	137206	137206	0	0	0	49532	96198	111986	113684	132772	132603	222070	272366	222322	319641	360789	290116	507883	303859	539717	493835	527175	647475	524533	821957	654641	746262	890652	838473	873476	1151900	1194894	1344591	1471669	2127095	2178310	3502030	8298597	24444429	3269647	0	0	0	0.7526
9	15785378	13283907	12558593	18184012	2495	2495	0	0	0	42970	88719	105011	109128	129081	129386	218994	268106	219603	317657	356886	287923	501874	301830	533853	491693	522778	641588	520932	814679	652028	741307	885383	836992	869912	1147349	1192718	1342227	1470369	2127306	2181687	3509528	8330451	24597945	3323997	0	0	0	0.5103
10	16018307	13191515	12849923	17639384	115256	115256	0	0	0	60353	111296	123790	123612	141922	137838	229376	278990	221397	327899	367454	292151	516396	302235	547611	499395	528933	650904	525862	829417	662437	743544	894684	849381	864122	1156578	1195447	1342187	1465423	2125399	2165726	3478766	8307382	24460364	3170858	0	0	0	0.7470
11	16126436	13175214	12867043	17575522	70170	70170	0	0	0	55272	108351	124809	125245	145818	141663	234860	287720	226406	334941	373655	297085	522652	304618	555523	504567	529677	653876	527162	831796	666476	742576	896202	849588	866048	1157208	1194630	1345470	1469359	2126194	2172351	3489471	8300671	24344994	3237281	0	0	0	0.6741
12	16037390	13285019	12858293	17420139	213544	213544	0	0	0	60317	116627	132620	132357	153093	146446	242877	296413	230450	342209	379201	301461	530312	308374	561018	509483	532362	657345	527806	832645	669784	740045	895436	851047	862674	1155490	1192940	1340471	1464974	2118537	2171881	3476707	8281400	24159723	3226316	0	0	0	0.9350
13	16105274	13217760	12862506	17335285	293560	293560	0	0	0	63007	121143	137206	137199	159644	152323	245923	299550	232062	345035	382407	301520	528954	306529	558316	510167	529522	656856	526271	829039	668631	737575	893786	850026	861167	1150859	1191847	1337852	1467755	2113933	2181554	3495084	8284976	23979219	3283888	0	0	0	1.0806
14	16097505	13275499	12927417	17434917	79047	79047	0	0	0	65006	123208	137631	138129	158105	152476	247959	299337	237661	346908	384900	307703	528462	317700	560426	513048	535031	659912	534194	830607	674427	747766	897771	855013	874685	1160139	1198096	1350355	1481747	2123188	2203773	3520298	8294906	23901154	3373617	0	0	0	0.7270
15	16062867	13406022	12970524	17373202	1770	1770	0	0	0	64971	123974	137241	136589	156676	150566	245533	296619	234728	342539	380354	306238	522792	317130	555165	514092	527166	657092	531367	825678	677344	739402	897657	854425	870528	1156045	1197455	1351289	1487256	2118690	2213146	3531563	8313473	23924530	3453302	0	0	0	0.5943
16	16033306	13357754	12987162	17292685	143478	143478	0	0	0	88075	174275	192625	190039	213345	204005	242141	290397	234058	336265	374241	304768	513724	318039	546872	509200	524421	651768	527413	815807	672506	736818	891651	849062	870043	1148876	1190672	1347379	1483491	2107826	2210691	3524003	8271762	23654362	3460287	0	0	0	0.9369
17	16045860	13374800	13054988	17304907	33830	33830	0	0	0	88441	173983	193860	190062	215203	202780	243903	292743	231696	338784	375091	302877	514148	313625	547241	509067	520284	651785	525424	814126	673355	732058	892045	852234	864352	1146702	1190612	1345596	1483118	2110279	2219239	3537085	8282607	23719000	3487150	0	0	0	0.7548
18	15912409	13529471	13020317	17283851	68337	68337	0	0	0	108508	194755	210709	202950	226630	210369	252258	300916	239073	347021	381011	309571	520605	320587	554641	516037	522760	655808	529631	817127	678563	734365	890599	856117	869976	1149693	1192840	1347174	1487105	2105708	2216244	3524873	8264161	23481051	3526612	0	0	0	0.8585
19	15921633	13494891	13113940	17234363	49558	49558	0	0	0	107851	201025	216413	208044	230292	216271	256643	305082	241889	348778	383694	313457	522185	325329	556717	518392	524821	658264	533616	817325	683451	736537	895367	856545	872193	1152587	1194301	1355124	1494214	2104317	2225959	3531757	8259298	23368698	3548391	0	0	0	0.8389
20	15991080	13423686	13102965	17226598	70056	70056	0	0	0	96501	191133	207422	201441	223790	212988	252575	299360	241421	344489	379196	312936	513995	327055	549994	517068	520809	654797	532347	809831	680736	734855	892557	855916	872712	1151977	1192095	1354572	1495466	2102490	2231565	3539377	8254448	23387229	3609186	0	0	0	0.8491
21	15940641	13520574	13150081	17198924	4165	4165	0	0	0	116569	214195	228087	217246	238348	221845	262325	311742	247210	352901	388000	316698	521945	328503	556788	521647	523811	658478	534525	815126	688109	735202	896800	861047	873297	1155009	1197547	1360799	1504075	2107255	2242132	3561401	8239345	23191414	3620799	0	0	0	0.7905
22	15822911	13447780	13168770	17034739	340185	340185	0	0	0	142906	248513	254734	236727	254851	234461	273883	321972	256485	360221	395832	324905	527986	336967	560826	526152	526788	660524	539274	815840	687338	738714	894702	860154	877088	1149888	1191809	1355951	1501894	2095003	2236313	3542269	8161507	22769614	3612109	0	0	0	1.4191
23	16016915	13412552	13201661	17133710	49547	49547	0	0	0	110598	216325	231842	222783	243919	228481	268833	315054	255505	357272	393363	324929	526177	339494	561222	527165	530131	663093	541452	818202	691769	742358	899707	866403	886127	1159530	1202386	1367293	1516681	2106319	2256496	3572820	8225604	22933047	3662458	0	0	0	0.8745
24	15908960	13526984	13239679	17099361	39401	39401	0	0	0	117269	221605	234375	224412	245341	228693	269926	316537	254164	357417	392887	324253	524245	337271	559087	526743	524146	661180	537682	814200	694248	737718	898070	864816	880241	1155461	1197398	1363887	1514996	2103773	2255473	3569911	8235316	22913530	3718713	0	0	0	0.8665
25	15934167	13488919	13286820	17028242	76237	76237	0	0	0	130263	243364	254657	239725	260062	239017	280332	329036	261752	368878	403371	329513	533363	343089	567749	536497	528811	667565	542296	817711	701403	739773	901321	870191	880822	1160597	1200761	1365898	1517587	2104071	2265818	3574922	8189593	22678650	3709690	0	0	0	0.9754
26	15929420	13459493	13293273	17091910	40289	40289	0	0	0	130797	245618	254431	240430	260250	243116	283265	328757	267026	370374	404963	337386	533889	351112	569942	539230	534388	672158	550767	818768	705301	748578	904038	872554	895588	1164483	1207091	1378713	1533134	2110584	2274557	3587600	8190612	22524157	3740439	0	0	0	0.9203
27	15818768	13580335	13272461	17084837	57984	57984	0	0	0	128136	249014	259733	245664	264629	248390	287409	333562	269489	371902	406976	338471	535175	352796	570084	539358	534986	671539	551150	817780	706269	749295	904678	876690	897491	1165087	1209483	1380000	1536274	2106374	2283313	3596045	8181257	22421027	3766875	0	0	0	0.9582
28	15885590	13562644	13301990	17013312	50849	50849	0	0	0	123549	250243	261938	249261	267516	248408	290118	336887	271139	375381	409671	339874	539650	353482	573357	544027	533848	673934	550650	818316	705675	747857	905221	875422	892050	1160078	1205882	1373489	1528121	2102222	2272355	3578677	8184990	22459338	3760910	0	0	0	0.9487
29	15885951	13497395	13316942	17070405	43692	43692	0	0	0	139188	269795	277753	259711	278691	258968	298000	344002	280378	380935	416649	348870	541646	363211	576445	547258	541409	678693	559586	821713	713081	756550	909141	881903	908437	1172027	1214637	1388787	1549941	2112398	2303259	3608699	8147062	22128630	3793240	0	0	0	0.9785
30	15850803	13588858	13287003	17045589	42132	42132	0	0	0	138661	273431	283643	265496	284012	262010	302422	348715	283924	384157	418807	351818	544110	366669	577655	549600	541913	677587	562181	821546	714743	755884	910546	881195	910138	1170073	1213268	1388617	1549049	2109535	2296749	3600236	8138493	22091394	3803976	0	0	0	0.9866
31	15869716	13576908	13384970	16977027	5764	5764	0	0	0	149933	287312	292200	272746	290219	266695	308648	354093	288037	389453	424675	355624	549326	371514	583078	555967	545243	683797	564989	825885	717920	760526	913236	885124	910030	1174340	1218846	1393011	1555926	2112270	2313376	3616003	8135783	21928868	3813928	0	0	0	0.9534
32	15913372	13520206	13353158	17021704	5945	5945	0	0	0	140332	285279	293073	273894	292267	268340	310150	357056	286136	392882	425532	353031	549308	366377	583717	555578	538613	682485	559793	824258	720262	751345	912420	888380	903338	1173096	1215428	1392140	1553019	2110384	2308176	3612720	8130305	21954376	3844950	0	0	0	0.9481
33	15826417	13622774	13348991	16960110	56093	56093	0	0	0	163248	317000	321205	297384	312238	284557	326458	371326	301118	403333	436941	368093	557887	383020	593618	564733	551616	691204	575426	828677	730135	765053	921486	895906	925878	1184848	1226658	1407195	1578685	2116343	2332524	3634399	8079665	21499390	3811045	0	0	0	1.1031
34	15821070	13527092	13369549	16827750	268924	268924	0	0	0	151049	308060	313871	294490	309986	282376	325748	371705	295853	404081	436805	361041	558470	374698	592920	562478	541723	688615	566459	826187	725254	754101	914589	889537	908815	1175654	1217733	1398101	1562385	2108593	2321951	3627836	8054860	21522531	3796906	0	0	0	1.4391
35	15812477	13608745	13435880	16943901	13382	13382	0	0	0	180060	342995	349439	317505	332931	297550	343441	390340	308786	419647	450849	372782	571559	383633	605130	574677	551420	698736	575159	833139	738499	759267	924305	901807	917347	1187155	1231534	1408032	1576308	2119428	2343703	3637241	8045174	21307899	3803526	0	0	0	1.0933
36	15784235	13642560	13419326	16922350	45914	45914	0	0	0	180548	345035	349375	319108	332624	298057	342338	389312	309658	419153	450075	373923	567615	385489	600769	573874	550146	695534	574558	829702	737620	761283	922651	896960	919137	1182955	1224828	1405707	1576488	2112295	2337868	3632463	8048541	21285610	3837172	0	0	0	1.1490
37	15830251	13626620	13456281	16853127	48106	48106	0	0	0	184007	357316	360083	328250	342414	305623	349725	396272	312563	425643	457553	378311	575641	390342	606647	579855	552548	700954	577346	833172	744646	763198	926371	903381	920925	1187251	1228629	1412519	1581817	2113946	2344459	3637643	8014724	21148295	3824210	0	0	0	1.1780
38	15768147	13574459	13402937	16870430	198412	198412	0	0	0	183143	360665	360597	329514	342398	309147	349967	394270	317057	423653	454215	383186	571479	395895	604176	577356	557013	699851	585743	832511	745792	772218	929087	907560	933980	1194164	1236139	1418602	1596424	2121004	2356620	3651136	7987463	20899003	3834945	0	0	0	1.4321
39	15775498	13628662	13435156	16890308	84761	84761	0	0	0	184450	366490	368438	336738	347806	312173	355350	401344	319929	427867	459351	384350	575478	397514	608204	582535	557779	702655	583943	835295	749297	769143	929431	908642	927459	1192878	1234805	1417342	1591688	2121626	2358370	3653684	7996040	20928186	3843344	0	0	0	1.2572
40	15805335	13624630	13494243	16843654	46523	46523	0	0	0	196720	390011	389769	352724	361824	324399	366933	411148	329848	436828	469273	393917	583353	407596	615819	589759	564755	710104	593815	839813	758340	780340	936618	916663	941532	1201596	1243070	1430628	1609283	2127807	2374232	3660782	7945140	20674371	3839052	0	0	0	1.2422
41	15778535	13590583	13491136	16863568	90563	90563	0	0	0	197473	393237	393559	355347	364700	326649	367988	412397	333222	438121	468404	397073	582821	409399	614037	590334	566825	709620	595529	838851	756974	779589	933648	916860	943024	1200175	1241924	1425598	1607681	2119948	2363817	3650161	7942622	20633778	3852437	0	0	0	1.3226
42	15763275	13655334	13469840	16854155	71781	71781	0	0	0	199029	407446	410580	368741	378076	336736	380118	426382	339507	449268	479169	403241	593190	414553	625711	597764	569960	716699	599955	846334	765342	781244	943639	924151	945469	1204164	1249869	1437849	1618436	2128789	2382500	3663153	7904855	20430598	3820087	0	0	0	1.3250
43	15740436	13663517	13528700	16830485	51247	51247	0	0	0	211359	422620	419597	375607	383729	342144	384568	427283	345417	450096	482539	409404	592894	420094	624968	599610	573529	718372	605383	846212	768908	787056	944360	927579	954374	1210862	1252186	1440472	1622157	2131137	2386483	3669334	7893009	20288818	3850978	0	0	0	1.3182
44	15703317	13614405	13515308	16861915	119440	119440	0	0	0	212580	424736	422435	378478	384698	342156	384205	427168	343711	451310	480791	407639	591111	419829	625513	598987	570979	716754	605031	843331	769473	784030	944400	927263	950889	1207484	1250965	1438008	1623216	2130320	2385531	3662670	7879674	20241349	3868231	0	0	0	1.4359
45	15647536	13689118	13503440	16841775	132516	132516	0	0	0	213585	434395	432023	386148	392920	347234	390949	434079	347319	454132	485518	410094	595295	420594	626854	599989	570958	718345	604297	842740	771017	781870	940458	928183	948792	1203991	1245660	1436168	1618019	2122637	2377374	3650883	7860312	20205074	3883963	0	0	0	1.4767
46	15657688	13708785	13563570	16786180	98162	98162	0	0	0	221818	448217	440471	392775	397927	354074	395476	436734	354740	457728	488509	417687	596222	431352	630000	607835	576250	723115	615085	845032	778920	792479	949849	935146	964750	1215379	1260319	1451400	1639072	2133753	2399983	3670591	7845563	19971133	3876839	0	0	0	1.4445
47	15691525	13671285	13566766	16852628	32181	32181	0	0	0	214612	446591	444657	396933	401872	357452	400183	443438	355546	464322	494944	418107	602998	431644	634025	609118	577403	726314	613621	848873	782143	792449	951459	939131	961207	1216252	1259500	1447964	1638290	2134905	2398062	3675193	7845236	19985533	3872227	0	0	0	1.3368
48	15570134	13743365	13578548	16830492	91846	91846	0	0	0	235285	484335	480573	426143	427464	376174	421356	463202	370541	481615	512295	433735	619220	444911	652303	626560	590114	742027	626188	863154	800127	803483	969790	954565	976830	1234797	1279612	1470124	1662707	2152703	2431239	3693449	7746823	19513971	3755124	0	0	0	1.5199
49	15665499	13720537	13624124	16757126	47099	47099	0	0	0	236830	492888	487727	432142	432931	380942	425140	466668	375983	484737	515347	438301	619115	449141	653045	627524	594106	741513	631235	863303	798880	805011	966965	956498	981608	1235119	1281443	1472880	1663593	2151224	2428954	3687940	7754650	19456732	3777171	0	0	0	1.4608
50	15630497	13686865	13610909	16795464	90650	90650	0	0	0	250967	532333	529135	467742	468546	409067	455126	501329	397194	515906	545616	459974	655097	468546	687290	656508	616052	773262	652419	895607	833544	826264	998675	989996	1008494	1270860	1321592	1513055	1716562	2192306	2486609	3737793	7608934	18541763	3739572	0	0	0	1.6317
