#Name	E:\SaveData\2016-10-13_11_11_05_1001160120_R0057_A_CL100007973_BGI12297_WESPE_result\\CL100007973\L01\CL100007973_L01_21_1.fq
#PhredQual	33
#ReadNum	86161961
#row_readLen	50
#col	48
#BaseNum	4308098050
#N_Count	10747872	0.249481
#GC%	47.14
#Q10%	99.01
#Q20%	96.32
#Q30%	87.72
#EstErr%	0.564085
#Pos	A	C	G	T	N	0	1	2	3	4	5	6	7	8	9	10	11	12	13	14	15	16	17	18	19	20	21	22	23	24	25	26	27	28	29	30	31	32	33	34	35	36	37	38	39	40	41	Err%
1	27671411	20828329	20528969	17129692	3560	3560	0	0	0	1275	21868	37947	34122	34263	33086	35563	37605	36659	42418	47954	50451	66385	68604	79580	95305	162176	197218	218398	272268	359671	418361	493521	648084	647537	945215	999912	1232448	1200863	1234437	1016805	1912834	6960649	58727698	7787221	0	0	0	0.1038
2	24028065	16964539	21879309	23247210	42838	42838	0	0	0	1379	20709	32611	31237	31555	32012	35370	39304	40653	48604	55783	62613	85021	86688	100363	131216	206650	251996	275779	344703	434409	490751	565872	684377	677006	927479	981023	1192691	1265144	1495958	1441896	2655799	8456935	55548865	7386672	0	0	0	0.1526
3	23048352	20407992	18804378	23853479	47760	47760	0	0	0	2332	19265	27781	26444	27058	27699	30759	34027	35469	43976	50619	57635	79030	81828	94332	128210	204441	251326	276662	345182	437426	494788	566691	689883	680474	933924	985319	1192640	1263041	1502133	1463503	2690472	8488327	55612524	7268981	0	0	0	0.1518
4	23507434	20025129	19142393	23252688	234317	234317	0	0	0	1126	16658	24328	23428	24401	25774	29051	32579	34290	43404	49982	58504	81189	84036	96054	135363	214009	263008	288343	361248	454241	510686	585876	707355	693197	952559	1003468	1212516	1285587	1552211	1518475	2792881	8692898	55184567	6894352	0	0	0	0.3648
5	23305082	19772941	19953587	23060209	70142	70142	0	0	0	5152	19368	26274	25781	26701	27932	31173	35336	37431	47430	54800	63828	89403	91104	104779	146807	226306	279774	302672	381288	469354	527482	605726	720627	712590	974733	1032183	1244286	1335481	1646569	1649971	3002644	9029128	54349313	6768393	0	0	0	0.1821
6	22951427	20161431	19624688	23335493	88922	88922	0	0	0	2599	18382	25640	24619	25860	27244	30895	35832	37383	48391	55284	65247	91070	92411	106962	151548	232526	286698	308699	390628	476886	536126	614468	725874	717537	982381	1036790	1254813	1349868	1686715	1698572	3098317	9197835	54019969	6618970	0	0	0	0.2024
7	23490823	19658865	20159074	22668156	185043	185043	0	0	0	3402	20296	27109	25978	27031	28450	32714	37633	38983	51051	58055	67650	96328	95022	111876	157353	237967	293566	314026	400340	482154	543557	623782	732615	724776	989969	1045373	1261757	1363322	1721211	1742685	3179404	9318584	53651290	6471609	0	0	0	0.3177
8	22850708	20382859	19193122	23713158	22114	22114	0	0	0	1002	16897	24751	24711	26180	27549	32600	37394	38901	51316	58870	69336	98529	97627	114550	163238	245565	301857	322267	411470	492231	551484	635080	739152	734953	998128	1053723	1273040	1383101	1765609	1804797	3286154	9505694	53322537	6429554	0	0	0	0.1259
9	22666005	20025905	19507173	23686827	276051	276051	0	0	0	1249	17397	24643	24285	25980	27412	32427	37292	39285	52354	59658	70121	99810	98734	117363	165309	247872	306340	323868	417729	493686	555201	637714	736821	738700	999909	1058984	1280930	1403251	1804008	1868417	3388149	9634791	52703308	6392913	0	0	0	0.4212
10	23051636	19922688	19936447	23102144	149046	149046	0	0	0	2066	19793	26290	26287	27896	29253	34593	39732	41547	55418	63892	73269	106357	102391	122827	172628	256880	318044	332840	430108	503292	566216	652011	745813	748030	1012815	1071543	1291981	1417195	1835231	1905622	3450262	9737108	52527082	6266603	0	0	0	0.2788
11	23137480	19828357	19908915	23065084	222125	222125	0	0	0	3312	22855	29290	28421	30019	31319	36948	43110	44321	59034	67477	77086	112471	108274	129420	180022	265342	328480	339475	442800	511504	576277	661352	753907	755298	1022752	1082964	1303017	1432355	1876657	1958136	3542939	9863659	52040566	6178977	0	0	0	0.3697
12	23064104	20050167	19965991	22974925	106774	106774	0	0	0	2877	22170	29069	28332	30486	31819	38303	43941	45196	61373	70517	80201	117678	110797	134578	188813	274491	339033	348781	459209	522526	588557	677967	764900	766501	1036920	1093377	1314522	1443204	1904096	1984566	3592508	9953739	51926538	6027602	0	0	0	0.2372
13	23203374	19941805	20025319	22837381	154082	154082	0	0	0	6133	24685	32671	31962	34479	35946	43078	49753	50717	68351	77968	86723	128512	118074	147484	198423	285898	351507	358451	472585	530084	598459	687495	767989	775870	1042273	1103723	1327400	1467424	1946021	2045760	3696853	10089466	51294175	6031487	0	0	0	0.3016
14	23113927	19971818	20025211	22940147	110858	110858	0	0	0	4718	23385	30873	30779	33642	35743	42997	50332	51050	69925	79481	88498	131826	120064	150603	203197	289179	358234	362139	480574	533279	602323	692887	769332	782765	1048393	1112176	1331620	1482301	1976361	2093318	3774238	10214170	50994379	6006322	0	0	0	0.2502
15	22994944	20155210	20056172	22855653	99982	99982	0	0	0	5066	29606	37122	36604	39140	40761	48348	55954	55752	75817	86798	94160	140337	126086	159556	211966	300405	369346	371515	494359	542665	613704	706746	780307	792357	1060078	1122915	1347302	1498411	2006589	2130924	3830606	10288882	50662813	5898982	0	0	0	0.2486
16	23017397	20030824	20101220	22711251	301269	301269	0	0	0	6970	38385	50057	50232	53519	55890	65398	75616	74547	99141	112270	118512	177220	154315	199383	250818	298282	368944	369321	493695	537815	611573	703669	772069	786497	1055263	1121748	1341163	1496091	2021272	2152030	3878624	10336205	50114311	5819847	0	0	0	0.5095
17	22999759	20052327	20166447	22768397	175031	175031	0	0	0	10224	46672	58448	57158	60642	62521	72618	83269	81129	107655	122399	126514	189066	162113	212573	262046	308913	382503	378504	508330	547450	621900	714837	779329	798435	1064812	1133453	1359056	1522154	2061616	2212369	3969108	10463795	49634687	5810632	0	0	0	0.3787
18	22804999	20225859	20139979	22651041	340083	340083	0	0	0	12367	51740	64604	62451	66113	67168	78070	89118	85869	114495	129071	132224	199425	168286	221960	271712	320888	394915	388230	524102	556591	633001	727413	787208	806155	1077846	1141968	1362172	1519413	2074866	2219739	3983690	10488851	49337768	5662389	0	0	0	0.5815
19	22912854	20228872	20316711	22635462	68062	68062	0	0	0	11006	48410	63899	63105	68200	70904	82010	94755	91946	121099	137166	139557	210572	176967	234232	283428	329981	407413	397915	538242	565087	643990	741062	793522	825388	1093228	1164616	1392662	1562844	2138319	2316324	4136738	10676460	48754843	5718009	0	0	0	0.2690
20	22910845	20136696	20253140	22646237	215043	215043	0	0	0	13420	50414	64261	63433	69120	70934	82757	95779	92700	123528	141254	141608	216546	179471	241559	289753	340206	419888	404877	554121	573221	655811	754083	802571	829720	1103967	1172369	1394634	1561780	2150586	2329129	4161868	10713997	48496460	5591093	0	0	0	0.4433
21	22846910	20323615	20315669	22606567	69200	69200	0	0	0	13509	50520	65614	64716	70569	74062	85500	99649	95808	127772	145689	145197	223289	183649	247244	296108	345475	427756	411428	561997	578522	664008	760107	808948	840181	1114065	1185553	1413954	1585528	2185181	2375527	4232611	10820713	48233753	5558559	0	0	0	0.2780
22	22875731	20201120	20349036	22433823	302251	302251	0	0	0	17745	59787	74920	74038	80487	82493	95686	111571	105581	139554	158009	157011	238587	194954	264717	309446	359512	441883	422645	580206	590936	674818	779338	819417	859160	1134266	1207883	1438235	1622911	2240279	2441028	4330428	10895480	47352717	5503982	0	0	0	0.5684
23	22911355	20128828	20351277	22506346	264155	264155	0	0	0	19252	60864	75388	74698	81530	83727	98205	114074	107068	144345	163561	160045	248568	198769	274723	320026	369406	454523	431681	597037	598189	684460	791955	828109	865795	1145283	1218072	1446542	1627170	2262742	2465088	4365129	10962564	47145898	5413320	0	0	0	0.5285
24	22804252	20359072	20376567	22465195	156875	156875	0	0	0	29368	69394	82818	81131	89097	92009	106385	123872	116104	154370	175959	169869	262523	209215	288129	333248	382271	470535	444902	613385	611406	699811	808146	839012	888336	1163225	1243313	1476971	1667972	2314484	2536461	4464511	11064807	46504464	5427583	0	0	0	0.4240
25	22910012	20314654	20491834	22365205	80256	80256	0	0	0	24121	71614	87947	86970	95147	96534	112533	130670	122322	162452	184373	177462	275302	216020	301514	345590	393841	485844	453529	630691	621974	713226	822724	851346	897865	1180510	1259638	1489996	1682387	2340606	2565633	4511750	11125093	46198589	5365892	0	0	0	0.3426
26	22879266	20248858	20488845	22442838	102154	102154	0	0	0	26910	75964	92155	90925	100143	102797	118463	138071	128251	169919	193961	184712	286600	224682	314080	355636	405232	499417	463715	646808	632462	725513	837569	859770	915216	1197777	1278624	1515716	1713252	2384788	2625961	4598648	11204524	45604824	5346722	0	0	0	0.3794
27	22747809	20437203	20489307	22430364	57278	57278	0	0	0	31283	83849	99776	99010	108907	109838	127551	147663	136284	181400	205976	194261	302243	234709	330567	371123	420666	517856	476618	668723	647007	740659	857665	873300	931890	1217296	1297312	1534915	1736419	2418819	2669227	4663280	11268839	45081022	5318730	0	0	0	0.3452
28	22779227	20359756	20517577	22240228	265173	265173	0	0	0	34335	89299	105020	103976	114595	116795	134780	155739	144207	189977	215651	203160	314346	244836	344399	382906	430584	529086	488287	681429	655440	754860	870467	884545	950101	1233683	1316084	1555405	1761515	2454229	2725156	4737627	11326252	44323148	5324869	0	0	0	0.5996
29	22762397	20226710	20490630	22303114	379110	379110	0	0	0	36878	92740	110337	108075	120546	121433	139882	164167	149317	198691	225417	209341	327458	249142	356451	392691	441885	543774	496091	699477	663160	762490	882693	889551	952918	1244699	1331909	1563417	1765905	2471838	2736714	4752927	11320413	44022906	5237518	0	0	0	0.7428
30	22676802	20384431	20511318	22267509	321901	321901	0	0	0	47550	109978	126861	122793	133280	131971	152444	176287	158657	210976	236228	219383	342075	260330	371042	408088	453702	558555	507612	715125	678000	776534	900564	906598	972979	1266706	1352600	1592386	1800063	2515243	2790628	4815746	11378571	43464233	5186272	0	0	0	0.7066
31	22851302	20398801	20693051	22215596	3211	3211	0	0	0	45597	107393	124797	122805	135293	136044	156863	183018	164934	219908	247944	228507	357404	269089	387677	421504	468929	576208	520346	738344	689813	794515	920655	920146	990711	1287299	1372827	1610130	1823914	2553610	2831509	4879879	11454698	43248454	5167986	0	0	0	0.3403
32	22791751	20281731	20591900	22245598	250981	250981	0	0	0	52277	118397	134159	132333	145124	146223	167183	193878	175526	230783	260035	240383	371442	282746	403521	435689	481978	593872	534134	753561	703404	810680	937827	934477	1015420	1309593	1400497	1645238	1861958	2594902	2899228	4958877	11504798	42311743	5169094	0	0	0	0.6498
33	22677544	20463003	20624600	22190613	206201	206201	0	0	0	52607	117638	133922	132824	146595	146712	169704	197344	178330	235566	265531	244399	380010	287423	412050	443214	489655	603369	539978	767024	710463	817899	947421	941164	1023815	1321004	1410104	1655574	1870441	2612437	2922075	4998363	11531455	42082216	5167434	0	0	0	0.6007
34	22731033	20387985	20688864	22074909	279170	279170	0	0	0	57619	125573	142739	140881	154228	155803	178340	208138	187969	247040	278446	253840	396729	298059	428120	457457	503052	621176	552945	787450	721720	834958	964705	953816	1042139	1340098	1431366	1678496	1897220	2644779	2957239	5042126	11563099	41529289	5106137	0	0	0	0.7041
35	22720209	20388449	20679309	22192291	181703	181703	0	0	0	62617	135302	153342	150634	165277	165227	189092	219672	197499	259181	291090	265685	411084	308378	443376	471116	517234	635325	565331	803870	737300	849670	984779	967115	1057865	1359524	1452042	1701609	1928540	2683855	2999229	5085517	11595386	41077108	5090387	0	0	0	0.6123
36	22639704	20512554	20706583	22146119	157001	157001	0	0	0	69246	147280	165936	162283	177845	176938	200931	233109	210093	273581	307924	279048	430465	323198	466090	489430	533040	657549	583088	826535	754893	868091	1005691	990441	1081995	1387457	1477578	1731584	1959740	2724377	3047733	5145018	11611524	40441812	5063417	0	0	0	0.6097
37	22642571	20432628	20750233	21976309	360220	360220	0	0	0	73376	153977	171924	168287	183946	182810	208975	242011	216333	284399	318231	285964	445921	330845	477825	500500	545545	670314	589567	840820	758713	877055	1017388	996576	1088773	1396645	1489214	1738145	1966710	2731974	3061549	5158998	11597449	40002411	5028571	0	0	0	0.8600
38	22577079	20359583	20702497	22029138	493664	493664	0	0	0	80665	166851	183786	179771	196076	194604	222020	256223	229350	296625	333036	300684	461847	347466	496473	519386	559207	689431	606236	860229	781347	898720	1038801	1016813	1121335	1424707	1518488	1777058	2014706	2775195	3126914	5222591	11595422	39143131	5033103	0	0	0	1.0412
39	22546239	20498441	20724390	22043030	349861	349861	0	0	0	85771	174643	191434	186124	204712	203200	231025	265955	237261	309236	347000	310953	477729	354602	514404	533115	574206	703602	618640	881389	790091	909845	1054307	1027735	1129675	1441253	1533463	1788702	2019801	2796844	3147271	5251663	11628044	38883530	5004875	0	0	0	0.8922
40	22622753	20474128	20844267	21969666	251147	251147	0	0	0	89631	179602	195776	191552	209451	206946	236656	272252	242954	316018	354514	316770	491145	361912	526547	544978	584484	719264	627950	897327	803123	922241	1071691	1039625	1146490	1458973	1551424	1808351	2041480	2826436	3179047	5294193	11664838	38543198	4993975	0	0	0	0.7895
41	22604393	20411230	20805964	22031989	308385	308385	0	0	0	95402	190401	204937	200341	217972	216384	246881	284614	252410	328045	368353	327288	505964	372855	542420	557230	596815	734214	639098	915320	816338	935641	1086927	1057039	1161130	1477464	1569109	1829172	2063892	2848493	3207595	5320869	11648012	38072333	4962618	0	0	0	0.8768
42	22507796	20544745	20785835	21994899	328686	328686	0	0	0	103940	205625	219857	214413	233179	230023	261192	299706	265828	343366	383497	343532	523085	389871	559868	576939	612161	753628	656564	934826	834711	957187	1109707	1075915	1189431	1502679	1597168	1860281	2101372	2884303	3254541	5374612	11634624	37377168	4968476	0	0	0	0.9309
43	22584149	20541664	20892845	21930737	212566	212566	0	0	0	115034	224710	236989	228668	248982	242735	276281	316326	279989	361556	400119	360162	540586	407600	581286	596987	629851	776749	675320	957291	857621	978849	1133116	1095412	1217277	1531837	1624491	1896938	2142713	2920918	3297146	5410709	11636333	36808759	4940055	0	0	0	0.8308
44	22579477	20443614	20846243	22019802	272825	272825	0	0	0	117664	224256	240777	232060	252629	246000	280792	323116	282543	367417	408539	360232	554770	403925	593162	600244	634187	782912	674363	971774	854802	976682	1136481	1096251	1203395	1529115	1622361	1884010	2117795	2922162	3277262	5387370	11620062	36804774	4905252	0	0	0	0.9076
45	22378571	20501386	20747710	21855132	679162	679162	0	0	0	135156	249620	260386	247182	267034	256108	290695	333604	291427	378277	417172	369861	563835	415541	602945	610524	642162	792026	684166	978643	865496	986708	1148784	1106343	1222605	1544522	1633866	1900483	2137384	2929008	3302172	5392802	11566143	36084841	4875278	0	0	0	1.4153
46	22461818	20515925	20867597	21781356	535265	535265	0	0	0	139380	260567	270726	257332	279060	270525	305548	347844	307096	392656	437011	388095	583623	432603	625128	631506	659873	815518	702840	1000227	886129	1009756	1171570	1127561	1250289	1566102	1657937	1930319	2172062	2956941	3342139	5435432	11564432	35569410	4879459	0	0	0	1.2733
47	22526109	20514653	20924632	21934739	261828	261828	0	0	0	144010	269927	280494	269199	292223	282909	320635	365502	320320	411292	455101	403350	607101	447877	649585	652128	683478	840139	721084	1027541	908133	1032462	1197395	1147401	1272831	1595391	1685642	1956898	2201963	2992130	3380411	5485818	11573436	35157439	4868888	0	0	0	0.9812
48	22430643	20658164	20924500	21937798	210856	210856	0	0	0	149859	280739	292400	281117	302618	293155	331586	377863	331913	426172	470040	415058	625501	459871	668800	669549	696871	859423	735157	1048202	919999	1045003	1216070	1164451	1287259	1612444	1708742	1974137	2218932	3012801	3410109	5510484	11558969	34731210	4864601	0	0	0	0.9458
49	22507339	20594785	20948467	21809231	302139	302139	0	0	0	160657	299096	308030	295830	316765	306737	346092	393559	344950	440146	485440	429431	639942	475762	684051	683183	709528	874953	748789	1064285	937325	1064768	1232077	1178081	1307287	1632430	1723046	1996631	2241867	3029223	3427441	5516031	11519782	34222740	4823867	0	0	0	1.0841
50	22516907	20523012	21015847	21914649	191546	191546	0	0	0	182918	347468	365616	344438	369409	344752	393222	449314	375834	493861	541730	461352	707683	497206	750766	731031	748118	923039	781518	1126820	977075	1089165	1275162	1224405	1330773	1681731	1768090	2035411	2279803	3082294	3496049	5581075	11416890	32775269	5021128	0	0	0	1.0533
