#Name	E:\SaveData\2016-10-13_11_11_05_1001160120_R0057_A_CL100007973_BGI12297_WESPE_result\\CL100007973\L01\CL100007973_L01_24_1.fq
#PhredQual	33
#ReadNum	96632216
#row_readLen	50
#col	48
#BaseNum	4831610800
#N_Count	11986862	0.248092
#GC%	45.41
#Q10%	99.13
#Q20%	96.81
#Q30%	88.93
#EstErr%	0.519200
#Pos	A	C	G	T	N	0	1	2	3	4	5	6	7	8	9	10	11	12	13	14	15	16	17	18	19	20	21	22	23	24	25	26	27	28	29	30	31	32	33	34	35	36	37	38	39	40	41	Err%
1	31982308	22593100	22454054	19598585	4169	4169	0	0	0	1377	24060	42184	38415	38217	37159	39428	41798	41700	47712	53290	56225	75069	76794	89591	105434	178478	217588	240920	300357	398408	464809	550401	725210	727319	1061029	1123450	1391110	1355330	1401952	1119171	2090159	7804247	65709863	8959793	0	0	0	0.1035
2	27844723	18515848	23804525	26419172	47948	47948	0	0	0	1257	22268	34989	33656	34535	35170	38258	42222	43951	52750	60658	67161	91228	93697	109040	141013	222407	271190	297800	372284	474308	536806	619220	757076	749723	1032877	1092262	1332800	1413038	1666841	1552632	2856712	9438661	62394656	8601122	0	0	0	0.1496
3	26726670	22126369	20403957	27322060	53160	53160	0	0	0	2425	20121	29463	27959	28733	29643	32563	36459	38201	46537	53509	62106	83358	87907	100709	135859	218005	269217	296738	370197	475036	537171	619752	760407	752694	1037522	1093566	1334672	1415814	1679663	1567010	2875338	9501033	62398147	8561522	0	0	0	0.1477
4	27208104	21691287	20776903	26695380	260542	260542	0	0	0	1166	17170	25650	24820	25551	26534	30354	33731	36059	45488	52274	61519	84608	88783	100970	142495	226289	279516	308548	384986	489648	551935	635366	774594	761867	1053447	1110223	1353498	1436042	1731598	1619441	2972770	9755098	61949751	8179885	0	0	0	0.3583
5	27064649	21344975	21654824	26488169	79599	79599	0	0	0	5500	20124	27490	26588	27564	28924	32293	36587	38958	49419	57114	66948	93008	96028	109335	152889	239341	292917	322109	402249	505237	567422	654830	788630	780843	1070245	1135935	1383608	1491671	1833355	1754302	3202555	10148352	61033884	8076363	0	0	0	0.1779
6	26653111	21733392	21339128	26803821	102764	102764	0	0	0	2713	18722	26787	25860	26955	28187	32239	36395	38808	49941	57182	67490	94548	97192	111449	157368	244125	301178	326285	412963	508259	575905	662448	791569	787853	1078565	1144317	1393365	1502530	1876358	1807714	3296318	10344636	60672651	7930577	0	0	0	0.2003
7	27233550	21203861	21895768	26090094	208943	208943	0	0	0	3466	20667	28330	26965	28034	29317	33651	38367	40431	52111	60255	70328	98871	100387	116411	163554	249127	308388	331594	420755	516018	581874	672034	795910	789789	1084797	1150991	1399750	1517982	1916376	1852733	3381115	10486033	60268036	7788826	0	0	0	0.3134
8	26512102	21993493	20809770	27291036	25815	25815	0	0	0	796	17067	25138	25129	26410	27915	33137	37876	40419	52753	60516	71037	100432	101302	118127	168135	255918	315211	339195	431663	524101	590061	681097	802773	797992	1089261	1157060	1409381	1532722	1958009	1912329	3491053	10695328	59934601	7782457	0	0	0	0.1206
9	26340955	21582916	21131898	27270146	306301	306301	0	0	0	1025	17571	25019	24867	26284	28274	32858	37598	40591	53295	61413	71664	102997	102986	120527	170986	258284	318499	340410	434393	524569	591021	681501	796888	799409	1085983	1159498	1414562	1556751	2001268	1975112	3592738	10839203	59263784	7774087	0	0	0	0.4113
10	26730829	21489674	21552779	26694536	164398	164398	0	0	0	1854	19497	26804	26528	27895	29669	34593	39745	42211	55765	64230	75080	106855	106691	124629	177026	265334	328621	347889	446299	532645	601707	692801	805611	808400	1098028	1169568	1422977	1568110	2036531	2007041	3653550	10969592	59106572	7647470	0	0	0	0.2683
11	26792643	21433236	21534800	26623385	248152	248152	0	0	0	3330	22972	29381	28321	29780	31400	36677	42697	44267	59245	67419	78032	112501	110166	131247	183191	272322	338294	353897	457373	538184	607796	701760	808723	814558	1103889	1176888	1433321	1585050	2070781	2057902	3737422	11120869	58607632	7586777	0	0	0	0.3601
12	26724299	21664418	21574989	26552344	116166	116166	0	0	0	2711	21985	28488	28093	30137	31421	37449	43079	44860	60282	69173	80186	116589	112834	135542	190617	280680	345797	363869	473829	550444	621332	716214	819797	823376	1118990	1188470	1441875	1590582	2095447	2077992	3776242	11214718	58544959	7437991	0	0	0	0.2239
13	26841438	21563064	21621556	26434112	172046	172046	0	0	0	6042	24476	32309	31929	33783	35814	42359	48816	49920	67707	77323	87054	127574	119672	146051	199079	290268	358437	370214	484402	555363	628662	722801	821589	830242	1121852	1193976	1448890	1609826	2135468	2140461	3881268	11380617	57893792	7462134	0	0	0	0.2902
14	26766878	21594297	21624532	26523715	122794	122794	0	0	0	4363	22927	30638	30098	32736	35062	42199	48932	50613	68039	77880	87864	129992	121740	149567	203102	294763	362698	375232	489944	558674	630305	727819	822849	833790	1124900	1199139	1456205	1623245	2170497	2185794	3959886	11527715	57566287	7463928	0	0	0	0.2375
15	26662742	21739144	21690212	26429279	110839	110839	0	0	0	4857	29040	36706	35998	38489	40093	47358	54073	54520	74156	84231	93233	137580	127017	158033	211712	304035	375020	383208	504087	567546	642505	740421	829573	843287	1136139	1212286	1468807	1637348	2197729	2218008	4008437	11606137	57255229	7364479	0	0	0	0.2348
16	26646951	21640740	21700121	26310346	334058	334058	0	0	0	6463	37902	50001	49321	52546	55025	64411	73578	72920	96508	109897	117954	173568	155078	197541	250615	301273	373875	379783	504619	562021	638853	736006	820942	838855	1128275	1202636	1459010	1638618	2215991	2238987	4056275	11675143	56670464	7293204	0	0	0	0.4898
17	26653210	21653893	21804614	26323796	196703	196703	0	0	0	9698	45723	58171	56212	59500	61352	70281	81099	80095	104719	120078	125380	186332	163786	209503	261051	311473	385639	389852	514567	569219	646418	746412	827541	847756	1136353	1214516	1474417	1658585	2251839	2300850	4155270	11830391	56176771	7304664	0	0	0	0.3612
18	26443037	21824811	21773631	26214485	376252	376252	0	0	0	11747	50528	64038	61385	64322	66308	76345	86518	84293	110833	126209	130813	195589	168476	218912	270556	323162	398089	398504	530347	579708	658587	759807	834802	853291	1146225	1221767	1476752	1656855	2265659	2302462	4165585	11853083	55903668	7140739	0	0	0	0.5566
19	26562636	21810652	21946390	26237285	75253	75253	0	0	0	9897	47098	61983	61327	66342	69430	79781	91590	90035	117760	134648	138183	204670	176480	229983	280350	332042	409136	405694	543552	586096	667765	769670	839008	870452	1160144	1240296	1500132	1698788	2333479	2402873	4319741	12084730	55302744	7231064	0	0	0	0.2468
20	26562834	21726205	21899810	26200738	242629	242629	0	0	0	12480	49397	62975	61447	66639	69082	80178	92673	90418	119683	136561	139256	211834	178207	235256	286965	340248	419412	414118	558655	592812	677603	780893	846215	875003	1167527	1246862	1503629	1694477	2341943	2413520	4349857	12125459	55048385	7099918	0	0	0	0.4233
21	26503046	21906733	21955726	26187159	79552	79552	0	0	0	12520	48709	63159	62360	68520	70582	82688	96476	92696	122947	140740	143013	215700	182430	241970	291591	344775	426828	417512	567038	598335	681972	788211	851353	883572	1178736	1257598	1518473	1715728	2379824	2455777	4412466	12251593	54807032	7079740	0	0	0	0.2569
22	26492452	21821696	21993462	25984095	340511	340511	0	0	0	16495	57373	73216	71742	77713	79703	92163	106404	102414	134411	152548	153799	230383	193524	257465	306406	357985	440548	427969	581819	608765	694798	801783	859519	900893	1193559	1277348	1541732	1753047	2430190	2529721	4513633	12350457	53882778	7039402	0	0	0	0.5442
23	26564075	21760709	21993836	26022584	291012	291012	0	0	0	17486	58354	72323	71442	77946	80881	93617	108925	103059	137804	157458	156218	238693	195165	266174	315023	366987	452298	436556	597629	616988	705258	816011	867489	906195	1203387	1286950	1547402	1751914	2450284	2541000	4547476	12424168	53727572	6945072	0	0	0	0.4954
24	26483358	21953047	22039963	25981433	174415	174415	0	0	0	27909	66406	79721	77963	85246	87509	101503	118245	111323	147641	168393	165632	251776	205480	279489	328012	378551	467051	448718	611011	628266	718625	828301	879271	924571	1221608	1308158	1574087	1789756	2505263	2617808	4649718	12556224	53066933	6981633	0	0	0	0.3920
25	26596810	21917422	22128021	25898747	91216	91216	0	0	0	21970	67658	84574	82858	90287	92928	106914	124730	117107	155481	176285	171536	264293	213341	291634	338173	388977	480982	457250	630306	638578	729676	845524	888944	935060	1237106	1322698	1587543	1801374	2529983	2647072	4694787	12630915	52775287	6919169	0	0	0	0.3115
26	26561439	21864790	22131473	25958627	115887	115887	0	0	0	24592	72170	88133	87228	94657	97484	112356	130306	123028	162433	184038	179093	274506	221854	302938	348929	400204	493910	467103	643380	647975	743359	859211	896764	952874	1252051	1342982	1609182	1832033	2571149	2711926	4788781	12732776	52158062	6908862	0	0	0	0.3464
27	26431146	22032312	22150853	25954763	63142	63142	0	0	0	28948	79157	95715	94395	102311	104637	121307	140166	130364	172463	195869	187394	290366	231204	318970	362573	413201	511582	480122	665879	660717	757448	875728	910574	967735	1268381	1360411	1625476	1851661	2608292	2758739	4857687	12814536	51634199	6890867	0	0	0	0.3068
28	26435837	21974429	22171676	25758613	291661	291661	0	0	0	31652	84185	100444	99498	108577	110918	127287	147902	137606	180905	205505	196575	301031	239430	331785	373569	424962	522740	489608	677923	669881	767914	888500	918414	983216	1285066	1375665	1646085	1878289	2640827	2814787	4943046	12902532	50822981	6911250	0	0	0	0.5543
29	26412795	21850165	22139005	25806739	423512	423512	0	0	0	33752	87619	104803	102854	113001	114682	132663	153851	141782	187498	213528	201780	313462	244769	342699	383184	435721	535360	497046	693264	676918	776938	900539	925168	986523	1296208	1385465	1650127	1877026	2653567	2822947	4954630	12898194	50554926	6816210	0	0	0	0.6991
30	26381386	21975513	22145786	25772303	357228	357228	0	0	0	45304	105747	121228	116778	126645	125930	144422	165702	151644	200606	226107	211798	326742	255254	357364	396109	446698	550902	509512	709730	689477	790843	914336	941008	1005414	1312994	1411630	1678937	1917603	2700074	2882044	5025456	12986004	49968039	6756907	0	0	0	0.6580
31	26513938	22007315	22355508	25752191	3264	3264	0	0	0	41854	100908	119407	116440	126883	128242	147916	171440	157162	207242	234964	220285	341036	262599	371109	409651	461875	567433	522433	731312	701310	806191	933030	952229	1022273	1335279	1430242	1700832	1933431	2738770	2920720	5084659	13074606	49799085	6756104	0	0	0	0.2925
32	26454796	21907012	22246427	25741964	282017	282017	0	0	0	47876	111197	127622	125179	135990	136904	158191	181204	167001	217740	246418	231547	353905	275522	386675	423783	472899	584151	534748	746275	715521	822345	949180	964753	1047200	1354205	1449137	1729639	1979581	2780417	2995070	5189803	13151604	48777646	6779271	0	0	0	0.5989
33	26362807	22064812	22264519	25706603	233475	233475	0	0	0	47918	109592	126604	124680	137155	138453	159555	184861	170237	222269	251171	234774	361591	278931	394220	431182	480457	592389	540585	758972	720186	827497	963642	969993	1053357	1363893	1462958	1738991	1982567	2801966	3023310	5225632	13199276	48544110	6775767	0	0	0	0.5502
34	26392306	22003175	22319086	25611024	306625	306625	0	0	0	53182	117783	134158	132189	144663	146202	167350	195324	177587	232863	263031	245836	378079	288479	411028	444594	494163	609274	551073	776986	731873	843137	979698	985898	1067425	1384578	1482548	1759041	2006035	2833929	3057376	5271079	13242025	47996535	6720570	0	0	0	0.6418
35	26346860	22034370	22327052	25719215	204719	204719	0	0	0	57109	126262	143206	140535	153918	154616	177762	204993	186644	243083	275045	254854	390180	299145	425738	457839	505603	622945	563289	791490	744556	855568	991885	997825	1087595	1403835	1503211	1784401	2037745	2868818	3101214	5323276	13299604	47542774	6710934	0	0	0	0.5528
36	26333880	22121657	22329566	25669835	177278	177278	0	0	0	62893	138240	156234	151700	165980	165616	190126	218648	198150	258314	290322	267763	408838	314356	444256	475366	521624	643377	580940	814807	764581	877807	1017074	1015668	1111002	1430589	1529475	1813733	2073071	2911026	3159638	5395054	13341859	46860384	6686427	0	0	0	0.5470
37	26294324	22055411	22365048	25510279	407154	407154	0	0	0	67152	143234	161040	156501	172091	171301	195172	226465	204703	267454	300350	274424	422317	319722	457728	485979	532226	656278	588142	830065	769925	885123	1026450	1022652	1116429	1436145	1538604	1818717	2074963	2925024	3168800	5411285	13335777	46410346	6652478	0	0	0	0.7962
38	26221143	21980827	22320937	25561505	547804	547804	0	0	0	73546	155852	172772	167293	183109	182429	207465	239102	216635	279637	314339	288881	437407	337229	475754	502805	546991	675955	605390	847086	788412	905289	1050895	1043376	1148281	1465605	1568809	1857512	2124308	2966337	3245835	5494223	13366494	45480880	6668479	0	0	0	0.9639
39	26210711	22100526	22350100	25581110	389769	389769	0	0	0	78921	162684	179647	175146	191174	189086	216001	248698	223761	290305	327483	297409	454577	344772	490939	516742	559399	691398	614241	868471	800033	918259	1066078	1055119	1157168	1480567	1581433	1869718	2130764	2990859	3267798	5525091	13409957	45233970	6634779	0	0	0	0.8156
40	26286142	22101387	22454707	25508068	281912	281912	0	0	0	81697	166572	183208	179281	194955	193807	221137	255183	229863	297882	334689	304450	465666	350223	501534	527914	571369	703823	625092	883098	810796	930448	1081155	1067683	1172959	1496942	1601604	1888764	2152071	3017583	3303094	5576665	13454180	44894159	6630758	0	0	0	0.7131
41	26255756	22031787	22441843	25559592	343238	343238	0	0	0	86998	175858	191903	186566	204049	201216	229189	265389	237581	309366	345775	312409	478996	360476	517701	541453	581678	718577	635898	900623	823007	943220	1096325	1079935	1186673	1517235	1618329	1907461	2170880	3043679	3331389	5608762	13467615	44412957	6599810	0	0	0	0.7931
42	26169550	22153390	22393656	25545407	370213	370213	0	0	0	94992	189904	205904	199251	216535	214355	244976	281017	250904	323877	361781	328009	495521	378158	535757	558348	597979	738909	654240	918666	841105	963117	1119523	1100931	1216384	1543109	1647792	1941796	2215411	3081660	3390850	5670046	13481676	43649773	6609747	0	0	0	0.8468
43	26238321	22141655	22492578	25521808	237854	237854	0	0	0	105639	208008	220751	212679	231013	228223	257592	295295	264450	339150	377827	344356	514483	394409	555861	578204	614364	760926	672871	941379	862437	985065	1143662	1123612	1246621	1572649	1677559	1978632	2255480	3127563	3442627	5723555	13507122	43037615	6592683	0	0	0	0.7387
44	26197332	22102138	22438109	25587342	307295	307295	0	0	0	107085	206532	224175	215673	233829	228983	261263	300266	265172	344400	383767	343263	525146	390329	564751	581916	618760	764692	669838	951255	859907	984253	1143183	1119363	1229982	1568006	1671859	1964142	2232326	3115262	3416342	5698110	13493901	43090776	6556414	0	0	0	0.8145
45	26006047	22131732	22332544	25414159	747734	747734	0	0	0	125261	234263	244479	230747	248602	239699	271608	310249	274445	354725	393697	352662	532092	401777	574257	591618	628711	776033	679514	961161	871011	993455	1154483	1129895	1248081	1581305	1683363	1979726	2252799	3128281	3441118	5718667	13442645	42311358	6522695	0	0	0	1.3038
46	26085562	22136134	22469667	25346700	594153	594153	0	0	0	127854	241953	253216	240108	258781	252751	284774	325879	288877	367985	409983	371254	552545	418899	594107	612264	646615	796374	698936	982920	891322	1015128	1177670	1149662	1276018	1609944	1713424	2014279	2291167	3163808	3493339	5769960	13469185	41737545	6539537	0	0	0	1.1641
47	26170561	22147234	22518668	25499229	296524	296524	0	0	0	130706	247537	262057	250465	269867	263829	298617	340540	302229	387515	429264	385366	576979	433409	619127	632972	666041	820436	718273	1009798	911710	1036668	1205220	1171035	1299201	1635205	1740651	2043090	2323662	3201376	3538820	5829294	13503287	41321124	6530322	0	0	0	0.8752
48	26071490	22293917	22536909	25496534	233366	233366	0	0	0	136600	259504	272212	261150	280107	273500	309384	353767	312578	400002	444132	396865	593178	446192	638496	648398	680325	840775	731097	1031288	925834	1051348	1221335	1185984	1315080	1655908	1760212	2063055	2336908	3220867	3574573	5876401	13504634	40876843	6520318	0	0	0	0.8304
49	26182899	22205082	22567156	25343481	333598	333598	0	0	0	146968	276650	286244	273495	294488	286316	323022	368014	324682	413978	457363	410692	608644	460428	653936	663267	694513	854335	745927	1048389	941818	1070872	1242300	1204814	1338056	1676223	1776763	2082506	2364350	3246215	3598473	5886286	13486766	40316491	6475334	0	0	0	0.9612
50	26203846	22162809	22614159	25439199	212203	212203	0	0	0	165045	323119	342922	322352	344485	326872	369454	422428	357363	468610	513634	446558	674833	487189	720315	712308	737898	907656	782737	1111740	987825	1101493	1290998	1257148	1368669	1731858	1831687	2132647	2420115	3305112	3701004	6004150	13377842	38612884	6759063	0	0	0	0.9203
