#Name	E:\SaveData\2016-10-13_11_11_05_1001160120_R0057_A_CL100007973_BGI12297_WESPE_result\\CL100007973\L01\CL100007973_L01_22_1.fq
#PhredQual	33
#ReadNum	70325320
#row_readLen	50
#col	48
#BaseNum	3516266000
#N_Count	8609468	0.244847
#GC%	47.22
#Q10%	99.07
#Q20%	96.53
#Q30%	88.21
#EstErr%	0.540572
#Pos	A	C	G	T	N	0	1	2	3	4	5	6	7	8	9	10	11	12	13	14	15	16	17	18	19	20	21	22	23	24	25	26	27	28	29	30	31	32	33	34	35	36	37	38	39	40	41	Err%
1	22582768	17008355	16906338	13824919	2940	2940	0	0	0	1129	17866	30947	28543	28100	27153	28895	30816	30251	34713	39013	41237	53960	55574	64791	77145	130068	157573	175036	218242	288079	336866	397610	526663	526132	769714	816228	1015318	991110	1016013	815289	1530209	5688165	47901051	6432881	0	0	0	0.1039
2	19682414	13827203	17985888	18795120	34695	34695	0	0	0	1113	16629	26524	24906	25758	26359	29108	31664	32534	39242	45173	50137	68417	69442	80868	105600	164633	201205	219337	274310	347690	393642	451977	551490	545689	752635	797000	976512	1040361	1232535	1150648	2114013	6962062	45237693	6203719	0	0	0	0.1513
3	18879469	16653861	15405497	19348711	37782	37782	0	0	0	1905	15119	22019	21278	21529	22058	24612	27481	28589	35112	40118	46414	62795	65657	75220	102036	162789	199389	220476	274439	349706	394355	454402	555231	547255	756687	801088	976807	1039187	1238084	1163149	2135059	7003913	45279052	6124528	0	0	0	0.1484
4	19259655	16345915	15678653	18852901	188196	188196	0	0	0	1007	13387	19718	19092	19693	20254	22872	25863	27395	34510	39822	46461	64261	66397	76787	108006	169450	208885	227849	287217	361669	408145	467829	567549	557178	770959	815424	991403	1058475	1280118	1208412	2219013	7178943	44931617	5821464	0	0	0	0.3591
5	19080102	16085446	16353651	18749807	56314	56314	0	0	0	4123	15379	21049	20248	20880	22000	25187	28209	29780	37822	43950	50840	70394	72057	83623	116767	180116	221497	240026	301840	375124	418959	483612	578979	572701	786345	834742	1017526	1098306	1352449	1311074	2391249	7463293	44252672	5726188	0	0	0	0.1787
6	18741724	16428485	16105620	18977348	72143	72143	0	0	0	2075	14568	20278	19760	20610	21467	25064	28217	29480	38232	43394	51418	72297	72969	85104	119972	182841	225454	243819	308517	378679	425799	490597	582009	577092	791991	839307	1023593	1106466	1385626	1348051	2459904	7596113	44007914	5614500	0	0	0	0.1996
7	19173314	16003071	16536491	18463446	148998	148998	0	0	0	2619	15874	21185	20493	21163	22231	25458	29537	30388	40243	45685	52887	75849	75019	88391	124156	187895	231260	247546	316173	382984	431562	495466	586441	581106	797801	844786	1029178	1118567	1413328	1380915	2516975	7699574	43728154	5495433	0	0	0	0.3119
8	18654606	16605631	15727857	19319323	17903	17903	0	0	0	693	13619	19612	19345	20496	21524	25718	28918	30365	40182	46210	54022	77339	75789	89631	128251	192907	238271	252606	325093	390964	439429	504837	590882	587868	803733	852939	1036774	1131404	1448627	1430462	2605200	7850714	43465866	5467127	0	0	0	0.1230
9	18508367	16344286	15966932	19284395	221340	221340	0	0	0	945	13693	19356	19023	20446	21575	25253	29040	31102	40967	47224	55015	78321	77599	91699	130032	194102	241499	256022	328556	392575	439854	508144	589387	589757	804438	855278	1040343	1147534	1478689	1476876	2685417	7951993	42978044	5444182	0	0	0	0.4127
10	18823376	16237085	16319615	18826775	118469	118469	0	0	0	1556	15535	20732	20596	21868	23006	27411	31532	32540	43709	49135	57189	83261	80335	96316	135908	200659	249631	261683	338368	397402	448293	518456	596333	596319	814198	865336	1051253	1157393	1507927	1504997	2732709	8044535	42838545	5342185	0	0	0	0.2712
11	18863498	16177091	16302308	18804545	177878	177878	0	0	0	2659	17817	22737	22199	23317	24225	28930	33160	34396	46146	52719	60489	87603	84341	101522	142103	208215	257226	267948	348126	404115	456153	524754	602086	603284	819978	872475	1060902	1173199	1535812	1548526	2801315	8150071	42454429	5274465	0	0	0	0.3611
12	18810390	16365646	16340428	18724132	84724	84724	0	0	0	2306	17076	22214	22302	23520	24776	29831	34180	35175	48070	54680	62903	92104	86608	105999	147608	216163	266129	275083	360570	415217	465213	537715	611763	611884	831039	882986	1067165	1178605	1556883	1565163	2841093	8226379	42369188	5153006	0	0	0	0.2298
13	18920672	16290130	16399203	18591243	124072	124072	0	0	0	4975	19393	25638	25204	26851	28269	33606	38845	38884	53330	60735	67764	100386	91833	115232	155737	223665	276036	282085	372233	420089	474995	546108	613416	617780	838215	889438	1075820	1193548	1590836	1617907	2923612	8338114	41861189	5159480	0	0	0	0.2954
14	18863572	16304985	16379503	18687775	89485	89485	0	0	0	3740	18331	24109	23790	26065	27451	33476	38759	39595	54245	61947	68922	103265	94126	116931	158512	227049	279771	284435	377107	421354	477095	548659	612932	623043	840272	894395	1080827	1205945	1613068	1650299	2985727	8437539	41648674	5134380	0	0	0	0.2445
15	18752224	16462940	16419416	18611963	78777	78777	0	0	0	4086	22696	28714	27933	30214	31978	37458	43475	43024	58991	66700	73260	109649	98488	124462	166277	234574	289983	291958	388359	428039	486421	560321	622080	631023	849735	904265	1091553	1214815	1637676	1679016	3028040	8498996	41391134	5051150	0	0	0	0.2394
16	18764352	16366368	16459614	18495180	239806	239806	0	0	0	5553	29904	38977	38750	41414	43425	50226	57691	57397	77001	87185	92284	137438	118929	156402	195820	234455	289279	289812	388349	426341	482599	558637	615623	625631	845908	900388	1086482	1217014	1649310	1698321	3065937	8545501	40948905	4988626	0	0	0	0.4944
17	18753720	16357433	16516819	18555918	141430	141430	0	0	0	7891	35556	44689	43529	46584	48107	55518	64272	62420	83289	94555	97528	146678	126231	165753	203847	241874	300043	296285	399676	431911	490342	565521	619372	635363	852171	908207	1098896	1232431	1680365	1742803	3138671	8653450	40588634	4981428	0	0	0	0.3683
18	18592235	16503591	16492124	18465940	271430	271430	0	0	0	9767	39847	49378	47613	50753	52002	60096	68800	65449	88019	100023	102346	154176	129874	172837	211756	249909	309126	304639	412295	439895	498678	576224	626594	638702	859383	913480	1100400	1231832	1688819	1744109	3146521	8669312	40379655	4861581	0	0	0	0.5641
19	18705093	16476050	16647962	18441536	54679	54679	0	0	0	8387	37062	48818	47902	51915	54336	62819	73226	70122	93001	106090	108085	162426	137455	181067	219423	257622	318687	312461	422510	445862	508984	584439	631436	654571	872922	930260	1121810	1266608	1738050	1823560	3269828	8822983	39904373	4921541	0	0	0	0.2582
20	18687397	16413768	16594190	18456007	173958	173958	0	0	0	10378	39063	48809	48503	52694	54067	63576	74249	71257	95780	108583	109687	167985	138763	187483	226267	265868	327284	317925	434615	452349	517248	595980	638663	657838	880226	937154	1125862	1260629	1750430	1831086	3286737	8855113	39713159	4806052	0	0	0	0.4318
21	18646498	16567708	16643254	18411057	56803	56803	0	0	0	10300	38411	49298	49441	54140	56285	65831	76741	73635	98628	112248	113127	173455	142063	192886	228907	268938	333251	320631	441426	456881	520638	599764	641099	665471	888000	946962	1136507	1281860	1778472	1866829	3341162	8940275	39515956	4788999	0	0	0	0.2682
22	18678110	16474314	16685645	18244356	242895	242895	0	0	0	13641	45800	57164	56630	61447	63359	73573	85494	81112	108482	122634	120753	184819	150852	204226	241687	280403	345160	330817	454039	465529	532307	615839	650434	681107	903627	963760	1157280	1308355	1817489	1922155	3419359	9005261	38809806	4748025	0	0	0	0.5521
23	18701457	16422270	16672617	18319636	209340	209340	0	0	0	14744	46644	56842	57110	62699	63754	74544	88047	82039	111828	127473	123549	192978	153228	212693	248374	287760	355812	337612	466574	472027	541347	624735	657992	684197	913042	973528	1162478	1311570	1837385	1938336	3442762	9063327	38661566	4667384	0	0	0	0.5081
24	18616906	16604794	16695144	18284543	123933	123933	0	0	0	22843	52808	63059	62545	67937	69561	80971	94913	88319	119668	135426	131208	202913	161665	223973	258927	297165	368191	346983	481147	481151	552060	638231	665600	702723	928607	991075	1183582	1343068	1873851	1994501	3528859	9144867	38154637	4688353	0	0	0	0.4054
25	18693823	16584565	16796337	18185621	64974	64974	0	0	0	18726	54148	66476	66049	72813	73761	85832	100106	93380	125178	142373	136218	213680	166942	234342	268420	306202	378598	354579	494875	489529	560590	650671	674356	709608	939625	1002622	1195377	1352164	1896379	2017451	3565150	9196531	37916113	4641482	0	0	0	0.3282
26	18684429	16519411	16780613	18258956	81911	81911	0	0	0	21030	57080	69813	69377	76153	77966	91108	105796	98397	131078	149039	142700	222466	173786	243935	276973	316580	389947	362652	505953	496079	571500	660670	683593	722799	954498	1018823	1214257	1375762	1929815	2068211	3633779	9261255	37446168	4624371	0	0	0	0.3630
27	18581060	16681509	16781163	18235362	46226	46226	0	0	0	24172	63253	75780	75887	82445	83437	97365	113885	105161	139965	158707	149601	234860	181357	257486	288810	327058	403359	371733	522800	507179	583436	675196	693020	735564	967896	1034676	1230661	1394077	1957390	2104226	3682306	9313585	37036469	4606292	0	0	0	0.3291
28	18599389	16592314	16822963	18099063	211591	211591	0	0	0	26262	66837	79272	78844	87183	88209	102122	119677	110141	146365	165365	156472	243105	188510	265494	296154	334441	413612	380780	533096	516111	593926	686396	700400	748794	977591	1046634	1245681	1409526	1984044	2147001	3746231	9367760	36450893	4610800	0	0	0	0.5753
29	18584742	16493703	16780089	18163155	303631	303631	0	0	0	28123	70218	82645	82496	91445	92446	107011	125101	114228	153279	172893	161723	254052	192078	275991	305351	343911	423954	387000	546663	522567	600077	695286	706653	751893	989855	1055568	1248865	1416347	1994868	2151867	3753462	9363933	36221067	4538773	0	0	0	0.7169
30	18537540	16620612	16796408	18113108	257652	257652	0	0	0	36399	84404	95437	93226	101501	99887	116377	135251	121125	161257	182368	168554	264328	200978	286130	315666	352701	434770	395440	559607	532185	610712	706992	716322	767971	1003901	1073913	1271065	1441937	2029381	2195922	3808718	9415818	35788635	4498790	0	0	0	0.6801
31	18662702	16633330	16954712	18071492	3084	3084	0	0	0	34627	81310	94896	93292	102718	103067	119385	140246	126049	169374	190957	175725	277260	207550	300328	326366	366464	449171	405488	578205	541260	622697	722533	728970	782071	1020813	1089565	1287697	1458315	2061473	2226640	3855787	9476528	35624624	4480785	0	0	0	0.3212
32	18616064	16534608	16884717	18088415	201516	201516	0	0	0	39617	89282	102036	99893	110335	110163	127219	147905	133768	177292	200609	184467	286685	216993	311442	338045	375012	462373	415970	590488	551887	635704	736981	739471	799074	1038764	1108575	1311294	1488651	2094595	2283359	3926931	9517464	34877963	4493497	0	0	0	0.6232
33	18535524	16687765	16896043	18039749	166239	166239	0	0	0	40166	88563	100464	100139	110612	111874	128777	150799	136242	180644	204599	188092	294933	220255	319187	344227	380985	469084	422251	600058	555961	642941	745757	745024	807079	1046722	1118774	1318923	1497667	2105273	2302168	3954305	9541502	34690181	4494853	0	0	0	0.5754
34	18555793	16636688	16979787	17933705	219347	219347	0	0	0	43924	93793	106587	106111	116664	117547	135112	158066	143282	190145	213601	195283	306058	228599	331511	355037	391878	483412	430229	614699	567977	654572	761266	754378	818587	1062597	1133263	1334195	1514347	2133828	2332190	3989046	9572089	34268976	4447124	0	0	0	0.6673
35	18553320	16616232	16954918	18054174	146676	146676	0	0	0	47918	101578	115547	113428	125352	124936	143816	167696	149974	198261	223584	203482	317435	237619	343867	365794	401098	494342	441438	627496	578308	664689	772140	767326	834630	1077349	1152332	1355428	1537927	2159073	2366548	4033011	9598390	33906433	4430399	0	0	0	0.5846
36	18490926	16722534	16956997	18025688	129175	129175	0	0	0	51795	110860	124038	122169	134542	133766	153617	177942	159663	210688	236376	214977	332487	249350	358781	379651	414367	511497	453269	644499	590637	679672	788820	781611	852385	1098197	1169239	1378934	1563956	2192199	2403157	4078355	9624413	33408062	4412174	0	0	0	0.5832
37	18501222	16663811	17007488	17861266	291533	291533	0	0	0	55548	114940	128067	126216	139643	138877	159149	184565	164897	217338	244054	219362	342552	252824	370962	389385	423084	521481	459036	658479	597816	686204	798744	784969	857632	1104676	1179071	1383665	1566733	2200977	2415777	4091108	9609417	33061957	4384582	0	0	0	0.8271
38	18458949	16585326	16957204	17929342	394499	394499	0	0	0	61176	125432	137614	135694	149083	148126	168830	195524	174939	227476	255865	231453	356281	267752	384402	402286	434823	536670	474184	672421	612939	703235	816296	801984	880497	1129191	1203661	1414255	1603403	2233652	2469695	4148684	9619546	32360508	4393244	0	0	0	0.9992
39	18420503	16715699	16981255	17928132	279731	279731	0	0	0	64737	130190	143913	140521	154203	152771	174681	202758	180422	237241	264846	238355	368623	272611	395444	411681	445483	549495	481171	687299	620351	712957	828012	811833	889169	1135918	1213642	1423959	1610775	2250006	2484193	4167690	9652722	32178668	4369249	0	0	0	0.8511
40	18497900	16699584	17063700	17861450	202686	202686	0	0	0	67203	133902	146838	143554	158621	155990	179537	208237	184806	243091	271957	242714	377981	277892	406770	421286	452607	560067	487091	700449	629771	721484	840095	822135	901174	1153693	1229049	1436877	1626246	2273562	2513621	4205750	9671298	31912062	4365224	0	0	0	0.7523
41	18486417	16643641	17044008	17904684	246570	246570	0	0	0	71472	141893	152898	150515	164306	163006	187253	215938	191634	251198	280823	251223	389088	284970	419055	431115	464250	571620	499182	714728	641060	731934	853547	831117	912273	1167301	1243677	1450749	1644858	2291672	2530636	4227477	9663992	31549902	4342388	0	0	0	0.8332
42	18397191	16749633	17034340	17879790	264366	264366	0	0	0	78026	152936	164691	160605	175585	173341	197793	227855	202897	262442	293950	263674	402611	299478	433226	446947	473997	586534	509692	728498	652115	749844	870406	847395	935461	1187804	1264180	1478707	1671959	2319878	2574377	4267676	9668574	30991931	4345869	0	0	0	0.8869
43	18471813	16731386	17125427	17826264	170430	170430	0	0	0	86845	167741	178405	173203	187401	184032	209611	241028	213702	276637	307790	275537	417508	314865	449251	462412	488441	604698	526524	746863	670937	764888	890713	864655	957118	1210161	1287053	1505251	1705247	2347585	2612267	4307371	9668566	30523164	4327420	0	0	0	0.7872
44	18456377	16664455	17076322	17909232	218934	218934	0	0	0	87788	167252	180180	174182	190551	186065	213506	245447	213832	281638	313730	275957	428224	309979	456663	465435	493082	609169	524980	756595	669821	764811	891497	862589	948519	1210425	1284153	1496292	1689203	2346308	2596738	4289257	9655648	30525784	4301086	0	0	0	0.8608
45	18296555	16710814	17002571	17773678	541702	541702	0	0	0	102135	187488	195283	186970	200443	194716	220725	253378	222130	288450	320559	284175	433084	320524	464331	473438	499586	616217	531652	764450	676536	773021	901120	870524	960014	1220458	1297483	1508055	1702748	2355669	2615613	4298367	9609900	29959013	4275363	0	0	0	1.3548
46	18352208	16721499	17108838	17716202	426573	426573	0	0	0	105257	194105	203214	194203	210158	204116	231664	264954	232581	301091	334173	298193	449138	332856	481259	489201	513428	634526	547934	779812	692567	790537	918776	888238	981447	1239849	1316315	1535342	1730057	2381932	2648363	4334316	9618147	29538797	4282201	0	0	0	1.2134
47	18414905	16727698	17134450	17836844	211423	211423	0	0	0	108369	201044	210304	202870	220716	213484	243641	278427	243651	315819	349609	308612	468724	345236	501629	506165	529226	653202	563251	803306	709749	807692	937857	903198	1001142	1263181	1336878	1553549	1751769	2405626	2680796	4370472	9636299	29213275	4275129	0	0	0	0.9309
48	18346603	16842509	17139432	17829213	167563	167563	0	0	0	112897	208731	218545	209915	227266	221145	251974	287189	251726	324695	359521	317597	483561	354089	515818	517742	541349	667304	572442	818689	719735	820626	952808	916426	1012211	1275454	1352162	1570398	1768398	2423894	2706711	4399192	9621098	28885268	4271181	0	0	0	0.8890
49	18427705	16775444	17175468	17706902	239801	239801	0	0	0	121173	222954	230638	221430	238831	231606	262402	299472	261402	335315	372120	329438	493546	366108	527828	527549	551680	681288	583885	830154	732457	833224	967743	931043	1029469	1290811	1365569	1588971	1788262	2437330	2722237	4404463	9594786	28472269	4238066	0	0	0	1.0224
50	18407292	16728341	17219117	17816925	153645	153645	0	0	0	137030	260075	274713	259972	278623	261601	298558	343051	286164	378975	416683	355419	547181	384299	579810	567548	583349	719607	608855	882404	766516	853077	1003198	966874	1049147	1330285	1400957	1620832	1820652	2479506	2785960	4470349	9508742	27249924	4441739	0	0	0	0.9920
