#Name	E:\SaveData\2016-10-13_11_11_05_1001160120_R0057_A_CL100007973_BGI12297_WESPE_result\\CL100007973\L01\CL100007973_L01_17_1.fq
#PhredQual	33
#ReadNum	84308418
#row_readLen	50
#col	48
#BaseNum	4215420900
#N_Count	10678687	0.253324
#GC%	44.48
#Q10%	99.22
#Q20%	97.20
#Q30%	89.81
#EstErr%	0.488711
#Pos	A	C	G	T	N	0	1	2	3	4	5	6	7	8	9	10	11	12	13	14	15	16	17	18	19	20	21	22	23	24	25	26	27	28	29	30	31	32	33	34	35	36	37	38	39	40	41	Err%
1	28845875	18817474	19112973	17528461	3635	3635	0	0	0	1303	22092	38738	35250	35312	33944	36644	38337	37954	43910	49770	51779	68517	70915	82247	98106	163802	198629	220371	274028	362823	422675	497454	655099	650377	937109	983477	1193828	1157879	1206188	1016143	1901945	6759133	57574506	7384499	0	0	0	0.1074
2	24825696	15502725	20420967	23515387	43643	43643	0	0	0	1140	19830	31863	29977	30564	31323	34423	37712	39706	46806	54498	60683	81891	83806	97155	125400	198277	241072	264408	329161	420098	475022	545546	666291	662641	907214	956730	1160810	1231228	1451085	1374154	2524485	8192570	54444868	7412338	0	0	0	0.1536
3	23789468	18847319	17607702	24015429	48500	48500	0	0	0	2216	17998	26218	24795	25434	26142	28994	31980	33702	40581	47287	54244	72997	76775	88448	118373	189538	234519	258644	321159	415471	467721	540054	663853	656334	901817	954993	1162802	1231990	1454469	1365641	2502489	8244659	54467480	7510101	0	0	0	0.1509
4	24194967	18403680	18024779	23450828	234164	234164	0	0	0	1040	15025	22646	21654	22262	23254	26409	29842	31662	39379	45591	53637	73061	76970	87562	122987	194339	240853	266790	330911	424779	478976	551058	672040	664648	911768	965981	1176011	1251533	1498123	1405957	2573687	8448060	54108265	7217494	0	0	0	0.3663
5	24020197	18109156	18915338	23191224	72503	72503	0	0	0	4984	17546	23872	23128	23828	24841	28030	31560	33976	42320	49324	57965	78850	82440	94860	130346	204610	251011	276553	345178	436049	490525	564468	680989	675990	928742	987803	1203553	1295018	1582675	1514536	2755262	8777415	53345534	7172134	0	0	0	0.1809
6	23780857	18417548	18501343	23516738	91932	91932	0	0	0	2404	16304	23175	22361	23177	24391	27574	31506	33946	42521	49462	57748	80281	82503	95153	134313	207643	256029	278796	350784	438047	492601	570625	685339	679984	932824	993212	1208154	1306244	1617699	1551123	2827423	8946041	53055790	7071309	0	0	0	0.2020
7	24239835	17960304	18987740	22932042	188497	188497	0	0	0	3108	17959	24657	23148	23905	25033	29016	32670	34540	43855	51005	59406	83512	84447	98286	137693	211062	259841	282385	355694	442230	497309	575672	686312	683466	937724	994423	1215402	1317062	1646951	1580544	2882591	9063980	52750712	6964321	0	0	0	0.3193
8	23644060	18615110	18001828	24024010	23410	23410	0	0	0	573	14588	21793	21363	22235	24124	27628	31934	34081	43962	51044	59780	84138	85232	99104	139611	213921	264504	286663	362411	447505	501990	579697	689816	686765	938553	997293	1220299	1326815	1677380	1622152	2958526	9237336	52523514	6988678	0	0	0	0.1195
9	23449573	18329880	18175289	24083123	270553	270553	0	0	0	781	15202	21124	21098	21970	23751	27719	31722	34132	43981	50493	59717	84355	85877	99831	140937	214272	266069	286443	363430	444660	500751	579794	683636	686051	934816	997379	1222280	1345068	1714352	1665307	3028528	9348020	51991227	7003092	0	0	0	0.4126
10	23861999	18231633	18525012	23542399	147375	147375	0	0	0	1545	16721	22608	22044	23307	25008	29059	33112	35108	46084	52781	61597	88253	88144	103655	146062	219809	271621	291698	372472	450357	506805	585721	689059	691712	941750	1005818	1229261	1356004	1737080	1686632	3070574	9453356	51893485	6912741	0	0	0	0.2699
11	23908657	18179934	18521258	23476642	221927	221927	0	0	0	2659	19328	24650	23911	25101	26208	30660	35080	36660	48272	55310	64413	92237	90827	107452	150350	224284	277844	296109	378441	454190	513380	590611	692072	694087	944945	1006559	1231950	1362326	1761847	1722848	3132796	9567368	51522517	6879199	0	0	0	0.3628
12	23853134	18399751	18559216	23392075	104242	104242	0	0	0	2192	18388	24026	23855	24618	26297	31095	35428	37191	49677	56856	65569	94331	93200	110667	155607	230414	285135	302049	388945	461604	522283	602730	698580	701516	953157	1015472	1236134	1364847	1778265	1732948	3157363	9642340	51527816	6753581	0	0	0	0.2234
13	23942625	18304130	18591822	23315341	154500	154500	0	0	0	4848	20255	27158	26333	27672	29260	34649	39852	40587	54304	61833	71174	102740	97858	118653	162239	236515	293436	306659	397295	465168	525909	606806	698178	703756	955474	1017444	1241847	1380447	1809644	1782966	3240522	9772369	51010826	6789242	0	0	0	0.2902
14	23877371	18351046	18609551	23360893	109557	109557	0	0	0	3368	18588	25172	24593	26201	28235	33671	38769	40698	53474	62331	70625	102773	98435	119669	163691	238717	294726	308106	399013	465390	527631	609014	696465	704931	952049	1018187	1242070	1385423	1828788	1813052	3294245	9888430	50820446	6801885	0	0	0	0.2340
15	23797464	18486589	18638692	23285800	99873	99873	0	0	0	3564	23450	29088	28921	30557	32341	37142	42944	44010	58142	66068	74243	109783	102248	124821	169619	244398	302805	312990	409071	472793	534256	616630	703783	711983	960528	1025185	1248681	1393742	1851294	1831557	3329853	9948858	50613719	6719478	0	0	0	0.2306
16	23758214	18374864	18663655	23210408	301277	301277	0	0	0	4811	30029	39988	39282	41567	43450	50419	57646	57936	75256	86421	93705	136394	123826	156504	198422	243169	301091	310918	406949	466825	530673	611653	692520	705753	953488	1014960	1240745	1390006	1858774	1848637	3363515	10012657	50151493	6667659	0	0	0	0.4907
17	23752344	18415515	18762715	23203025	174819	174819	0	0	0	7197	36226	46340	44513	46690	48101	55254	62436	63006	81264	92799	99197	144738	130825	164057	206545	248780	308547	318129	415250	472322	535176	617887	695318	710392	953736	1021652	1248555	1407272	1888103	1894637	3439066	10156624	49784036	6688929	0	0	0	0.3523
18	23583345	18554872	18719214	23113746	337241	337241	0	0	0	8804	40784	50791	48814	50186	51646	59132	66302	66055	85574	97453	102624	150633	133875	169640	213295	256956	317263	322296	425956	478730	542695	626721	701768	714655	962723	1024680	1247904	1400681	1896300	1886657	3442361	10166638	49614086	6546499	0	0	0	0.5534
19	23689788	18537258	18877192	23137202	66978	66978	0	0	0	6572	36166	48459	47923	51181	53155	61338	70718	69856	90185	102726	108103	157500	139489	177837	220726	262553	326504	328703	434489	483324	549467	634518	704754	724850	969203	1038770	1266101	1434475	1948964	1976045	3568400	10382211	49120044	6646131	0	0	0	0.2324
20	23680301	18480588	18844552	23088128	214849	214849	0	0	0	8546	37645	48921	47705	50981	52655	61227	70376	69209	90826	104189	108405	161548	141038	182201	225341	268945	332948	334988	444783	489742	557190	643422	709427	728328	974451	1041696	1265681	1425003	1951226	1975546	3580996	10405778	48972292	6530314	0	0	0	0.4099
21	23660587	18628115	18899215	23051321	69180	69180	0	0	0	8207	36848	48141	47832	52150	53529	62686	72141	70824	93424	107237	109513	164373	143105	185193	227993	270765	336465	337061	449430	489752	559217	645798	711863	732523	981872	1048046	1275579	1442884	1979939	2008850	3633791	10515630	48816363	6520214	0	0	0	0.2380
22	23651718	18534690	18922604	22895639	303767	303767	0	0	0	11267	43492	55303	54976	58387	60419	69757	80696	77663	101865	115373	118530	175135	151199	197347	239139	282343	348159	346588	461539	500067	568498	656404	718905	745271	992745	1063696	1294260	1468410	2021507	2065681	3719401	10610693	48044937	6484999	0	0	0	0.5310
23	23714497	18495864	18919302	22914684	264071	264071	0	0	0	11648	43525	54835	54548	58076	60184	70233	81175	77883	103692	117217	119438	180646	151732	202012	244041	287528	356175	351466	473002	504271	576014	666081	722894	748408	997473	1067588	1294012	1469529	2034809	2074325	3742218	10677374	47970515	6399780	0	0	0	0.4849
24	23628922	18669491	18955902	22897004	157099	157099	0	0	0	20253	49127	59470	58342	63311	65382	75488	87008	83832	109954	125055	126812	189980	159770	211984	253081	296504	366980	358943	483228	512935	584842	677853	728521	762854	1012059	1083257	1314660	1497077	2075243	2140369	3839527	10804670	47433590	6439358	0	0	0	0.3722
25	23724483	18636908	19032260	22832623	82144	82144	0	0	0	14738	50340	63519	62403	67222	69198	79864	92412	88099	115392	131334	131817	197874	164787	220723	261345	305037	376340	367262	497463	521326	593670	687098	737056	770791	1022818	1093457	1321232	1504684	2099248	2162843	3872226	10857947	47235614	6389095	0	0	0	0.2879
26	23716091	18580165	19044915	22861741	105506	105506	0	0	0	16274	52572	65340	64408	69983	71864	82829	96390	91533	120074	136558	136900	204560	169383	228394	269249	311025	386237	373367	507855	526339	602617	696265	744616	782667	1032709	1104031	1338794	1527561	2132318	2213244	3946536	10957899	46751438	6391083	0	0	0	0.3218
27	23597706	18733845	19048110	22872571	56186	56186	0	0	0	19355	57976	71262	69675	75772	76753	88830	102789	97153	128151	145889	142965	216612	177774	239838	279605	322455	398432	382122	521515	536491	614512	709982	752032	792625	1045358	1122999	1353387	1542898	2159385	2256282	4009334	11045554	46318619	6377851	0	0	0	0.2761
28	23606190	18645254	19073392	22722064	261518	261518	0	0	0	20829	60646	74804	73519	79160	81493	93550	107881	102723	133624	151549	148683	223624	184619	247313	289038	330067	408342	390770	530161	542560	621918	717040	757065	803837	1054756	1131209	1364035	1564209	2187726	2307570	4087068	11132429	45637969	6405114	0	0	0	0.5279
29	23594711	18536975	19048805	22751868	376059	376059	0	0	0	22524	63930	77701	76482	82981	84271	97239	113075	105532	139631	156993	153121	232323	187488	257540	295782	338927	418714	396822	544119	549121	629442	728355	762901	807626	1061989	1138194	1368484	1563455	2198909	2312025	4092955	11131956	45431476	6310276	0	0	0	0.6715
30	23551238	18654192	19060122	22723931	318935	318935	0	0	0	31690	78711	91157	86943	93422	92684	106742	121695	112473	147053	166053	160035	242750	195054	266937	304032	346344	427485	404587	555490	558770	638350	738452	774062	820273	1076552	1153542	1389043	1589642	2236467	2356113	4155716	11219031	44987417	6264716	0	0	0	0.6282
31	23686865	18667019	19235273	22716372	2889	2889	0	0	0	27889	73289	87843	85293	92931	94623	108094	125433	116277	152939	173301	166085	253026	201170	278243	315077	357514	440900	414365	571243	569147	652217	752779	782548	834423	1093097	1172420	1405387	1608679	2267971	2390014	4211868	11316956	44855340	6257148	0	0	0	0.2516
32	23617867	18583488	19159269	22697158	250636	250636	0	0	0	32390	80912	93898	91780	99379	100561	114612	132342	123624	160492	182025	174253	263523	211196	288663	326340	368075	451993	424996	582285	578266	661276	765070	793022	850602	1108120	1186575	1426751	1637048	2303343	2457653	4303021	11395870	44003516	6284310	0	0	0	0.5605
33	23562367	18730266	19155482	22656532	203771	203771	0	0	0	32171	78621	92824	91331	99681	100866	115779	134146	124690	163690	185237	176753	268627	214624	294934	330858	371932	457941	428734	592001	581024	666987	773180	796552	856130	1114108	1195586	1434384	1644723	2315455	2477060	4330735	11437645	43832190	6293448	0	0	0	0.5051
34	23570073	18655774	19213869	22589910	278792	278792	0	0	0	35146	83933	97662	95871	104646	105329	122212	140925	129909	170822	192549	183645	278756	221822	306567	342091	382337	470847	437666	606156	592381	676750	785521	807048	868739	1128494	1209412	1451273	1665355	2345714	2510478	4378897	11479891	43382895	6237887	0	0	0	0.6059
35	23546790	18689992	19210731	22680085	180820	180820	0	0	0	37766	90503	105386	102647	111469	112936	129031	148426	136940	178583	201758	190903	289786	228960	316975	350945	390819	483648	446296	617519	600756	687682	797330	818750	882484	1143488	1227384	1474202	1685647	2376679	2548181	4428795	11545340	43004958	6234626	0	0	0	0.5043
36	23521039	18779844	19214732	22639913	152890	152890	0	0	0	41488	98310	113239	110408	118958	120045	137357	158183	145493	188665	212102	201125	302538	239596	331622	366123	404277	498337	457816	634526	616894	702912	816190	831709	903724	1166326	1247404	1496893	1719775	2414239	2598016	4489226	11600216	42458629	6213167	0	0	0	0.4885
37	23508188	18711943	19232164	22498110	358013	358013	0	0	0	44723	102302	116665	113456	124240	123990	141877	164012	150002	195979	218127	206507	311428	243952	340886	372373	411167	507295	464403	647073	619908	709710	823168	836454	906181	1172178	1254544	1497887	1720446	2421603	2608160	4507297	11613433	42073510	6185469	0	0	0	0.7414
38	23443636	18642353	19200829	22531508	490092	490092	0	0	0	48763	111332	125133	121997	132239	131632	150662	173279	158870	205798	231362	217677	324373	257230	355222	385371	422293	522936	479068	660016	635909	725736	839645	850164	929845	1193657	1280813	1529995	1761168	2463410	2679896	4589869	11660872	41251876	6210218	0	0	0	0.9167
39	23418282	18756352	19240423	22546100	347261	347261	0	0	0	51546	115490	130357	126689	136860	137143	156163	179569	164366	213236	239427	223408	335552	262910	367176	397491	433136	534118	485665	676274	644335	734667	852586	860168	940187	1205328	1292000	1539462	1767971	2481974	2694291	4621853	11709256	41071752	6178751	0	0	0	0.7587
40	23482701	18737136	19338647	22502398	247536	247536	0	0	0	54032	117843	132314	129339	139840	140003	160470	185146	168488	218797	244127	228026	343244	268140	374973	404704	443500	546263	493101	687287	653418	744638	864816	868453	949155	1217319	1307607	1556847	1780061	2505685	2732645	4668709	11759185	40796827	6175880	0	0	0	0.6479
41	23468505	18698588	19311556	22527118	302651	302651	0	0	0	57484	124370	138193	134421	145845	145850	166438	191931	174384	225857	252808	235445	353566	275021	387298	414689	449680	556088	502602	699495	661471	754463	877298	878855	960524	1232030	1318876	1573102	1801086	2532839	2757193	4698386	11782309	40395337	6150533	0	0	0	0.7265
42	23387448	18797344	19285835	22512330	325461	325461	0	0	0	62814	134919	148759	144795	156527	155954	176673	202727	185020	237188	265276	247662	367251	289404	401508	429155	463257	572002	517075	716270	676451	771144	893313	896767	986207	1254065	1343480	1605370	1839487	2565965	2811341	4764701	11810787	39725762	6163881	0	0	0	0.7760
43	23442576	18793610	19361932	22500170	210130	210130	0	0	0	69816	146763	159371	154471	166116	164487	188018	214924	195170	249311	277792	259929	380509	301427	417152	443075	476125	588836	530894	733535	694583	789846	915141	916504	1010205	1281735	1370090	1634346	1874713	2602827	2861598	4821713	11853453	39203054	6150759	0	0	0	0.6626
44	23414205	18742412	19331657	22545615	274529	274529	0	0	0	70846	146772	162867	156459	169089	166384	190043	217981	194986	253153	282339	258859	388989	299438	422885	446853	480494	594189	530980	741124	692546	787853	915881	910464	999910	1277332	1364014	1618935	1853701	2595606	2834417	4790866	11836567	39272243	6108824	0	0	0	0.7431
45	23254106	18759362	19245122	22381511	668317	668317	0	0	0	87170	168692	178898	167870	179226	175230	198667	225971	202226	260590	289888	266507	396323	308751	430705	454303	485674	601510	536955	748078	698135	795571	923799	919824	1012038	1287399	1375106	1633868	1873373	2609534	2862895	4813781	11803129	38589302	6079113	0	0	0	1.2412
46	23331428	18764710	19329561	22354455	528264	528264	0	0	0	87145	172653	184226	175127	187220	182932	207718	237197	212085	271970	302266	280203	411184	321082	446759	470588	500692	617663	554911	767598	716283	814303	943948	937941	1035619	1307545	1398271	1663821	1907528	2643515	2912067	4873490	11843347	38093436	6097821	0	0	0	1.0894
47	23399637	18791570	19385884	22470615	260712	260712	0	0	0	87199	177374	189655	181584	196007	192094	217256	247503	222913	285346	316061	291564	428750	334134	467194	487901	516200	635826	569237	791655	734547	831121	965015	955682	1056443	1334831	1423285	1688187	1932325	2678712	2955935	4936606	11886603	37738208	6094753	0	0	0	0.7873
48	23309990	18916508	19387938	22487263	206719	206719	0	0	0	90939	182929	195999	188496	203625	199578	226162	258358	230251	294541	326163	300519	442597	343694	480819	498521	527742	652014	580908	807674	744725	845898	983264	968470	1070065	1351510	1440547	1703922	1950352	2697242	2989494	4973231	11906076	37354618	6090756	0	0	0	0.7389
49	23397670	18846285	19419754	22347224	297485	297485	0	0	0	97916	196227	207765	197974	213391	209104	235033	268414	239914	305133	337878	310753	454046	354957	491415	510975	539747	666603	591695	819713	757524	858868	995336	982016	1088823	1366875	1457554	1725533	1977188	2721251	3014243	4993993	11905999	36867700	6049377	0	0	0	0.8698
50	23392285	18810070	19482835	22435449	187779	187779	0	0	0	110501	234397	253679	238489	254312	242394	274183	312693	270193	349229	383642	342966	508451	381128	546744	553209	577405	711742	628520	872265	800590	891673	1042139	1026236	1123138	1420422	1506909	1776116	2030960	2774780	3113096	5113121	11824706	35325362	6305249	0	0	0	0.8189
