#Name	E:\SaveData\2016-10-13_11_11_05_1001160120_R0057_A_CL100007973_BGI12297_WESPE_result\\CL100007973\L01\CL100007973_L01_19_1.fq
#PhredQual	33
#ReadNum	82503794
#row_readLen	50
#col	48
#BaseNum	4125189700
#N_Count	10062792	0.243935
#GC%	43.46
#Q10%	99.18
#Q20%	96.98
#Q30%	89.26
#EstErr%	0.498869
#Pos	A	C	G	T	N	0	1	2	3	4	5	6	7	8	9	10	11	12	13	14	15	16	17	18	19	20	21	22	23	24	25	26	27	28	29	30	31	32	33	34	35	36	37	38	39	40	41	Err%
1	28824930	18190725	18150822	17333816	3501	3501	0	0	0	1168	21191	37090	33713	33359	32555	35048	36900	35885	41711	46564	48897	65179	66853	77571	93274	156585	190993	210887	263232	350646	408443	482663	635551	632129	910562	950628	1159322	1122010	1169012	971199	1824999	6612037	56532808	7209629	0	0	0	0.1054
2	24846356	14917108	19384892	23315948	39490	39490	0	0	0	1100	18894	30164	28668	29419	30020	33177	36038	37657	45294	52235	58570	78936	81438	94083	122244	193440	236159	258968	322038	412327	467222	536887	654805	644824	883540	926978	1125405	1186288	1407228	1341800	2477058	8019044	53564398	7027958	0	0	0	0.1484
3	23779913	18019787	16780580	23879319	44195	44195	0	0	0	2012	17189	24932	23734	24266	24754	27687	30916	32274	39504	46119	53036	71395	75120	86283	117395	187727	230351	257424	318405	410051	464511	534120	654285	642917	885195	930894	1128935	1192896	1416519	1348323	2480424	8087151	53529896	7062959	0	0	0	0.1461
4	24201440	17606496	17199781	23274746	221331	221331	0	0	0	993	14584	21351	20383	21179	22314	25469	28539	30853	38279	44758	51792	72149	75507	86083	122521	193216	239943	263949	330658	422132	475348	546069	664823	653480	897245	943062	1141696	1208748	1464558	1393039	2565901	8300152	53144755	6756935	0	0	0	0.3563
5	24060562	17317021	18062710	22996354	67147	67147	0	0	0	4851	16658	22845	22163	22755	24102	27270	30573	32536	41423	47986	56696	78958	81299	93325	131726	205962	252272	276793	347263	433565	487888	561936	677530	668755	914704	967195	1169558	1257572	1550198	1508732	2758456	8634688	52342938	6685476	0	0	0	0.1761
6	23840821	17596912	17688564	23291932	85565	85565	0	0	0	2262	15622	22107	21455	22187	23593	27252	30435	32645	42101	48397	57494	80180	82447	94807	135031	209180	257866	281495	354111	439444	494234	567920	679010	671582	919449	971058	1176323	1270043	1587483	1551266	2840230	8807734	52024858	6576928	0	0	0	0.1967
7	24281724	17180391	18131278	22734428	175973	175973	0	0	0	2881	17090	23400	22245	22816	24007	27987	31797	33812	43588	50073	59420	83876	84516	97991	139887	213331	263021	284514	360261	442888	499648	574441	680904	672724	920780	974077	1183743	1281803	1618864	1585878	2903664	8926416	51706508	6468970	0	0	0	0.3090
8	23679620	17824299	17166118	23812192	21565	21565	0	0	0	591	13949	20926	20710	21836	23337	27452	31470	33428	44034	50151	59620	85052	85751	99148	142740	216712	268784	290253	368409	447810	504376	581507	684209	680277	926219	980635	1190032	1296134	1655741	1637236	2993434	9106359	51420920	6472987	0	0	0	0.1186
9	23494655	17513889	17360308	23878443	256499	256499	0	0	0	817	14132	20493	20330	21368	22890	27366	30890	33273	43812	50833	60603	85327	85768	100978	143642	218173	270206	289912	370678	447026	503886	582289	680435	679946	925144	982988	1194792	1315790	1691237	1685556	3073925	9231343	50851365	6490082	0	0	0	0.4032
10	23882455	17424747	17687335	23369368	139889	139889	0	0	0	1520	15683	21743	21407	22759	24006	28158	32816	34629	45693	53254	62329	89781	89413	104330	149944	223719	278598	294171	379705	453533	512007	589774	685123	686362	933103	991693	1203934	1325033	1719705	1709533	3118620	9342479	50714409	6404939	0	0	0	0.2653
11	23928695	17393202	17699192	23273172	209533	209533	0	0	0	2635	18482	24167	23004	24093	25556	30160	34653	36309	48751	55521	64977	93886	90932	109412	153791	229465	284915	299503	387944	457728	516298	595659	688489	690360	936090	996110	1209279	1336144	1750077	1748701	3180492	9464726	50320233	6365719	0	0	0	0.3546
12	23887304	17583657	17727200	23207675	97958	97958	0	0	0	2285	17760	22977	22824	24346	25824	30658	35283	37159	50296	57720	66588	97411	93987	112802	159426	236711	292312	305682	399163	467678	527087	607262	697998	699004	949193	1004804	1218294	1340700	1769153	1761489	3211011	9550105	50265033	6245811	0	0	0	0.2198
13	23959783	17501571	17755939	23140405	146096	146096	0	0	0	4926	19855	26562	25866	27173	29215	34771	39902	40950	55431	63428	71938	105689	99889	121237	167513	244681	301465	314116	408962	470411	530357	613476	696283	702913	950394	1010907	1225970	1359996	1807141	1815315	3300445	9680337	49692507	6297677	0	0	0	0.2862
14	23892589	17542651	17774531	23189483	104540	104540	0	0	0	3669	18186	24720	24304	26249	28442	34187	40067	41025	55733	63886	72029	107115	100808	123217	170527	246241	304787	314762	412686	472260	533435	615456	697664	705173	952007	1013610	1229684	1373238	1833539	1850504	3363964	9804168	49436227	6305685	0	0	0	0.2337
15	23819632	17666693	17817386	23106339	93744	93744	0	0	0	3993	23527	29153	28944	30736	32120	37758	43833	44773	60063	68643	77023	113783	104095	130576	176835	253573	313678	321052	424670	478630	542616	625315	702389	712937	961671	1021766	1239265	1381096	1859433	1873276	3402644	9873228	49185592	6231364	0	0	0	0.2295
16	23777484	17590977	17826108	23030287	278938	278938	0	0	0	5302	30315	39643	39532	42403	43731	51604	59706	59070	78973	89860	96101	142767	129086	162847	207676	251018	312128	318490	422597	473395	537915	621863	697030	706780	952525	1016539	1235414	1381835	1871038	1890156	3438207	9939022	48698732	6181556	0	0	0	0.4764
17	23781695	17601153	17926412	23026904	167630	167630	0	0	0	7905	36629	45817	44565	47010	49660	56943	65135	65015	85136	97091	102822	151827	135128	172048	216131	259414	321567	324664	431936	478343	543822	628415	698234	716637	959959	1023948	1239103	1399446	1902686	1942098	3512827	10078077	48287303	6208823	0	0	0	0.3539
18	23605880	17759291	17888423	22933746	316454	316454	0	0	0	9536	41117	51583	49568	51706	53294	61488	70039	67911	90170	102377	106819	160725	138739	180272	223480	268158	330536	332827	443535	487575	554085	636744	704566	719010	965279	1029307	1243844	1395604	1914801	1939952	3521310	10098010	48059745	6083628	0	0	0	0.5442
19	23690816	17752359	18022927	22973570	64122	64122	0	0	0	7735	36594	49147	48749	52920	54988	64249	73579	72140	95345	108816	111897	167550	145276	189735	231947	275873	340451	338406	453149	491280	559635	645817	707705	731034	976780	1044203	1267953	1433214	1969730	2026365	3652002	10300474	47539211	6175723	0	0	0	0.2383
20	23701274	17685234	18004386	22908120	204780	204780	0	0	0	9779	38843	49568	49066	53103	54648	64212	74712	72495	96406	110610	113424	172457	146361	193420	236892	281997	348809	345309	466101	498064	568146	655930	713638	734595	985087	1049213	1267129	1425827	1976968	2027764	3666786	10331566	47340712	6079377	0	0	0	0.4119
21	23664147	17813927	18058801	22900930	65989	65989	0	0	0	9503	37842	49413	49437	54217	56855	66457	76939	74232	99360	113316	116094	176998	150667	198375	241357	285818	353943	347279	470601	501010	572770	660686	715023	741200	989166	1060013	1278602	1443976	2009154	2062616	3724474	10439673	47143958	6066781	0	0	0	0.2455
22	23658629	17733879	18076466	22749745	285075	285075	0	0	0	12985	45087	57412	56551	61851	63461	73800	85674	82369	109370	123604	125325	188033	158010	210731	252240	295602	365179	356487	482483	508308	581443	673726	722429	755329	1003421	1074959	1299101	1474872	2053882	2123418	3806565	10536087	46350603	6048322	0	0	0	0.5274
23	23723390	17697585	18088656	22750031	244132	244132	0	0	0	13236	45382	56942	56675	61884	63893	75055	87293	83124	111589	126799	126536	195278	159710	216311	259859	303529	374568	362622	494894	515380	588235	681837	730462	758232	1011621	1081002	1302852	1475107	2065882	2133775	3827422	10598794	46240786	5973096	0	0	0	0.4795
24	23655436	17836520	18135919	22729317	146602	146602	0	0	0	22401	52241	62102	61814	67437	69706	80954	93200	90018	119181	135799	133934	205339	169142	228122	269303	311611	385097	371694	508476	522508	599442	693364	736568	774480	1024617	1096580	1324012	1507242	2112737	2196947	3920098	10713635	45683758	6013633	0	0	0	0.3776
25	23745732	17813280	18202086	22666360	76336	76336	0	0	0	17079	52475	66093	65162	71963	73500	85583	99856	93706	125171	142270	140428	216174	174591	237445	278582	322341	397575	379464	522677	531983	608658	705411	745514	783552	1038134	1107740	1335964	1515717	2134989	2221018	3956510	10773806	45433399	5972928	0	0	0	0.2973
26	23735525	17757890	18219230	22694185	96964	96964	0	0	0	18995	56156	69359	68056	75198	77154	90375	104184	98483	130635	148491	145548	222812	180852	247264	286595	330518	407371	387501	532618	538714	618781	715380	751316	797008	1049013	1125449	1352619	1542001	2169464	2271073	4026668	10867714	44929541	5973924	0	0	0	0.3308
27	23630036	17893634	18225071	22701790	53263	53263	0	0	0	22475	61362	74860	73929	81302	82731	96671	112098	104628	138886	158059	153506	235743	187572	260574	297178	341178	421471	396390	548295	549253	629553	730122	760684	808510	1066487	1140317	1370507	1559674	2199142	2311924	4087931	10943161	44474256	5970102	0	0	0	0.2916
28	23631909	17844083	18217662	22564667	245473	245473	0	0	0	24542	65512	78607	78174	85184	86956	100688	117469	110198	145732	165616	159688	244594	196100	269596	307285	350095	432079	406876	560629	556089	639306	739377	768572	822466	1073048	1153794	1383393	1581046	2224881	2362759	4160066	11020743	43786032	6001129	0	0	0	0.5344
29	23601559	17740002	18213810	22594597	353826	353826	0	0	0	26160	68104	82447	81222	89394	90711	105427	123478	113821	150988	171608	163600	253868	198600	279730	313600	358210	441287	411118	571631	562509	646922	748884	775014	823935	1083680	1161035	1388318	1580540	2238784	2365453	4166210	11022301	43576184	5915195	0	0	0	0.6740
30	23567284	17850608	18236514	22549700	299688	299688	0	0	0	35521	83085	95917	92101	100010	99465	114961	133321	121633	160822	181180	171419	264545	206782	290029	326146	367207	452977	419591	584789	573015	656288	762040	786234	840282	1099188	1180385	1409319	1610771	2280412	2411985	4221760	11100371	43089275	5881280	0	0	0	0.6343
31	23694677	17864706	18390297	22551871	2243	2243	0	0	0	32541	78806	92452	91524	101171	101155	117974	136741	125888	167771	189072	176532	277162	213186	303354	336028	378041	466665	430857	604289	583555	670862	777337	796223	850980	1116038	1195402	1427176	1624618	2309487	2443474	4275364	11178971	42945207	5885648	0	0	0	0.2738
32	23635456	17797711	18319309	22515966	235352	235352	0	0	0	36999	86098	100011	98178	107161	108445	125056	144602	132875	174912	198535	186811	286984	224558	314736	347168	388413	478381	441197	615786	591857	681459	792065	805772	870304	1134180	1214899	1449824	1658159	2345919	2508441	4362491	11253388	42083382	5919396	0	0	0	0.5724
33	23592305	17912667	18319827	22485088	193907	193907	0	0	0	36741	85169	99590	98369	107991	109358	126603	146864	135583	178736	202084	189880	293411	227023	321112	352597	395641	487235	444770	626149	596184	688814	800775	810544	876833	1141201	1223164	1459078	1667230	2360444	2528120	4391750	11289293	41881532	5930019	0	0	0	0.5239
34	23586613	17859586	18367570	22433396	256629	256629	0	0	0	40699	91034	104543	103699	114115	115041	133691	155743	141952	187079	211688	196892	306409	234361	333611	364493	405906	500633	453942	640214	607198	699149	813334	821296	889041	1155085	1239700	1473686	1683667	2390826	2557468	4426415	11340602	41440812	5873141	0	0	0	0.6140
35	23555948	17900833	18369384	22506978	170651	170651	0	0	0	43964	97972	111967	110471	121489	122383	140889	163296	148822	196424	221267	205385	315788	242605	344407	374112	415390	511708	464371	650985	616727	709673	824815	832158	904877	1169615	1255323	1494430	1708097	2419756	2593716	4470661	11389978	41063005	5876617	0	0	0	0.5253
36	23573406	17946301	18360081	22473367	150639	150639	0	0	0	48531	106177	121569	119258	130601	131534	151214	174010	158625	207536	233287	216717	331601	255393	360815	388904	428281	528510	478486	672222	631967	727392	843565	847425	925699	1192174	1277162	1522012	1737389	2451267	2640051	4528273	11424497	40497223	5863788	0	0	0	0.5215
37	23533582	17889568	18398206	22341344	341094	341094	0	0	0	52065	110888	125871	123705	135046	135437	155812	181086	163137	214148	240689	221460	342818	258882	371207	397165	436902	537946	483419	683201	636466	732585	851300	852256	928460	1198786	1284181	1521494	1738834	2461706	2650086	4548958	11431772	40118316	5836616	0	0	0	0.7633
38	23441207	17861926	18366997	22373735	459929	459929	0	0	0	56931	120600	133878	131330	143459	143368	164426	190559	173146	225243	251803	232565	352802	272901	386592	412086	447288	552911	498138	696940	652158	747174	871044	868581	953828	1222501	1310414	1557671	1779154	2499987	2710051	4617373	11467677	39330752	5868534	0	0	0	0.9269
39	23447591	17945844	18381159	22400391	328809	328809	0	0	0	61066	126227	139991	137025	150405	150050	171416	198525	178520	233929	261785	238952	368142	278426	399417	421486	458768	567839	506634	713509	660999	758354	883833	875935	960213	1234162	1324486	1566834	1786786	2517275	2729390	4642809	11507978	39121585	5842234	0	0	0	0.7826
40	23512678	17918493	18474607	22362376	235640	235640	0	0	0	62828	129297	143027	139425	152736	152855	176140	202981	182750	238888	267818	245124	376381	284762	408148	429960	468313	578270	512937	728293	670224	769698	895879	888054	971526	1249725	1336857	1580847	1804594	2542928	2766640	4685836	11553123	38829032	5842258	0	0	0	0.6775
41	23499125	17883256	18477953	22356870	286590	286590	0	0	0	67280	136389	149472	146785	159473	159769	182389	211112	189314	247130	277078	252307	387781	292163	419745	440463	477159	588403	522372	739946	678975	779547	908099	898005	986002	1263842	1349724	1597584	1818617	2564796	2787669	4711427	11561565	38443302	5821520	0	0	0	0.7549
42	23429112	17966673	18436647	22362766	308596	308596	0	0	0	73325	147342	161421	156465	171207	169647	193738	223166	200281	259633	290320	264719	400829	305873	434386	455943	488894	605602	536634	756004	695903	796470	923499	913933	1008939	1286384	1374833	1624015	1857392	2596525	2838995	4767882	11584124	37794276	5836599	0	0	0	0.8058
43	23458450	17973310	18526946	22345578	199510	199510	0	0	0	81098	161092	173285	167759	182084	179909	204538	236024	211668	272585	304086	277410	414692	319561	452023	472709	503487	622003	552224	773875	711607	812622	946652	932494	1034057	1307642	1399222	1653561	1893079	2630248	2882143	4813918	11612839	37283989	5828099	0	0	0	0.7002
44	23448435	17945292	18485341	22367542	257184	257184	0	0	0	82362	160598	174210	169061	184066	181287	208450	238430	211871	276078	309394	276802	425586	316304	458869	474566	507463	627033	550424	782194	709389	811041	947152	929378	1020324	1303105	1392569	1643835	1869758	2625618	2857165	4781206	11601503	37341570	5797949	0	0	0	0.7733
45	23275203	17959748	18400510	22238650	629683	629683	0	0	0	98495	182034	191019	180955	194808	188950	216514	248337	218806	284425	317232	285290	430100	325855	466713	483237	512649	635605	558581	789791	718634	819044	956235	937584	1035401	1316088	1405289	1655068	1887755	2639453	2876258	4802791	11560351	36680901	5773863	0	0	0	1.2567
46	23350717	17963476	18482324	22207665	499612	499612	0	0	0	99240	187619	197493	188700	203904	198599	226726	258413	229623	297444	329706	297265	446975	339186	483430	499292	527907	652835	575007	807481	736376	836338	973649	956121	1057334	1336394	1427070	1680621	1917703	2667178	2923191	4852105	11598540	36201004	5793713	0	0	0	1.1158
47	23406739	17991333	18529600	22329274	246848	246848	0	0	0	100827	192572	204399	196877	213600	208303	237147	270637	240705	311016	344405	310464	466886	352161	503723	514973	543775	672725	588283	829978	751982	855880	997044	974395	1076422	1363463	1450656	1705275	1944269	2696469	2960663	4902184	11625126	35858822	5790840	0	0	0	0.8274
48	23338451	18095800	18537696	22335463	196384	196384	0	0	0	105345	200358	212360	204365	220908	216380	246079	282049	249485	320663	358032	319910	481572	362054	517866	528129	557123	687820	599308	848799	764635	868151	1014040	985644	1089341	1375601	1465776	1721793	1959645	2717529	2989464	4941511	11634974	35472429	5788272	0	0	0	0.7846
49	23428478	18017533	18567588	22209815	280380	280380	0	0	0	113223	214039	223841	214933	232124	226185	256980	293712	260267	332491	367296	331269	493771	374698	530625	542139	567243	700369	610933	859777	778369	883133	1025649	999565	1109003	1394030	1481872	1744257	1982792	2737477	3015202	4952285	11623726	34999521	5750618	0	0	0	0.9118
50	23423140	17996774	18617493	22289573	176814	176814	0	0	0	127287	250880	269700	253594	273047	258946	294578	336606	285999	375756	413102	359982	547878	394625	585217	580482	602630	744870	641280	912632	815739	910305	1069769	1040783	1137793	1438048	1529579	1785108	2028250	2789428	3102755	5059706	11544868	33560627	6005131	0	0	0	0.8657
