#Name	E:\SaveData\2016-10-13_11_11_05_1001160120_R0057_A_CL100007973_BGI12297_WESPE_result\\CL100007973\L01\CL100007973_L01_19_2.fq
#PhredQual	33
#ReadNum	82503794
#row_readLen	50
#col	48
#BaseNum	4125189700
#N_Count	5362567	0.129996
#GC%	43.65
#Q10%	97.75
#Q20%	91.25
#Q30%	78.11
#EstErr%	0.936101
#Pos	A	C	G	T	N	0	1	2	3	4	5	6	7	8	9	10	11	12	13	14	15	16	17	18	19	20	21	22	23	24	25	26	27	28	29	30	31	32	33	34	35	36	37	38	39	40	41	Err%
1	27732444	18188015	17727929	18755361	100045	100045	0	0	0	6918	26194	37630	42310	56486	67811	148692	195065	161643	283837	318805	280414	541213	291223	597042	561652	661598	774174	664260	1086627	845301	993414	1186136	1167024	1139097	1609993	1656807	1853134	1987413	3055371	2870603	4723088	11625727	37565630	3321417	0	0	0	0.3834
2	23741603	15759702	18865819	24038152	98518	98518	0	0	0	26997	67903	92684	103206	132096	134517	239384	311042	234936	391024	435229	344871	664932	346035	709828	625249	726426	848061	708797	1148797	864278	1042556	1224534	1165801	1197097	1623185	1673790	1872618	2021915	3061701	2947345	4808266	11642214	35341349	3626613	0	0	0	0.5164
3	22752320	18669807	16324155	24710906	46606	46606	0	0	0	42048	84940	109806	116766	146681	142229	253241	328560	241497	407729	450952	351435	682215	351706	727901	647605	720741	864635	705454	1160190	883570	1025904	1231256	1172423	1175970	1620288	1668571	1859197	2006492	3036523	2948914	4783155	11633447	35171906	3703241	0	0	0	0.4870
4	23198600	18308473	16517258	24478072	1391	1391	0	0	0	65382	118768	140204	143805	172525	170139	275633	345399	273124	413091	463366	370882	672003	382644	715537	647118	714100	858600	705828	1120857	875726	1019823	1208402	1145055	1190735	1586929	1645296	1851482	2023042	2958930	2994231	4843557	11544718	34246980	4598492	0	0	0	0.4894
5	22887106	17715724	17336840	24466246	97878	97878	0	0	0	56938	108743	127433	131932	158723	157639	267880	338182	263624	412979	461448	368379	679458	377950	727447	652452	716530	868927	708513	1137794	885633	1024020	1220762	1161001	1190193	1603178	1656613	1858543	2028337	2990142	2992274	4828996	11576017	34390833	4276403	0	0	0	0.5854
6	22451293	17946290	17224875	24877646	3690	3690	0	0	0	65657	121892	139782	142772	169304	169996	277364	343369	276909	410030	466090	371553	669631	390661	714974	651379	709212	865756	705544	1116739	884881	1020039	1215738	1149559	1200769	1592172	1652033	1860190	2040203	2965790	3017722	4864182	11553964	34263932	4440316	0	0	0	0.4931
7	22913694	17443104	17837240	24201425	108331	108331	0	0	0	56369	110490	135165	141375	172442	166909	283061	354435	271293	427729	475322	374255	686465	381789	732313	659882	712314	869252	705525	1128879	889737	1012984	1220080	1159620	1186691	1592012	1648785	1853019	2029172	2969649	3021191	4879256	11586718	33836881	4664404	0	0	0	0.6132
8	22008004	18122666	16775893	25408690	188541	188541	0	0	0	63680	121047	141100	145534	172622	170922	283286	352587	278872	422581	474319	378016	682526	392538	728738	662728	713597	870952	709209	1121782	891851	1016223	1217016	1156446	1190981	1590393	1646087	1855989	2033879	2956722	3022939	4865421	11556698	33808629	4619343	0	0	0	0.7218
9	21941180	17950170	17013904	25595959	2581	2581	0	0	0	43711	93788	117781	124605	152216	152216	267699	338484	263576	413717	462287	367739	676170	379558	723004	660660	704160	869192	700258	1126311	894829	1005126	1217646	1162860	1175049	1589889	1647705	1850253	2024188	2968917	3016660	4862263	11626022	34250933	4571741	0	0	0	0.4507
10	22119680	17852998	17345174	25026891	159051	159051	0	0	0	77590	144625	162886	161513	188680	184622	299856	367516	291852	434441	486587	391775	689210	405998	736953	673878	713279	877134	714367	1123101	903030	1013494	1222256	1160614	1197455	1590648	1646212	1859490	2046093	2946132	3046643	4881856	11533238	33370623	4801096	0	0	0	0.7248
11	22170004	17898050	17301241	25036694	97805	97805	0	0	0	70526	134100	154931	157772	186351	181476	297372	369116	288513	438618	488989	386808	694063	396784	741536	676061	713063	882094	708792	1131217	902050	1010371	1223445	1162505	1181550	1589012	1648490	1850459	2025378	2948951	3013313	4840171	11550446	33848167	4513499	0	0	0	0.6387
12	22058457	18074264	17230491	24840619	299963	299963	0	0	0	77008	145335	166285	168057	195512	189770	308417	379187	295257	446119	496188	393039	700814	404158	746628	680721	715571	884083	710303	1131586	906085	1008386	1222916	1162040	1183474	1588272	1642234	1852478	2027693	2937335	3011451	4832738	11498952	33513511	4582228	0	0	0	0.9045
13	22132700	17981261	17239931	24743425	406477	406477	0	0	0	80561	150867	172991	174170	204057	196572	313956	385559	298879	451117	499453	395635	702115	406339	746700	681305	712247	882395	709768	1124168	905802	1004631	1221044	1163650	1183923	1580681	1640587	1849279	2031977	2931402	3040553	4870629	11513742	33141926	4728637	0	0	0	1.0457
14	22137520	18092786	17344350	24818634	110504	110504	0	0	0	83712	152810	173423	173883	202037	196323	312967	383415	304553	449684	501215	402685	700597	416876	747461	687302	718025	888690	720961	1128545	913422	1018799	1226786	1167976	1198703	1593216	1648428	1862352	2049744	2939561	3054813	4893075	11528032	33198555	4754664	0	0	0	0.6900
15	22140503	18220927	17430212	24710055	2097	2097	0	0	0	82914	152337	171281	172070	200331	193711	311901	380635	301264	448005	497180	399240	696015	415424	742611	689839	708852	887406	715710	1118415	917218	1005949	1226105	1171050	1194302	1590044	1649504	1866793	2059137	2934456	3072160	4912036	11567101	33205960	4844741	0	0	0	0.5547
16	22156380	18137073	17427447	24585298	197596	197596	0	0	0	110588	211515	236433	234735	267864	257394	310677	375507	302654	439669	492255	399073	683737	420237	734097	681828	704045	879604	714990	1107738	913492	1006111	1217718	1163923	1193639	1580852	1640146	1859553	2052714	2922825	3067305	4901772	11505144	32834289	4882075	0	0	0	0.8832
17	22183936	18175728	17519160	24579483	45487	45487	0	0	0	111622	212049	236797	235663	270792	257577	311744	378245	299632	441857	491751	397453	685311	414691	731674	681715	701033	876696	709821	1108961	915908	998062	1214838	1163437	1185658	1580706	1641353	1859621	2050359	2923975	3075170	4916215	11537210	32908321	4932390	0	0	0	0.7004
18	22037167	18376517	17476115	24528319	85676	85676	0	0	0	139689	241811	261689	253870	285326	268819	323993	389732	308800	453617	503930	406334	694627	424859	743344	693763	707336	887051	715825	1114465	922156	1004374	1221053	1168060	1191656	1582259	1641246	1862895	2056750	2919796	3073593	4904419	11501463	32585065	4964453	0	0	0	0.7967
19	22080308	18313186	17575224	24469792	65284	65284	0	0	0	139278	251351	269272	260267	292400	275029	329925	395003	316391	457546	507019	412437	696161	433155	745573	696383	708362	890472	721011	1111113	925794	1006063	1223911	1173336	1198093	1585705	1646077	1871475	2070447	2918026	3090514	4918490	11487655	32369666	5045110	0	0	0	0.7845
20	22179964	18265946	17547594	24414448	95842	95842	0	0	0	124504	235412	257034	251103	282365	270074	323015	386501	311927	451422	498878	410358	685435	430999	735370	690865	702530	881392	718886	1101711	924547	1004661	1219541	1168459	1200495	1577225	1642684	1869922	2072655	2910520	3092998	4925236	11489181	32461503	5098544	0	0	0	0.7959
21	22150812	18369257	17617905	24360682	5138	5138	0	0	0	144092	260753	279887	269138	300537	280715	336154	401279	319070	463453	510760	415848	695198	436399	744425	701095	705826	888849	722552	1108330	935076	1005249	1224310	1178608	1203469	1589941	1651726	1883789	2088029	2926112	3122207	4966343	11476475	32098129	5164833	0	0	0	0.7277
22	22018131	18261844	17615208	24150544	458067	458067	0	0	0	180515	308054	317644	296191	325178	299071	354140	417018	332902	473483	522773	427449	705090	446446	753297	708739	712288	894944	729312	1109581	937995	1009587	1227298	1178340	1207381	1586596	1645761	1876369	2079802	2910071	3109156	4936134	11363562	31557029	5106531	0	0	0	1.3452
23	22231823	18257089	17690047	24257011	67824	67824	0	0	0	140008	266909	288135	277446	308143	291033	344446	409820	331887	468342	520128	427572	699767	449524	751479	707103	713441	895286	733825	1110823	941496	1016547	1229035	1183409	1219801	1596968	1656735	1889384	2100924	2924845	3138487	4975774	11459800	31744593	5223055	0	0	0	0.8167
24	22141142	18394748	17731106	24183486	53312	53312	0	0	0	147652	272296	289928	279287	308716	289412	345448	410662	328268	469998	518818	424880	697963	446690	750605	710013	705661	893986	728861	1107478	945832	1004504	1227065	1185041	1207967	1591540	1651228	1884318	2097944	2925670	3138007	4968691	11468981	31776462	5250610	0	0	0	0.8052
25	22196183	18325222	17783725	24094510	104154	104154	0	0	0	167866	304226	316665	300811	328220	304260	361939	426762	338881	484495	531551	437877	712174	455529	761650	721376	712936	903716	735313	1114588	954620	1008471	1233299	1191958	1210660	1595179	1656050	1888651	2104406	2916694	3149379	4969299	11411138	31428409	5260592	0	0	0	0.9159
26	22171682	18313781	17823902	24140075	54354	54354	0	0	0	168495	305788	317945	302452	330530	309882	364481	426948	347530	484097	532599	443013	711316	467372	760681	722658	719277	904740	744432	1112584	956140	1023114	1237412	1194032	1234511	1599962	1663644	1904552	2125957	2923768	3172487	4995302	11409108	31217468	5315163	0	0	0	0.8603
27	22067978	18428100	17814712	24115253	77751	77751	0	0	0	165384	310045	324600	308234	337425	314481	369589	431793	351011	487886	536752	447227	712925	470029	763634	723981	718322	908361	746512	1112845	958339	1022475	1238327	1195107	1232808	1605599	1667481	1909175	2131754	2927805	3175017	5004861	11408878	31052860	5354521	0	0	0	0.8964
28	22132963	18398518	17866715	24036169	69429	69429	0	0	0	158817	310875	327653	312029	341028	317449	375342	437697	353177	492814	540741	448516	718659	469428	769780	727375	720191	910912	744378	1113368	960632	1019039	1235607	1194748	1226715	1598557	1660873	1900719	2116846	2916821	3158500	4979282	11398837	31142071	5334889	0	0	0	0.8887
29	22107850	18341861	17893391	24100544	60148	60148	0	0	0	178926	335950	347867	327881	353811	330533	383435	445648	364083	500152	547621	459772	720134	483722	772092	733852	726062	914453	756726	1114601	970846	1031949	1246518	1203811	1248422	1611987	1673539	1920352	2145901	2933121	3197031	5017787	11358331	30726323	5360407	0	0	0	0.9160
30	22072102	18434546	17887274	24052284	57588	57588	0	0	0	177820	340655	353120	333503	359106	334543	389286	451514	368004	503441	551777	462580	723736	485982	772348	736752	728287	915770	758625	1114309	973578	1028127	1242982	1205014	1245782	1609347	1671740	1917171	2145049	2927622	3191196	5008165	11349004	30696039	5374232	0	0	0	0.9210
31	22105397	18408863	17994591	23987682	7261	7261	0	0	0	193544	359911	367893	345093	372379	343293	396906	460538	376322	511969	559804	469547	731317	493440	780135	744746	733847	922807	765970	1120731	977982	1036368	1250107	1211226	1254706	1617040	1676024	1924698	2157775	2931926	3210953	5035149	11358558	30389542	5414287	0	0	0	0.8908
32	22139905	18375188	17971377	24009931	7393	7393	0	0	0	178438	355599	368114	347107	373608	342910	399596	462858	370314	514671	562265	465753	732701	487884	781180	747539	727309	923639	758671	1118469	982055	1025944	1245239	1214365	1240453	1612951	1674319	1921399	2155297	2932725	3209278	5032097	11348129	30427711	5455814	0	0	0	0.8828
33	22030901	18488775	17971934	23938255	73929	73929	0	0	0	209782	398405	404789	376099	398662	365901	422231	483492	393799	529824	577998	486800	743784	511340	791915	758354	743713	935163	779262	1124418	996974	1049203	1261237	1227078	1269193	1630680	1691464	1945932	2183618	2938504	3243438	5057806	11278284	29834848	5385875	0	0	0	1.0325
34	22025847	18383847	17954840	23768021	371239	371239	0	0	0	192629	383994	395328	371168	396468	362260	421501	483977	385707	531777	577941	477714	745385	498258	793310	757109	732090	928275	766039	1120461	990957	1030836	1253498	1219656	1251034	1618525	1680688	1929719	2166553	2926854	3233474	5050833	11235839	29841175	5381523	0	0	0	1.3722
35	21994683	18495158	18049781	23949718	14454	14454	0	0	0	229567	432409	439714	404417	426510	382574	444234	508804	401363	551323	597884	492184	760897	512200	807896	771630	743536	943734	777321	1133206	1007197	1037566	1267146	1234722	1261988	1633818	1698259	1946040	2186944	2941931	3249604	5057363	11236805	29606201	5362353	0	0	0	1.0176
36	21967758	18552642	18030340	23896855	56199	56199	0	0	0	230276	432716	438831	403566	425915	383359	443848	506596	401987	550748	593923	493450	755878	514301	806015	768373	742230	939870	779284	1129611	1002813	1040754	1262492	1231633	1265066	1627335	1690381	1945190	2184774	2932945	3248080	5054308	11228514	29566258	5426275	0	0	0	1.0675
37	22020826	18531152	18074931	23813062	63823	63823	0	0	0	234560	447906	455288	416438	437586	392556	453614	517190	408534	560646	601741	500402	764588	521120	814605	777324	746358	946163	784199	1135025	1012141	1043067	1267398	1240665	1267421	1632136	1696612	1949806	2191374	2935836	3257328	5062442	11187469	29355630	5424803	0	0	0	1.1014
38	21932516	18472756	18018887	23820618	259017	259017	0	0	0	232863	454482	455772	417805	438367	397274	454951	515214	415683	554984	601096	508464	760841	529701	810600	777798	752153	947022	795019	1132455	1016844	1057083	1272322	1242515	1285861	1641584	1705335	1965372	2216106	2948878	3280949	5086156	11153864	28989711	5429653	0	0	0	1.3417
39	21949533	18538774	18066940	23833395	115152	115152	0	0	0	231791	457421	465186	425467	442930	400055	461159	520995	416466	562948	606984	508361	769346	529225	815944	782515	751891	952787	792107	1136063	1020934	1049752	1273331	1246890	1278311	1641649	1705178	1960798	2207488	2947736	3276488	5086249	11166733	29081616	5415848	0	0	0	1.1766
40	21970374	18549014	18127828	23795444	61134	61134	0	0	0	252368	491807	493140	448595	463479	415925	474987	535672	432097	574977	618766	523226	776978	543818	824933	792641	761923	960020	805575	1141928	1031939	1063909	1284296	1258532	1296368	1654257	1717780	1978827	2230456	2955998	3298047	5095654	11117408	28699501	5426833	0	0	0	1.1623
41	21929868	18506785	18128344	23816480	122317	122317	0	0	0	251726	496355	496635	450674	466004	419368	477065	537157	434761	574333	618549	525675	774366	545350	823640	791246	762271	959227	807519	1137361	1030862	1064918	1278699	1257461	1297649	1648960	1713046	1974074	2225887	2943168	3284273	5080637	11094421	28696512	5441628	0	0	0	1.2409
42	21929335	18583722	18103204	23794263	93270	93270	0	0	0	254274	512919	517974	468884	483258	432546	492611	553087	443876	591230	633692	532533	791222	553166	839202	804071	768769	968229	814148	1152173	1043568	1066968	1291312	1266972	1299952	1661443	1725219	1986708	2238057	2956873	3307258	5100444	11056121	28408955	5392810	0	0	0	1.2373
43	21907608	18592542	18151244	23783094	69306	69306	0	0	0	267061	534124	532826	479425	492916	440566	498327	557406	451304	592114	637240	540667	791774	561735	838208	807663	773501	973616	819292	1148827	1048435	1073878	1294267	1271138	1313400	1667785	1730666	1994581	2249889	2961138	3317966	5105085	11038140	28203029	5426499	0	0	0	1.2354
44	21862217	18554555	18118237	23807704	161081	161081	0	0	0	269862	535398	533844	480910	491774	440278	499896	558177	448879	593913	635278	539341	790780	558027	839446	806900	770186	969136	816504	1147542	1048714	1069776	1290877	1271800	1306490	1661831	1725883	1989083	2248461	2954792	3316058	5097310	11021968	28162604	5450995	0	0	0	1.3486
45	21790837	18635309	18120082	23776272	181294	181294	0	0	0	271909	548638	549594	492470	503518	446901	508924	564914	454654	599840	642138	542680	792470	560958	841780	810921	771024	973184	818741	1144913	1048163	1065393	1290198	1270503	1303211	1658656	1721116	1980885	2241374	2944289	3304374	5080410	11000089	28106417	5467251	0	0	0	1.3932
46	21828694	18634971	18179383	23727933	132813	132813	0	0	0	282810	566287	559956	500908	509646	455990	513078	570939	464476	602443	644926	553535	796516	574487	843021	816831	780717	977355	831857	1151869	1062764	1084309	1298616	1284943	1328006	1672699	1739187	2008805	2272737	2964864	3334470	5110822	10974712	27774649	5461751	0	0	0	1.3579
47	21872756	18615475	18180439	23792516	42608	42608	0	0	0	272602	564878	561841	506479	516386	459536	518505	578492	464017	609721	652904	554816	803450	574491	850578	820240	781167	981959	831329	1156217	1064170	1079549	1302365	1285828	1322766	1673578	1738135	2006102	2270397	2966845	3333794	5116418	10979185	27808255	5454191	0	0	0	1.2496
48	21700785	18697977	18226874	23753068	125090	125090	0	0	0	301116	617759	613747	544761	552595	486252	548186	607447	485413	636165	678659	575414	827992	592503	875834	843997	796884	1007187	849810	1178964	1089956	1098085	1323942	1311334	1343919	1701820	1767769	2035966	2303862	2991303	3373113	5137804	10846766	27136151	5296229	0	0	0	1.4344
49	21844188	18658539	18264076	23674386	62605	62605	0	0	0	302046	626453	623280	552185	559336	493281	554538	611741	491998	639426	682944	580082	829342	598900	875905	844345	801825	1006621	856037	1175893	1091100	1102304	1325445	1312052	1351090	1701720	1767307	2035424	2303600	2988197	3375881	5137569	10851044	27069524	5322754	0	0	0	1.3721
50	21796911	18634710	18261035	23689684	121454	121454	0	0	0	319215	679061	677441	600877	605640	530780	594880	656498	522536	680656	725774	609847	877099	624909	922758	884159	829956	1045684	886669	1219159	1139231	1131101	1373197	1361241	1390373	1752939	1827827	2097489	2378704	3048262	3460269	5206080	10652863	25810383	5258783	0	0	0	1.5375
