#Name	E:\SaveData\2016-10-13_11_11_05_1001160120_R0057_A_CL100007973_BGI12297_WESPE_result\\CL100007973\L01\CL100007973_L01_23_1.fq
#PhredQual	33
#ReadNum	83289648
#row_readLen	50
#col	48
#BaseNum	4164482400
#N_Count	10959258	0.263160
#GC%	47.10
#Q10%	99.17
#Q20%	97.07
#Q30%	89.54
#EstErr%	0.511259
#Pos	A	C	G	T	N	0	1	2	3	4	5	6	7	8	9	10	11	12	13	14	15	16	17	18	19	20	21	22	23	24	25	26	27	28	29	30	31	32	33	34	35	36	37	38	39	40	41	Err%
1	26884731	20234846	19908350	16258133	3588	3588	0	0	0	1296	21626	37356	33727	34193	33238	35656	37432	37132	43326	48769	50775	67315	69143	81434	94396	160431	194108	213696	265255	348721	403034	477329	628172	635645	924414	989359	1228084	1210201	1249735	991124	1836661	6826559	56201873	7774845	0	0	0	0.1061
2	23266758	16363580	21242628	22370702	45980	45980	0	0	0	1307	19980	31697	29836	30681	31320	34636	37728	38993	46601	53862	59332	80636	82057	96029	122023	192949	234794	257300	320276	406623	461172	530909	649386	648447	892743	949449	1169841	1248514	1471500	1332762	2440540	8247586	53342804	7649355	0	0	0	0.1573
3	22259404	19883942	18037773	23058396	50133	50133	0	0	0	2350	18170	26525	24825	25491	26372	28851	32205	33298	40924	47073	53233	72144	76475	87299	115151	187047	228376	252847	314045	403869	455623	527025	648402	645860	890005	949669	1169623	1243023	1466689	1331166	2427517	8245672	53459539	7683132	0	0	0	0.1542
4	22737845	19487295	18381082	22449015	234411	234411	0	0	0	1052	15203	22760	21726	22727	23234	26402	29575	31500	39518	45267	53042	72463	76685	87309	119684	191123	235229	259872	321479	412746	465766	537225	659127	653230	901800	959659	1178406	1259532	1504813	1364894	2490212	8429449	53156047	7386481	0	0	0	0.3704
5	22524332	19142954	19210702	22336685	74975	74975	0	0	0	4969	17469	24027	23052	23570	24981	28055	31895	33658	42187	48896	56792	77713	81206	92732	127134	201182	246096	270669	336441	425009	477281	551772	667047	665184	915115	978786	1203954	1300281	1582603	1469740	2670503	8738766	52462951	7312957	0	0	0	0.1852
6	22131405	19542235	18900899	22620332	94777	94777	0	0	0	2342	16337	23253	22424	23074	23997	27487	31188	33263	42045	48942	56977	78781	81290	93797	129352	202601	249127	271947	341213	427512	481465	555661	668681	668650	919217	980944	1207622	1311750	1614708	1503219	2730430	8891462	52224646	7209467	0	0	0	0.2068
7	22655229	19015511	19464351	21962655	191902	191902	0	0	0	3243	18082	24606	23295	24336	24729	28884	32791	34109	43818	50039	58610	81583	82736	97108	133661	206170	254005	275285	347962	430891	485716	559458	672580	671317	921303	983222	1210813	1320078	1642831	1531604	2790303	9006924	51926384	7099270	0	0	0	0.3265
8	22042755	19752971	18468810	23001031	24081	24081	0	0	0	672	14829	21846	21591	22699	24244	27978	31762	33826	43491	49939	58688	82518	83436	97444	136203	208758	258945	279391	354327	436570	489110	566325	674025	673074	925867	987311	1213605	1326473	1669184	1574429	2868505	9161154	51756910	7090438	0	0	0	0.1211
9	21861026	19403127	18789890	22957801	277804	277804	0	0	0	891	15059	21509	20994	22557	23893	28011	31577	33518	43467	50421	59202	82968	83801	98493	137805	210100	259830	280262	355225	435323	490875	567146	669297	675200	920480	987880	1214775	1341774	1700725	1617980	2938855	9273208	51232457	7086286	0	0	0	0.4256
10	22251421	19287645	19215929	22383891	150762	150762	0	0	0	1669	17061	23544	22685	23675	25110	29171	33362	35410	46070	53094	61327	87008	86881	102376	142587	216331	266739	285957	365311	440704	499126	576290	679256	680471	929743	994891	1220663	1351324	1726263	1642220	2989053	9356046	51146945	6980523	0	0	0	0.2772
11	22319250	19201594	19173900	22372392	222512	222512	0	0	0	2963	20071	25743	24714	25463	26729	30955	35264	37184	48468	55390	64392	91981	90059	107083	147449	221874	274718	290304	372603	447162	503808	582856	681149	684605	934913	997154	1223476	1358274	1747642	1686193	3054908	9462203	50793838	6915548	0	0	0	0.3685
12	22251380	19432479	19230243	22269542	106004	106004	0	0	0	2310	19064	24528	23949	25179	26960	31574	36077	37151	49685	57117	65103	94091	91846	109727	153422	228054	281505	297585	383213	456180	512700	594998	691448	691940	943226	1005457	1229161	1362003	1764013	1698451	3082121	9531257	50808083	6774466	0	0	0	0.2284
13	22369508	19337366	19290809	22134660	157305	157305	0	0	0	5124	21061	27801	26999	28612	29939	35212	40265	41214	54862	62648	70490	101610	97323	117898	160315	234291	290542	303000	393432	459329	518695	599669	691167	697163	944056	1008679	1233810	1370880	1792969	1751952	3178876	9652714	50294081	6795665	0	0	0	0.2978
14	22284524	19365191	19284366	22243771	111796	111796	0	0	0	3512	19205	25785	25497	27175	29153	34276	39586	40964	54723	62872	71129	102789	97980	119102	163235	236511	293128	306223	395797	461775	520521	602032	689875	697508	944431	1008824	1234744	1378483	1811271	1781281	3236270	9769039	50113203	6779953	0	0	0	0.2404
15	22193634	19537136	19314976	22141647	102255	102255	0	0	0	3875	24007	30652	29971	31992	33369	38390	43785	44455	58988	67370	75038	109665	101639	125187	168891	244138	301844	311430	407229	468076	530016	610679	696254	705792	952189	1015701	1241144	1388208	1833121	1804638	3276483	9824558	49904315	6684304	0	0	0	0.2378
16	22189719	19421635	19345270	22020390	312634	312634	0	0	0	5098	31773	42399	41195	43282	44773	51881	58683	59411	76879	87291	94465	136635	125251	156489	198579	240873	298524	308192	404784	463651	526944	605740	690287	698367	946344	1008098	1230712	1380406	1838521	1821633	3311765	9870857	49468127	6609105	0	0	0	0.5130
17	22198693	19427583	19426982	22058430	177960	177960	0	0	0	7473	37585	48686	46751	48652	50481	56442	64745	64365	82729	94603	100419	144958	131990	165799	207223	248722	307531	315868	413454	468869	531330	613204	691654	706734	950595	1014373	1239922	1395876	1866269	1872292	3389243	10004694	49120918	6607239	0	0	0	0.3634
18	22005565	19585486	19408873	21945035	344689	344689	0	0	0	9032	42508	53525	50478	52432	53453	60864	68535	67023	87016	98757	103925	151831	134836	171169	212772	256515	317317	322585	424859	476418	541619	621893	697722	710576	956958	1018381	1239347	1388645	1872499	1869330	3393625	10010129	48946370	6462015	0	0	0	0.5722
19	22130176	19579144	19570336	21942079	67913	67913	0	0	0	7043	38338	51298	50112	53165	54852	62814	72293	71843	91543	104358	108798	158855	140842	179452	221131	263515	325210	329568	432961	482459	547385	630338	700476	723816	965504	1033279	1258992	1424107	1918922	1955061	3529747	10206221	48491934	6535503	0	0	0	0.2398
20	22131883	19477501	19510139	21951593	218532	218532	0	0	0	9263	40157	50968	49989	52783	54818	63202	72824	71329	92847	106252	110265	163380	141199	184163	225241	269728	333456	334710	444692	488308	556258	640413	705104	725179	971756	1036186	1257686	1414184	1926863	1958105	3544352	10230106	48350947	6394403	0	0	0	0.4231
21	22065686	19664399	19580621	21907970	70972	70972	0	0	0	8956	39164	51214	50293	54519	56050	64673	74201	73020	94644	108865	111631	166236	143852	187206	228823	273402	336588	338037	449053	492226	559646	643738	707851	731247	975552	1043494	1266829	1432452	1955341	1992646	3602686	10327729	48208044	6368768	0	0	0	0.2473
22	22080143	19564498	19612996	21720865	311146	311146	0	0	0	12153	45973	59132	57448	61619	62918	72676	83066	80470	104117	118960	121103	177416	153917	198657	240817	283515	348834	347167	461976	498564	568757	656821	715751	744401	989915	1057838	1285495	1459433	1997962	2055364	3694167	10414752	47427152	6320196	0	0	0	0.5516
23	22143482	19498923	19598123	21776513	272607	272607	0	0	0	12439	46105	57746	57130	61285	63345	72739	83307	80634	105262	119921	121385	182823	154633	204203	246009	289792	357539	351707	474187	508152	578996	667132	723578	749153	996362	1062620	1288371	1460510	2009193	2068108	3722959	10472180	47350134	6217402	0	0	0	0.5060
24	22022673	19707221	19634394	21762571	162789	162789	0	0	0	21194	52546	63516	62029	66853	68406	78716	90816	87083	113033	128830	129244	192979	162716	214885	255352	299035	369776	362126	486088	515744	587253	677300	729859	763227	1009699	1081103	1309464	1489572	2054176	2135926	3821171	10598841	46807241	6241060	0	0	0	0.3901
25	22139060	19688164	19736615	21640085	85724	85724	0	0	0	15612	53839	67411	65680	71297	73048	83153	96265	90555	118812	134831	134525	202170	168362	224142	264639	308431	380891	371350	499787	524832	598477	689697	738937	772682	1018969	1090118	1315549	1497079	2072341	2161824	3864118	10656881	46608585	6169035	0	0	0	0.3024
26	22124800	19610181	19720694	21724529	109444	109444	0	0	0	17493	56797	69981	68352	73751	75669	86093	99171	95518	123627	140853	140463	207839	175100	232180	271106	315900	390237	378368	510967	531116	607987	699730	746442	786219	1033109	1104021	1334305	1518522	2105284	2216552	3943595	10743381	46124393	6156083	0	0	0	0.3381
27	21987861	19782822	19739776	21721470	57719	57719	0	0	0	20590	62228	76153	73980	79197	81428	93027	106974	100723	132372	149469	146361	220647	181544	244452	283602	327609	403400	386414	527955	542124	617937	712517	755694	797895	1046858	1118784	1348921	1537501	2137368	2257790	4010462	10818158	45714118	6117677	0	0	0	0.2894
28	21999513	19706245	19778717	21534303	270870	270870	0	0	0	22215	65832	79510	77930	83828	85125	97851	111908	106356	137932	155399	152940	228163	188984	253140	292704	335803	413446	395025	538170	549752	626544	723928	762252	807882	1055766	1130173	1362312	1558190	2163207	2312497	4088528	10901338	45034195	6119953	0	0	0	0.5543
29	22001689	19580713	19722743	21596430	388073	388073	0	0	0	23752	68507	83168	81677	87441	88759	102015	116700	109817	143544	162529	158056	237947	191769	262648	300404	343062	423913	401795	549626	557128	634940	732931	767192	811677	1065343	1139390	1365891	1557304	2175371	2315317	4094209	10896461	44824313	6026979	0	0	0	0.7032
30	21939071	19722414	19744035	21558091	326037	326037	0	0	0	33210	82966	96712	92206	98221	97701	110850	127193	117002	152253	171037	165018	248138	200772	272727	310833	352074	434799	409897	560498	565874	644833	745067	777601	826919	1082432	1156508	1387908	1585507	2211907	2365635	4160571	10975943	44372158	5970641	0	0	0	0.6540
31	22076784	19746067	19941942	21521065	3790	3790	0	0	0	29466	78045	93223	90861	97653	98646	112953	130046	120552	158017	177754	170724	258581	206592	284003	321737	363475	448654	422499	579389	576914	659980	761392	789328	839952	1099259	1174139	1403469	1602629	2244953	2406084	4227736	11067588	44236812	5952753	0	0	0	0.2654
32	22021337	19633154	19836513	21538567	260077	260077	0	0	0	34547	86872	100953	97783	104732	105586	120213	137927	128506	165810	186896	178953	268542	217177	295041	332813	373369	461407	431466	591803	585790	671523	774479	801935	860389	1114865	1193477	1430286	1637263	2285449	2475452	4321601	11138590	43364783	5953293	0	0	0	0.5902
33	21938914	19780856	19859150	21499802	210926	210926	0	0	0	34250	84710	99155	96517	105346	105504	120843	140067	129841	168485	189899	182580	274830	219930	302515	337824	378972	468400	436883	600231	592357	676544	783421	804421	866002	1122142	1200284	1437357	1643165	2296467	2497490	4356379	11181481	43202653	5941777	0	0	0	0.5312
34	21953540	19732086	19941397	21372040	290585	290585	0	0	0	37498	90259	104477	102430	110027	111875	127583	146227	135613	176834	199250	189259	285227	227103	314378	349195	390811	481144	446936	616241	600959	689569	796395	814639	879537	1137125	1217705	1453975	1661804	2326938	2532728	4403500	11225493	42731675	5884654	0	0	0	0.6399
35	21961623	19733373	19909564	21497794	187294	187294	0	0	0	40485	97422	112659	109013	118052	117837	135284	155272	142961	185894	208566	198570	296998	236538	325081	359428	400562	492917	456349	629871	612957	700332	810384	826867	894350	1154869	1235340	1476994	1689632	2358866	2575731	4461008	11281703	42341542	5862020	0	0	0	0.5318
36	21890515	19849279	19930895	21465653	153306	153306	0	0	0	44626	106192	121155	117593	126628	126990	144418	165105	151474	196151	219529	208711	312069	248137	340228	374776	413708	508897	470491	648716	629530	717437	828303	843176	913846	1175671	1259191	1504387	1722776	2398838	2625460	4529239	11333913	41780339	5828642	0	0	0	0.5102
37	21898299	19769704	19973042	21282370	366233	366233	0	0	0	47333	110493	125128	121768	131196	131734	149210	171485	156802	202862	227151	213501	320914	253175	351395	381943	423417	519678	476885	661011	634342	721995	835911	847385	919379	1183870	1263931	1506263	1723893	2409625	2642843	4550079	11325940	41391341	5789537	0	0	0	0.7762
38	21835724	19675152	19917650	21359567	501555	501555	0	0	0	51979	120548	134851	129777	140015	139164	158606	181600	166423	213331	238653	226037	332307	266419	365620	396316	433334	535289	491060	674407	649982	742550	858101	866297	946539	1209048	1295317	1543433	1769510	2451419	2710779	4629640	11365258	40558533	5795951	0	0	0	0.9588
39	21802228	19815211	19956575	21361142	354492	354492	0	0	0	55120	124212	139973	135220	145222	144733	164079	188130	172498	221231	248683	231485	345811	272620	376536	407867	445399	547030	500499	691529	658451	749976	867392	873487	954367	1220094	1304083	1553978	1776088	2469943	2733857	4664261	11414964	40375549	5760789	0	0	0	0.7943
40	21880788	19799368	20064514	21290597	254381	254381	0	0	0	57801	127735	142655	138109	149013	148009	168844	192570	175970	227250	252948	236552	354274	277980	386035	416330	454116	559515	508246	704397	668810	761014	879396	886429	965866	1236217	1320517	1568460	1795157	2496847	2769589	4715262	11461328	40088324	5743702	0	0	0	0.6827
41	21871252	19737698	20025059	21342673	312966	312966	0	0	0	61429	134114	148470	143753	155074	153931	175598	201065	182612	235329	262456	245331	365198	287090	397984	426965	462518	570583	517313	716760	679324	772809	895063	895593	980716	1248381	1336918	1585230	1815816	2522876	2799448	4748502	11479565	39667333	5705535	0	0	0	0.7673
42	21761120	19863025	20004836	21323419	337248	337248	0	0	0	67409	146656	159948	154359	166395	164714	185834	212881	193475	247049	275461	258229	378990	299609	413217	441713	476886	587104	531931	734747	695269	790840	914123	913932	1006720	1274411	1362734	1618667	1852849	2556664	2853527	4812993	11495377	39001363	5706324	0	0	0	0.8209
43	21836541	19861189	20116689	21260275	214954	214954	0	0	0	74294	159389	172101	165245	176786	174809	196773	223898	205005	259795	287899	270419	394485	312771	431595	458681	491959	605393	549908	752696	712347	808320	936316	932571	1031826	1302229	1388488	1650752	1892340	2597965	2905175	4873954	11530144	38464852	5683514	0	0	0	0.6995
44	21839730	19770810	20064152	21331236	283720	283720	0	0	0	76065	159609	174820	167174	179692	176089	201006	229444	205835	264912	294607	271775	403802	311348	438040	462207	496051	611355	548195	762361	712516	806718	935793	930591	1020588	1297301	1384152	1637033	1871501	2593190	2887119	4853605	11511540	38496923	5632971	0	0	0	0.7872
45	21647594	19834012	19952195	21178136	677711	677711	0	0	0	92343	181648	192532	180625	190932	185253	209832	236840	212423	272647	301244	278647	410089	320364	444974	470139	502619	619172	557608	769754	718026	816044	945231	939571	1032884	1308459	1397350	1652707	1891758	2603925	2913980	4877213	11477557	37808138	5599409	0	0	0	1.2928
46	21712797	19834156	20076599	21126335	539761	539761	0	0	0	92129	186513	198128	187143	199517	194222	220092	247792	225324	283708	315746	293136	426423	335569	463115	489105	516522	640352	572773	788777	737861	835716	967416	958302	1061084	1333167	1422908	1682753	1926071	2642646	2963455	4934215	11516074	37292852	5599281	0	0	0	1.1428
47	21814544	19828580	20115709	21261744	269071	269071	0	0	0	93491	192842	204288	195156	208682	203284	230884	261794	234074	298520	331487	305670	446592	349371	484140	505048	534581	660019	587221	813745	757027	855032	989290	978844	1081475	1363707	1448447	1710513	1955340	2679048	3007777	4996353	11548708	36920109	5588018	0	0	0	0.8358
48	21711700	19972938	20137717	21254161	213132	213132	0	0	0	97247	199599	212549	202684	216714	212078	239273	271470	244297	308441	341178	314718	458881	358127	497828	518891	547803	675541	602380	830977	768426	870788	1004879	992036	1096702	1379314	1463767	1730346	1975075	2700145	3043797	5036888	11558351	36535841	5569485	0	0	0	0.7861
49	21780415	19896795	20176194	21127827	308417	308417	0	0	0	104065	213306	225038	213443	226940	221650	250025	281708	252525	319254	352320	325901	471119	371488	511187	532762	559805	688475	615142	843770	781740	886230	1021204	1005841	1115662	1397770	1486046	1749551	1998594	2721041	3071550	5057684	11544239	36037526	5526630	0	0	0	0.9250
50	21771175	19846925	20232480	21244823	194245	194245	0	0	0	118550	253938	272890	255737	271058	257602	290146	328584	285522	366007	401106	360836	527511	400554	568419	575618	599364	734997	652111	901202	826160	919173	1067471	1054195	1152754	1448016	1533971	1804121	2056025	2782501	3164449	5162380	11450299	34498838	5753298	0	0	0	0.8733
