#Name	E:\SaveData\2016-10-13_11_11_05_1001160120_R0057_A_CL100007973_BGI12297_WESPE_result\\CL100007973\L01\CL100007973_L01_22_2.fq
#PhredQual	33
#ReadNum	70325320
#row_readLen	50
#col	48
#BaseNum	3516266000
#N_Count	4695859	0.133547
#GC%	47.70
#Q10%	97.14
#Q20%	89.08
#Q30%	74.01
#EstErr%	1.150610
#Pos	A	C	G	T	N	0	1	2	3	4	5	6	7	8	9	10	11	12	13	14	15	16	17	18	19	20	21	22	23	24	25	26	27	28	29	30	31	32	33	34	35	36	37	38	39	40	41	Err%
1	21487204	18205583	16682614	13864159	85760	85760	0	0	0	7524	30375	43492	48784	64494	76143	167343	219434	177499	312229	348737	297320	582056	298411	636376	578879	672625	785401	655512	1091991	818759	959525	1148930	1108620	1073744	1521823	1552773	1706885	1803498	2728755	2692989	4338753	9498571	29892383	2298927	0	0	0	0.4482
2	18314394	14559468	17782755	19585718	82985	82985	0	0	0	40069	91904	117314	127467	158189	159950	269923	345648	267265	417210	466863	367071	690488	367178	730984	633233	722955	848128	692783	1128003	830435	999114	1172337	1089972	1136969	1519694	1559989	1718819	1844424	2697105	2752536	4389183	9378278	27750268	2760587	0	0	0	0.6403
3	17549023	17593681	15098666	20044126	39824	39824	0	0	0	51727	100123	124596	130693	160242	157712	273514	351396	264778	426154	477739	367706	706996	365583	749310	652607	727015	868116	695210	1148464	848234	997900	1190286	1108318	1128671	1529201	1569539	1720371	1837918	2705027	2738783	4356576	9349747	27747326	2657918	0	0	0	0.5969
4	18273574	17106963	15402623	19540833	1327	1327	0	0	0	49216	97371	121264	127530	156958	153994	276478	354130	267513	430772	481210	376128	707099	374711	754919	662690	721842	872154	698532	1141503	863703	991710	1189678	1115622	1130809	1525939	1565284	1722705	1855332	2690659	2771527	4395209	9338774	27282165	3058863	0	0	0	0.5385
5	18110322	16582342	16113612	19435342	83702	83702	0	0	0	62879	118569	137492	141337	170367	169106	291328	369816	285423	441504	496329	389100	717045	389662	764684	671932	729350	883898	703650	1148042	867769	997502	1194192	1114132	1137042	1527213	1565948	1725881	1860530	2682238	2766822	4371618	9300245	27122283	2926690	0	0	0	0.6975
6	17684474	16950736	15906924	19778166	5020	5020	0	0	0	57951	111391	132883	137591	167350	161482	289531	366733	275794	444302	493995	384943	718349	383850	765592	680899	718559	882878	696141	1148212	880740	983043	1196741	1124215	1117066	1525492	1564087	1724828	1848352	2674978	2775651	4371367	9364652	27214613	2936049	0	0	0	0.5732
7	18105105	16490820	16481747	19157531	90117	90117	0	0	0	83509	143201	165222	167371	198083	192735	313525	391604	299173	459098	512166	393347	728955	395209	770624	675263	728450	884967	698523	1141576	864680	990698	1189604	1105159	1129383	1512241	1556484	1714415	1846772	2656931	2755524	4352326	9277691	26980877	2959817	0	0	0	0.7668
8	17417246	17136931	15416690	20194249	160204	160204	0	0	0	66619	123711	144757	148853	177401	174931	298449	372767	292635	445206	499954	391198	717218	396671	763444	677944	720497	886789	700205	1140672	871680	988851	1191913	1109804	1131065	1514117	1557616	1720198	1852960	2656171	2772177	4371382	9285353	26953950	3047958	0	0	0	0.8206
9	17395550	16907491	15775181	20243724	3374	3374	0	0	0	58845	114263	136954	141806	171219	170135	294830	367624	288594	442512	495865	388163	713035	395091	759821	676895	718978	881421	696590	1134793	872668	986559	1189913	1111597	1126708	1516274	1556975	1719110	1852533	2659812	2770501	4376788	9323009	27147771	3064294	0	0	0	0.5795
10	17658621	16800579	16137098	19592125	136897	136897	0	0	0	83331	151007	167824	169767	197784	194886	322256	394195	319014	457292	517549	410226	722304	425116	764736	690921	722042	891687	708901	1125655	883728	991068	1190902	1107637	1147627	1508025	1559725	1732391	1879878	2639047	2801850	4389604	9220159	26449007	3251282	0	0	0	0.8438
11	17764333	16707192	16116094	19654436	83265	83265	0	0	0	77381	144380	165699	169006	198511	193168	324331	400200	310775	469561	525125	408252	734698	411998	780383	695271	725732	897413	708168	1142340	887492	988819	1196163	1117993	1132394	1515568	1560209	1724640	1861145	2649424	2777501	4366485	9239091	26596444	3146295	0	0	0	0.7622
12	17631758	16861048	16107692	19467211	257611	257611	0	0	0	82568	155346	177339	177865	207664	200746	333860	410688	317250	479532	533231	413043	744885	417891	786829	704176	727676	900437	707993	1145278	892313	985011	1198984	1121889	1129510	1513167	1556229	1720373	1857246	2639086	2778354	4349134	9202634	26360227	3139255	0	0	0	1.0334
13	17738194	16765572	16146929	19331831	342794	342794	0	0	0	88182	163519	186853	187592	219151	209561	341666	420285	320245	487140	538902	416842	746171	418231	787934	705745	724808	900946	705425	1141609	891542	980698	1198244	1119653	1127369	1510235	1551796	1721191	1862242	2636649	2786483	4368865	9197054	26122875	3196823	0	0	0	1.1752
14	17748780	16773957	16190561	19516774	95248	95248	0	0	0	90420	165729	185458	185974	216619	209482	343762	417699	328773	484040	538544	424675	745454	432708	789671	710548	732373	909375	716977	1141064	899654	994637	1202410	1127105	1144705	1517780	1560063	1735845	1881568	2644242	2808947	4391473	9204974	26080982	3266342	0	0	0	0.8259
15	17672819	16931543	16258900	19459787	2271	2271	0	0	0	90584	166721	186385	186493	215053	209195	342439	417167	328086	484004	537464	425331	739061	433195	786087	713544	724178	907182	715198	1135816	905875	988221	1201890	1127770	1144816	1518171	1561879	1743972	1891104	2641874	2824439	4408228	9219121	26053809	3348697	0	0	0	0.6936
16	17693596	16861319	16287724	19313133	169548	169548	0	0	0	123983	233719	259183	256301	293847	280656	337075	407233	324582	471700	527495	419777	725381	432389	772581	703456	717703	896979	710389	1122276	898531	983205	1191904	1119219	1139944	1512533	1551254	1731706	1886026	2626740	2811921	4388678	9166708	25780997	3349701	0	0	0	1.0513
17	17707246	16853492	16329756	19395518	39308	39308	0	0	0	124254	234506	261853	259462	297192	280988	340173	413119	323524	477103	530045	420073	727740	429201	773803	705479	714266	894810	708573	1123032	901346	976534	1193598	1125137	1134577	1510665	1554175	1734919	1882310	2630946	2819590	4400983	9177407	25834396	3370233	0	0	0	0.8708
18	17513887	17063186	16310420	19360251	77576	77576	0	0	0	150369	261955	283035	274058	310393	290630	349340	420811	331248	487630	538194	428279	736088	438384	783202	714045	717973	902911	714010	1127594	908572	978354	1195438	1126734	1135365	1512234	1552344	1733110	1885683	2622483	2818979	4384717	9147871	25600053	3385658	0	0	0	0.9743
19	17555506	17006998	16444165	19261146	57505	57505	0	0	0	151392	274143	292761	283008	318465	298982	357290	430180	338578	490140	542878	433921	737374	446629	784775	720813	720763	907260	717847	1124401	915234	981124	1199466	1130331	1143088	1514561	1555990	1739744	1897015	2622933	2825291	4389437	9127813	25430680	3423508	0	0	0	0.9653
20	17626500	16895875	16392035	19327650	83260	83260	0	0	0	137356	260182	282006	276066	311262	294491	353245	422854	336812	486093	536815	433650	728508	449239	776808	716780	718548	901766	719562	1116685	913803	984188	1195690	1131911	1147107	1511648	1556568	1742289	1900035	2619221	2834670	4399149	9120822	25438548	3487683	0	0	0	0.9767
21	17546729	17066469	16435346	19271526	5250	5250	0	0	0	161874	288886	307728	295193	328714	305596	366861	438583	344436	498272	548929	439551	738731	450515	787386	724777	719514	908139	720862	1121687	923131	982335	1201389	1138273	1147638	1518458	1563283	1748260	1908708	2623729	2846490	4415502	9109056	25194503	3503081	0	0	0	0.9203
22	17459111	16958314	16457643	19053575	396677	396677	0	0	0	194373	332594	339714	319352	349616	322907	380334	451095	355384	507293	557108	449344	744792	460500	790458	728813	724388	910094	725550	1120615	922882	985397	1199304	1135055	1151231	1510631	1552831	1739978	1903731	2605483	2832706	4381453	9012301	24742888	3488448	0	0	0	1.5474
23	17641210	16912340	16490324	19224122	57324	57324	0	0	0	157007	296917	315728	305197	338371	318454	376719	446375	357055	505707	556968	451538	745031	466487	794601	732921	728471	915761	731431	1124028	928226	992848	1204226	1143595	1162206	1522584	1564002	1756649	1921298	2625268	2857104	4416046	9071858	24896835	3540484	0	0	0	1.0117
24	17504382	17092193	16506714	19175971	46060	46060	0	0	0	165777	303090	320324	307775	341099	317528	378000	446788	354916	506958	558023	449026	743250	463507	790218	735472	720382	914365	727368	1120929	931337	984893	1204380	1144292	1154452	1519452	1559439	1754590	1920706	2621049	2856480	4412726	9077582	24887042	3586045	0	0	0	1.0059
25	17556019	17039169	16596420	19042452	91260	91260	0	0	0	183395	332555	344941	327325	359327	331493	392330	463229	364883	521963	569599	458847	755511	470198	801257	745301	723559	923348	730392	1125485	940982	987515	1208433	1149996	1153742	1518457	1565664	1757410	1923857	2613905	2864115	4408523	9024272	24618197	3574054	0	0	0	1.1225
26	17574137	16972528	16581687	19149685	47283	47283	0	0	0	185459	338316	349488	332354	362535	338127	396992	464347	373601	523140	572881	469291	755661	484161	804147	746908	732663	925339	743679	1125616	944793	1004111	1212688	1151108	1174537	1526237	1570070	1769645	1936398	2620623	2872414	4416791	9007159	24447342	3599416	0	0	0	1.0720
27	17448096	17119699	16564638	19124892	67995	67995	0	0	0	184469	345004	356845	339450	370262	344180	403641	472617	379097	527339	578251	471187	757056	486534	806806	750156	735083	928383	743905	1125327	946260	999234	1214663	1155281	1175569	1526799	1572060	1768259	1941771	2617528	2877635	4419086	8996452	24313404	3627732	0	0	0	1.1147
28	17520878	17092574	16641523	19008765	61580	61580	0	0	0	178364	345817	360365	341963	373824	347392	408269	477466	380667	532492	581795	472733	763715	486262	809169	752788	734550	930141	743431	1126776	947519	1000026	1211023	1152925	1167951	1524441	1566280	1763547	1935501	2614298	2862803	4406398	8987281	24361033	3614735	0	0	0	1.1081
29	17520493	17015222	16628494	19108261	52850	52850	0	0	0	200106	373682	381701	360272	388885	362024	419587	485885	394034	539844	589280	485107	765093	501760	812554	760138	740779	935427	755450	1126096	957568	1010236	1218360	1162709	1186444	1536220	1574738	1779176	1958415	2620049	2890201	4430424	8941685	23987060	3641481	0	0	0	1.1458
30	17463806	17145011	16613574	19052664	50265	50265	0	0	0	197683	378401	388492	366322	395534	367744	424128	491341	395889	543177	592737	488698	767707	504458	815011	762496	742258	935026	756410	1127911	957291	1006167	1217432	1163398	1188839	1531547	1573781	1778243	1957129	2611227	2884740	4421035	8941447	23946198	3655158	0	0	0	1.1518
31	17505078	17143441	16721572	18947816	7413	7413	0	0	0	215241	397718	403240	378639	404980	374533	433168	501224	403565	551083	599196	493680	775130	510915	821214	768863	746808	942538	762379	1130718	963272	1014216	1222359	1166238	1191251	1534760	1577737	1784249	1961349	2618513	2896458	4428673	8922959	23752634	3668407	0	0	0	1.1268
32	17544474	17050066	16679581	19043327	7872	7872	0	0	0	202621	397598	407948	383267	409891	374558	439054	505340	400031	557145	603630	492033	778456	503963	826225	773038	741079	943134	755411	1132523	967587	1004336	1222451	1172006	1180960	1535964	1577559	1779726	1962137	2615382	2896486	4422492	8911912	23751741	3689764	0	0	0	1.1259
33	17416264	17177354	16701011	18962887	67804	67804	0	0	0	233903	442129	445497	411419	435479	399206	457442	524476	421149	570498	615937	512448	787214	527824	832115	781419	755974	950704	774812	1135064	979962	1022753	1229126	1177329	1206533	1545067	1585955	1796129	1982262	2615965	2910167	4427860	8839827	23267731	3656141	0	0	0	1.2916
34	17433423	17084447	16712205	18775289	319956	319956	0	0	0	217747	427426	435489	407693	436068	394902	457797	528318	412862	572578	620444	502945	789237	513323	834110	780133	743738	949113	760808	1133963	975382	1004956	1224339	1170604	1187468	1535157	1576861	1782689	1967059	2606305	2904920	4425452	8813187	23274569	3637722	0	0	0	1.6279
35	17443157	17118348	16774854	18970764	18197	18197	0	0	0	257208	477999	482705	440997	465053	415909	480444	550321	428862	591393	635717	516920	804476	526196	847982	794310	752268	957312	772052	1140336	988645	1012369	1232773	1182835	1196602	1547407	1585285	1793941	1981982	2615264	2914551	4425387	8800291	23045476	3645855	0	0	0	1.2925
36	17363064	17222462	16757960	18927647	54187	54187	0	0	0	256738	480533	480618	440666	465652	415778	481010	547414	430270	589203	634721	518596	799202	529758	844542	791420	752233	957725	773919	1137767	986288	1015224	1231440	1182053	1199264	1542146	1584118	1794508	1980282	2609269	2911020	4418453	8790968	23024779	3673556	0	0	0	1.3434
37	17429578	17208666	16832577	18796019	58480	58480	0	0	0	263879	497152	500041	456731	479668	427227	492836	561931	437678	600967	644708	525467	811011	535767	852060	800246	755291	962261	777247	1137843	992921	1015296	1235424	1187032	1198229	1546643	1585860	1795843	1985323	2611434	2913344	4414633	8752830	22848765	3663252	0	0	0	1.3844
38	17361339	17097398	16754583	18877475	234525	234525	0	0	0	263199	504532	501948	461013	480084	431248	492782	559297	445367	597831	643713	531573	806277	545351	849624	799998	764353	963303	787010	1138353	996597	1027578	1238530	1191351	1218116	1552442	1592061	1806483	2000974	2610626	2927909	4423588	8710199	22558671	3668814	0	0	0	1.6412
39	17336243	17217599	16796192	18873194	102092	102092	0	0	0	264236	510311	511750	466632	487340	436278	500120	565998	447564	605391	648888	534884	811143	545267	854670	805638	760878	964543	784070	1141558	999755	1023751	1240531	1193116	1209189	1553252	1592353	1806210	1995351	2613271	2929499	4424484	8725946	22598803	3670558	0	0	0	1.4670
40	17397050	17212289	16858021	18803321	54639	54639	0	0	0	282719	543507	541688	488981	506688	452329	513468	580481	461038	616393	659580	548801	821542	558918	862963	815818	773228	972953	797140	1148606	1010434	1033675	1244944	1203841	1226904	1558602	1598532	1816482	2011714	2612721	2937006	4419970	8667930	22312407	3668678	0	0	0	1.4577
41	17364754	17141896	16829075	18879664	109931	109931	0	0	0	283327	550383	544885	493431	509460	456284	518439	582147	463909	616895	661031	551276	818862	562907	861855	814502	771313	973218	799348	1143547	1011225	1036588	1243044	1198317	1226323	1557171	1597324	1809691	2010007	2606192	2928404	4412416	8652569	22273002	3676097	0	0	0	1.5447
42	17317930	17249780	16825020	18848340	84250	84250	0	0	0	286900	569821	566543	512668	528323	469884	533051	599739	473022	631445	673796	557276	832032	567317	874681	825121	776914	983741	802542	1153701	1020293	1036524	1250420	1209557	1226606	1564934	1601479	1817200	2015775	2613840	2936830	4421168	8619396	22039318	3649213	0	0	0	1.5472
43	17319757	17250833	16908844	18781770	64116	64116	0	0	0	303360	590475	583216	522742	535757	476421	539649	601303	480266	632129	676465	564096	831548	576499	874872	828997	780085	983804	810650	1150826	1025181	1044864	1252691	1213942	1233553	1566490	1603985	1824219	2024489	2614403	2942452	4412259	8594692	21893232	3671592	0	0	0	1.5516
44	17287596	17168852	16863054	18862507	143311	143311	0	0	0	305402	596062	586927	526931	540385	479377	542063	605452	478011	635473	678818	563461	831967	575430	873934	829092	777279	981210	808427	1147838	1025007	1037757	1250115	1213733	1232264	1564607	1601655	1822993	2021335	2608537	2940524	4414890	8574566	21823968	3686519	0	0	0	1.6727
45	17221024	17279576	16853631	18812540	158549	158549	0	0	0	307886	609846	601884	536202	548794	485082	550278	611811	483921	641408	683580	566706	835789	576782	876575	830924	776853	985072	807859	1150109	1027355	1035900	1252154	1213450	1227762	1561806	1599723	1817620	2016795	2599125	2928346	4393307	8546253	21777208	3702606	0	0	0	1.7164
46	17226526	17298019	16927047	18756867	116861	116861	0	0	0	321468	629989	615819	549326	556604	494806	556584	616691	494353	645326	688259	578814	837299	590094	881397	836328	787742	988903	822582	1151439	1035262	1049210	1258589	1222716	1248180	1572097	1611919	1833762	2038912	2607366	2945994	4409745	8521614	21517133	3692137	0	0	0	1.6907
47	17287002	17227683	16930587	18840050	39998	39998	0	0	0	312210	631553	619428	553903	565354	500208	563503	626845	497700	653809	695023	580107	846370	590475	887805	844917	787984	995855	821630	1157871	1037893	1047273	1258203	1224694	1242930	1573423	1607586	1832711	2040072	2609463	2950872	4410260	8518711	21512411	3686270	0	0	0	1.5866
48	17123989	17353144	16940309	18795940	111938	111938	0	0	0	340395	682593	670647	593163	600223	525533	590778	652224	514653	676503	718188	599771	866276	605714	907578	862300	801606	1010567	837878	1172163	1059153	1058431	1276173	1242538	1256007	1589813	1629125	1849513	2056215	2621575	2970946	4406914	8410654	20980525	3577047	0	0	0	1.7844
49	17253461	17331217	16996789	18685906	57947	57947	0	0	0	344004	695092	679038	602188	607963	533827	595990	655944	521979	679345	720603	606205	869052	611790	909172	861975	805442	1013015	840228	1171899	1059967	1064848	1275526	1241027	1261550	1586924	1626647	1848939	2055232	2616211	2966085	4403330	8409638	20932993	3593705	0	0	0	1.7270
50	17192255	17259807	16982786	18780819	109653	109653	0	0	0	369603	750126	738900	651000	653962	566870	638581	703576	547491	721192	763122	627298	913154	631440	949306	895775	823444	1046540	857982	1205620	1094601	1080234	1308788	1279459	1281914	1620249	1664188	1884137	2096800	2650001	3007059	4419779	8244585	19968117	3560774	0	0	0	1.9164
