#Name	E:\SaveData\2016-10-13_11_11_05_1001160120_R0057_A_CL100007973_BGI12297_WESPE_result\\CL100007973\L01\CL100007973_L01_18_1.fq
#PhredQual	33
#ReadNum	59814385
#row_readLen	50
#col	48
#BaseNum	2990719250
#N_Count	7381785	0.246823
#GC%	44.29
#Q10%	99.13
#Q20%	96.85
#Q30%	89.04
#EstErr%	0.515817
#Pos	A	C	G	T	N	0	1	2	3	4	5	6	7	8	9	10	11	12	13	14	15	16	17	18	19	20	21	22	23	24	25	26	27	28	29	30	31	32	33	34	35	36	37	38	39	40	41	Err%
1	20488360	13607018	13421769	12294731	2507	2507	0	0	0	906	16459	28952	26417	26094	25243	27314	28696	27766	32337	36479	37745	49860	51186	59602	70319	118899	142451	157081	195688	260153	302799	357814	469804	466938	672006	701589	848465	816407	851549	720535	1342437	4740486	40941614	5159788	0	0	0	0.1103
2	17628428	10965270	14396597	16794830	29260	29260	0	0	0	916	14718	23662	22171	22651	23355	25553	27830	28623	34768	39786	44036	59868	60778	70341	91298	144453	175208	192041	238991	303558	344033	396209	480744	474450	649368	682493	824736	869018	1026630	983953	1808647	5781964	38735918	5082357	0	0	0	0.1536
3	16843441	13445964	12213672	17278602	32706	32706	0	0	0	1596	12950	19109	18150	18695	19111	21310	23420	24617	29963	34469	39779	53809	56425	64840	87440	140850	172935	189400	236050	302853	341591	392668	479540	473407	649266	683879	827199	869489	1033549	988284	1810005	5827797	38744117	5093117	0	0	0	0.1502
4	17205150	13107498	12540416	16801778	159543	159543	0	0	0	735	10941	16282	16022	16213	16969	19382	21735	22940	28943	33239	39178	53949	56260	64578	90583	144706	176899	195226	245446	310453	349634	401252	488234	479067	660018	692886	837055	884150	1065032	1018914	1862635	5977467	38465422	4892397	0	0	0	0.3572
5	17074253	12831973	13216553	16642577	49029	49029	0	0	0	3347	12591	17472	16502	17209	17986	20500	23344	24756	31325	36072	42517	58267	60429	69156	96906	152581	186422	203833	255969	319218	358321	412746	494201	490032	670135	708547	855754	917278	1127617	1103343	2003376	6228128	37890024	4839452	0	0	0	0.1788
6	16859595	13074445	12942990	16874217	63138	63138	0	0	0	1682	11605	16759	16136	16901	17865	20422	23302	24768	31592	36178	42679	60046	61192	70232	99279	154529	190819	206851	259735	322067	361756	417661	497083	494232	673957	712857	861640	928032	1154202	1133840	2065177	6347136	37659916	4759119	0	0	0	0.2007
7	17201530	12758153	13307705	16417551	129446	129446	0	0	0	2268	12883	17459	17048	17436	18319	21138	23674	25461	32695	37398	43975	61956	62512	73167	102803	157388	194126	208837	264631	324274	365471	420514	498925	495639	675354	716172	865807	935560	1177498	1158820	2108194	6436634	37424971	4685932	0	0	0	0.3145
8	16734304	13255972	12557762	17250905	15442	15442	0	0	0	487	10741	16102	15748	16825	17710	20383	23307	25111	32864	37872	44906	62782	63307	73981	104991	161120	198549	213608	270347	329909	370283	426407	501433	498946	678537	717128	870853	945141	1202884	1193855	2174272	6565981	37228859	4683714	0	0	0	0.1207
9	16575623	13043941	12713171	17290683	190967	190967	0	0	0	674	10929	15759	15298	16201	17675	20488	23585	24912	33096	37541	44966	63354	64082	74321	105977	161146	200018	213018	271959	327751	369045	426164	498014	499442	678009	720539	874913	960043	1230166	1227938	2231691	6658720	36808400	4697584	0	0	0	0.4140
10	16880197	12976489	12969405	16886986	101308	101308	0	0	0	1301	12242	16795	16643	17138	18184	21264	24598	25941	34259	39290	46232	66519	65952	77271	109493	166015	205344	217456	278631	333232	375611	431736	503549	503228	683167	727237	880820	966708	1250747	1245444	2264978	6734972	36719423	4631657	0	0	0	0.2679
11	16912804	12936230	12980882	16832025	152444	152444	0	0	0	2036	13900	18404	17643	18211	19450	22874	26373	27671	36361	41907	48431	69617	68332	81278	114203	170162	210712	221353	285075	337599	379612	436480	505605	506770	687138	730044	886360	975858	1275116	1273993	2312661	6824020	36412795	4603897	0	0	0	0.3582
12	16889062	13099416	13003980	16749359	72568	72568	0	0	0	1626	13740	17600	17486	18567	19998	23322	26838	27926	37695	42862	50130	71879	69753	83537	117543	175381	216131	226609	294090	343505	386469	444992	511584	511965	695094	738028	893278	982513	1288900	1283804	2331680	6887046	36368680	4521566	0	0	0	0.2254
13	16932106	13047384	13033346	16696926	104623	104623	0	0	0	3796	15039	20318	19727	21025	22248	26065	30193	31016	41728	47394	53602	78675	73742	90266	123919	180758	222568	230198	300946	343814	389884	448787	511416	515786	696255	741354	897601	994368	1313647	1323524	2397704	6981956	35967833	4552610	0	0	0	0.2872
14	16881858	13069383	13043758	16744367	75019	75019	0	0	0	2805	14177	19211	18572	20686	21558	25836	30329	30874	41926	48045	54124	79883	74894	92343	125234	182462	225437	231567	304269	345774	390697	452021	511456	517417	698368	742635	900545	1002585	1334010	1348184	2442099	7074418	35775714	4559211	0	0	0	0.2359
15	16832434	13166466	13073560	16674394	67531	67531	0	0	0	2987	17750	22714	22126	23689	25013	29034	33063	33759	45431	52092	57123	84725	78083	97039	131327	188346	232944	237516	313396	351584	398168	458558	515401	524253	704268	750354	908460	1009713	1353140	1366619	2471860	7127901	35573919	4504499	0	0	0	0.2326
16	16796883	13104198	13083306	16624296	205702	205702	0	0	0	4058	23859	31076	30944	32862	34116	39842	45656	45338	59915	68138	72222	107622	96336	123007	154566	186219	230422	235334	309550	347338	394568	455534	509692	517448	698051	744912	903660	1008509	1359836	1379578	2496916	7169885	35221719	4469955	0	0	0	0.4885
17	16790629	13111973	13169557	16622454	119772	119772	0	0	0	5822	28623	36132	34920	36845	38128	43704	50093	49692	65274	73852	77607	113732	100723	129548	161119	192480	237902	239175	317523	352139	399062	460055	512666	524739	701930	749985	909074	1023581	1382073	1413972	2551605	7266765	34922224	4491849	0	0	0	0.3579
18	16671712	13226481	13124869	16558699	232624	232624	0	0	0	7472	31912	40129	38398	39930	41126	47677	53550	52303	68767	77816	80996	120103	103892	134902	165943	199207	244949	245177	326792	357194	406023	468231	515847	526835	707347	752684	909795	1019834	1392172	1411667	2555396	7288044	34756779	4392872	0	0	0	0.5569
19	16740798	13220192	13232357	16575062	45976	45976	0	0	0	6022	29245	39067	38678	41303	42842	49482	56727	55691	72754	82550	84824	124957	108825	141726	172406	203820	251342	250041	333561	361122	411467	474749	518142	535665	716288	765801	928101	1046335	1430695	1470621	2651322	7428249	34376092	4467897	0	0	0	0.2460
20	16745633	13164084	13209347	16545128	150193	150193	0	0	0	7752	30658	39259	38256	41513	42805	49603	57204	55842	73352	84102	85877	128906	110352	144968	175603	208233	257746	253837	343483	366414	416651	480346	522668	538581	720894	768175	926215	1041434	1436162	1474456	2657516	7451092	34238367	4395870	0	0	0	0.4231
21	16723558	13261602	13247897	16532472	48856	48856	0	0	0	7541	30643	39678	39417	42861	44194	51046	59196	57535	75461	85910	88117	132039	111840	148330	178704	212208	262272	256533	346554	367245	420726	484085	524226	544927	725390	775586	934446	1054172	1459884	1503117	2696656	7524474	34094988	4385528	0	0	0	0.2566
22	16711233	13198558	13271820	16423973	208801	208801	0	0	0	9995	36374	45351	44667	48348	48987	56958	65217	63242	82576	94484	94377	141717	118728	157701	187664	219679	269764	263817	356254	373788	426829	492995	528979	554454	734736	787561	948539	1077638	1490631	1543757	2759676	7592379	33516301	4371421	0	0	0	0.5407
23	16759711	13175220	13272799	16427309	179346	179346	0	0	0	10731	36187	45302	44832	48582	50064	58309	67090	63536	84286	96640	95687	146485	119638	162384	191899	224655	277084	268102	365112	378105	432239	500489	534916	556025	742071	792674	952033	1075958	1501400	1550110	2770139	7637506	33434934	4319835	0	0	0	0.4939
24	16700699	13291729	13297362	16417479	107116	107116	0	0	0	17131	41346	49827	48341	53154	54259	62681	72342	68903	90158	102868	101385	154226	126492	171558	199818	231889	285358	274248	373895	384913	441319	509295	540171	567186	751623	805868	969132	1102355	1532949	1596797	2839261	7721190	33014517	4350814	0	0	0	0.3901
25	16766488	13275721	13348961	16367943	55272	55272	0	0	0	13519	42300	52868	51872	56418	57591	65789	77219	72475	95339	107800	105500	161248	130392	178481	206338	237948	293937	280139	384543	390889	447418	517948	546862	572807	759040	812469	974954	1106667	1547823	1610234	2864112	7766455	32848402	4321317	0	0	0	0.3094
26	16757078	13235004	13356831	16394567	70905	70905	0	0	0	14839	44779	55586	54372	59105	60289	69625	80629	75505	99002	113301	110222	167300	135632	184840	212563	244517	301458	284724	393264	396487	453863	525748	551228	583376	769482	823008	989900	1124208	1574781	1648250	2911212	7824621	32479881	4325883	0	0	0	0.3446
27	16667346	13351328	13352999	16404059	38653	38653	0	0	0	17535	49003	60020	58628	63978	64724	74376	86372	80731	106112	120542	115343	177223	140949	195062	220868	252002	311850	292758	404396	402233	461913	535761	559924	592442	780585	834331	997640	1137694	1598818	1677604	2957982	7886100	32139134	4321099	0	0	0	0.3053
28	16689891	13294159	13361477	16289838	179020	179020	0	0	0	19384	51984	63057	61855	67161	68608	78684	91070	84876	110631	125408	120015	183065	146952	201606	227529	258810	319441	298860	412810	408182	468146	542292	562025	599993	785466	844721	1011336	1151686	1615626	1713374	3005396	7935936	31656527	4342853	0	0	0	0.5508
29	16677515	13203990	13349781	16322417	260682	260682	0	0	0	20426	54459	65403	64054	70184	70694	81223	94653	87386	115143	130078	124288	190678	148943	208143	233689	265462	326777	302281	422688	413312	474579	549744	567685	604203	793604	849499	1011603	1152807	1622526	1713458	3011190	7936362	31492581	4283898	0	0	0	0.6955
30	16648532	13291546	13351103	16302285	220919	220919	0	0	0	27336	65519	75474	72688	78109	77541	89216	101715	93357	122115	137654	129257	198943	154579	217153	240586	272182	335835	309727	429443	420633	482084	559814	576003	614721	804908	861816	1027928	1175788	1651612	1747179	3049898	7982781	31153665	4256207	0	0	0	0.6559
31	16741796	13303528	13480486	16286176	2399	2399	0	0	0	25272	62001	74173	72559	79305	79185	90822	105061	96218	126780	142812	133593	206871	159724	226109	249006	280871	344689	317659	444336	427370	491914	569445	582061	623003	816632	874303	1041335	1185105	1673401	1771049	3089801	8047869	31041175	4260477	0	0	0	0.2910
32	16707987	13242843	13418854	16272003	172698	172698	0	0	0	29340	69494	79903	77878	84079	83987	96418	111657	102143	133414	150762	140775	214781	167922	235276	257291	287934	354825	324955	453326	434468	500323	579208	589825	635761	827100	886715	1057935	1207138	1699590	1818807	3151147	8100011	30410598	4286901	0	0	0	0.5944
33	16659865	13331754	13425999	16252610	144157	144157	0	0	0	29342	67587	79200	76816	84483	85020	97710	113442	103313	136139	153937	142716	220538	169163	239913	261275	292307	358855	328174	460591	438098	504096	584347	593448	642047	834752	893025	1063667	1211739	1708763	1829693	3167219	8120772	30280807	4297234	0	0	0	0.5473
34	16672539	13301581	13467761	16181855	190649	190649	0	0	0	32171	72341	83429	82038	88871	89859	103133	119089	108530	141580	160372	148750	229512	175204	249174	269763	299520	369430	334867	471244	445463	512064	595103	601033	651011	842836	903327	1075174	1227232	1729808	1851384	3195002	8153907	29951465	4260050	0	0	0	0.6401
35	16652888	13316280	13469652	16248310	127255	127255	0	0	0	34507	77278	89519	87347	95133	94785	108242	125434	114689	148658	167839	155185	236274	181303	257535	277278	306150	377335	341816	479474	451581	519971	604314	609167	660921	854441	917579	1089605	1243422	1751899	1877805	3225091	8189546	29676288	4259719	0	0	0	0.5506
36	16630736	13372340	13464954	16237079	109276	109276	0	0	0	37977	84782	96401	94066	102188	101532	115877	133474	120937	157575	176584	163299	248381	189527	268848	287513	316655	389929	351643	494169	463664	533498	615791	619438	674356	870395	931709	1108201	1264514	1776083	1908865	3270180	8216853	29268830	4251375	0	0	0	0.5422
37	16619237	13327273	13491115	16126594	250166	250166	0	0	0	40483	88225	100021	97031	105924	105364	119357	138339	124486	162631	182284	166785	256031	193767	277080	295112	322251	397611	355733	501347	467532	537409	622314	623668	677722	874526	937325	1108847	1266596	1782597	1915620	3275086	8214702	28998155	4232258	0	0	0	0.7893
38	16577189	13295676	13449167	16154538	337815	337815	0	0	0	44659	95617	107329	103685	112337	111483	126999	146256	132330	170268	191106	175360	264694	203535	287778	304857	330426	408760	366105	512994	478918	549118	636073	635346	696946	891362	954702	1130932	1294989	1810222	1961285	3325764	8243068	28418586	4252681	0	0	0	0.9576
39	16565488	13363590	13468862	16176936	239509	239509	0	0	0	47506	99340	110491	107880	117935	115752	132252	151881	136868	176500	198316	179770	275626	207174	295804	312329	338609	417062	372845	524655	486243	556509	646537	640979	703092	900146	961826	1140622	1299174	1823015	1972523	3345328	8270748	28273856	4235683	0	0	0	0.8071
40	16619220	13351449	13549042	16122250	172424	172424	0	0	0	49438	101984	113991	110212	119314	117833	135059	155402	139696	182123	203169	183887	281556	211592	303933	318791	344492	426357	377317	534214	492086	562921	655379	648749	711200	911415	972655	1152115	1309349	1840812	1994678	3373197	8299660	28066124	4241261	0	0	0	0.7042
41	16602730	13312492	13540436	16146231	212496	212496	0	0	0	52601	107742	118542	115168	124014	123060	140806	162057	144090	187389	210193	190091	289137	218151	312727	325973	351554	434547	383635	542851	498926	571101	663919	655260	720543	919662	984081	1161249	1321198	1851425	2010702	3388469	8305876	27791649	4223501	0	0	0	0.7873
42	16550928	13391703	13500425	16143611	227718	227718	0	0	0	57612	116287	126604	122537	133654	130982	148389	170211	152268	195854	218195	198782	299569	227980	324684	335918	360294	445038	395556	555339	509078	582437	677245	666231	735832	936745	999990	1180887	1348604	1876830	2049573	3430427	8322556	27317949	4236530	0	0	0	0.8377
43	16583968	13375511	13573328	16135401	146177	146177	0	0	0	63900	126707	136349	130979	141892	139301	157558	179400	160966	205250	229707	207868	310341	238571	335575	348754	370413	457026	405805	567794	522594	594218	690126	681764	754022	951310	1016415	1202986	1372687	1904777	2078370	3464664	8340570	26945712	4233837	0	0	0	0.7299
44	16557734	13356401	13548164	16162418	189668	189668	0	0	0	64427	127003	137631	132427	143647	139891	159604	182574	161054	208773	231954	208394	317199	235269	341804	349423	373921	459675	404077	575306	518777	594332	691381	679104	745834	951314	1012744	1193281	1355806	1896674	2058804	3443779	8325998	26993190	4209646	0	0	0	0.8063
45	16447803	13378522	13476712	16048072	463276	463276	0	0	0	75841	143277	149889	142172	151603	146367	166060	188558	167039	213608	237607	213355	322425	241844	347647	356743	379150	467300	410255	579936	526012	599388	697497	683169	755134	956474	1020753	1201229	1368076	1903803	2076014	3455036	8299634	26512964	4195250	0	0	0	1.2965
46	16498801	13371410	13558452	16021586	364136	364136	0	0	0	77892	147920	155325	147012	157506	153493	172369	197987	175042	223965	248555	224180	333372	252940	358788	367865	389181	481396	421928	592504	537844	612876	711437	698688	772633	972662	1037159	1220197	1388373	1926204	2107333	3491056	8323066	26161256	4210245	0	0	0	1.1491
47	16534524	13386484	13597034	16114192	182151	182151	0	0	0	78819	152197	160964	153065	165069	160388	182127	206998	183042	233984	259728	232799	347998	262065	372883	378951	400502	493381	432044	609152	550138	626114	725948	708935	785165	994103	1054059	1238686	1408774	1944009	2133542	3524243	8346997	25916146	4209219	0	0	0	0.8638
48	16489605	13466246	13594858	16120453	143223	143223	0	0	0	82271	158105	167260	159716	171627	166894	188527	214373	189720	241297	267413	239904	357646	269580	384664	389229	410577	504756	439958	621259	559859	634098	738706	719503	794534	1001984	1066692	1248190	1420703	1958240	2156140	3551076	8348386	25638564	4209711	0	0	0	0.8183
49	16551074	13421529	13617585	16018723	205474	205474	0	0	0	88590	168585	175648	167557	179426	174430	196395	222675	197157	250415	275972	246958	365685	277348	392930	400594	416926	513780	449321	630173	569276	644708	747286	729028	807383	1014086	1074444	1263749	1434318	1974262	2169810	3559887	8342010	25304299	4183800	0	0	0	0.9485
50	16570054	13389825	13648852	16073904	131750	131750	0	0	0	100100	196760	209627	196925	209494	197595	223416	254487	216075	281886	310302	269822	407762	293183	434048	428591	443101	545548	470268	668447	595583	664220	779746	759082	826894	1047597	1107921	1293564	1466293	2009443	2230873	3635954	8276060	24249891	4382077	0	0	0	0.9075
