#Name	E:\SaveData\2016-10-13_11_11_05_1001160120_R0057_A_CL100007973_BGI12297_WESPE_result\\CL100007973\L01\CL100007973_L01_24_2.fq
#PhredQual	33
#ReadNum	96632216
#row_readLen	50
#col	48
#BaseNum	4831610800
#N_Count	6345722	0.131338
#GC%	45.81
#Q10%	97.67
#Q20%	91.14
#Q30%	78.09
#EstErr%	0.957304
#Pos	A	C	G	T	N	0	1	2	3	4	5	6	7	8	9	10	11	12	13	14	15	16	17	18	19	20	21	22	23	24	25	26	27	28	29	30	31	32	33	34	35	36	37	38	39	40	41	Err%
1	30209658	24134545	22069759	20099873	118381	118381	0	0	0	9096	35762	48777	55013	71637	84816	176999	228281	199369	320228	366577	322475	600253	345122	658943	620054	736900	860938	743899	1185130	927207	1117563	1315623	1273304	1313579	1793204	1865252	2106395	2299224	3479343	3368011	5569164	13859481	43708920	4847296	0	0	0	0.3861
2	26207805	19471451	22948395	27889835	114730	114730	0	0	0	28758	76930	104591	115351	146805	150510	268996	348407	267658	437480	486705	392704	742741	399668	794091	710963	820217	962652	808827	1295956	992402	1190231	1394565	1331558	1377592	1857404	1923184	2159803	2344889	3548410	3415481	5590161	13890720	41554187	4586889	0	0	0	0.5006
3	25070503	23085201	19806205	28614728	55579	55579	0	0	0	49007	101161	129181	135835	168758	163974	292384	374683	279277	463271	512578	404630	772568	407269	823746	738667	824242	987259	812052	1317038	1017850	1178168	1409843	1348190	1355827	1862382	1919509	2149582	2327173	3535264	3407223	5548659	13859655	41404465	4495267	0	0	0	0.4819
4	25683598	22574912	20328855	28043099	1752	1752	0	0	0	59827	113937	141295	147626	179354	174322	302590	385269	290152	470237	521831	411665	772851	418980	828260	745550	819621	990899	810056	1306742	1022923	1167790	1406413	1346214	1351317	1848712	1909092	2142336	2328114	3492401	3428765	5563434	13851375	41092527	4787987	0	0	0	0.4474
5	25556323	22006312	21277139	27676611	115831	115831	0	0	0	68368	133636	154072	157877	187129	185847	313153	391408	312755	472862	530866	428799	770113	445936	824600	748381	821738	992043	818287	1292043	1021508	1179079	1402397	1332141	1378744	1837484	1907054	2146418	2352484	3475076	3469239	5613195	13790419	40288500	5272734	0	0	0	0.5882
6	25042314	22488119	21047175	28049355	5253	5253	0	0	0	76100	141876	164335	167160	195946	195292	320761	397143	319990	472754	534829	429217	766368	452083	818518	752433	815596	994035	814469	1282257	1021427	1172744	1398402	1328304	1383642	1832585	1905848	2149957	2361527	3464334	3481667	5627690	13796120	40402404	5189150	0	0	0	0.4886
7	25708827	21847423	21755040	27194347	126579	126579	0	0	0	92554	163070	187309	189853	222593	215713	342373	422662	332135	495469	555250	439688	792214	452636	840282	758742	827706	1002485	816156	1297192	1022443	1175227	1404836	1329221	1371967	1831964	1899075	2137648	2340144	3447247	3454806	5596898	13754187	40107562	5186330	0	0	0	0.6544
8	24770004	22728146	20398140	28513158	222768	222768	0	0	0	75396	146731	168066	172411	202322	201211	331494	408955	330682	485985	545434	443903	776576	464598	828917	761570	817878	997491	822586	1280784	1030339	1172172	1397009	1326744	1385480	1825688	1895076	2146420	2364735	3431914	3508502	5655253	13764309	39550527	5692290	0	0	0	0.7241
9	24790208	22432868	20792797	28612687	3656	3656	0	0	0	65385	131048	155577	161223	192108	190078	320441	396774	315467	478830	537030	429724	774646	446657	828389	758092	814793	997819	811660	1289462	1028207	1161451	1400030	1335812	1360188	1831924	1896636	2136294	2338616	3449799	3462492	5609868	13827257	40446018	5248765	0	0	0	0.4746
10	25208967	22254416	21199021	27781278	188534	188534	0	0	0	68083	143221	165162	167996	198803	195828	333029	411109	329272	493040	551026	447182	778071	470467	837883	773231	814213	1003552	824541	1279133	1042997	1167539	1403803	1338725	1387591	1837019	1901133	2162225	2387519	3437772	3556996	5738096	13756587	38939282	6101556	0	0	0	0.6831
11	25280326	22224883	21222012	27789687	115308	115308	0	0	0	86122	164154	188119	190347	221755	216254	350928	432583	341897	508576	566645	451861	800772	468804	851578	779519	822505	1011651	823021	1292339	1041985	1167188	1408368	1342018	1372296	1830902	1899457	2144948	2354989	3430814	3490228	5622783	13745079	39626835	5469588	0	0	0	0.6457
12	25168550	22339027	21211368	27564902	348369	348369	0	0	0	92000	176477	199652	200436	231563	224640	362731	444874	348112	517375	576225	460349	806072	476137	859824	786508	828474	1020303	826256	1298534	1049936	1165932	1410210	1344428	1371179	1828795	1896159	2141080	2353947	3419298	3490957	5617539	13698166	39272764	5486915	0	0	0	0.9055
13	25299683	22198729	21231035	27424205	478564	478564	0	0	0	97271	184550	210464	210508	244999	234202	371288	452414	354810	524176	582362	464366	809085	478858	859816	787276	824656	1017843	827490	1290980	1050896	1164397	1408909	1339363	1376548	1826342	1896297	2145661	2364190	3409019	3525852	5661117	13686430	38782520	5688697	0	0	0	1.0561
14	25336636	22253140	21329197	27583645	129598	129598	0	0	0	99561	185596	208267	209157	241020	234614	372428	452222	361061	526015	584691	471908	809517	491306	864415	797879	831464	1028075	838211	1298362	1060082	1176685	1417169	1351544	1391379	1836562	1907973	2159896	2383984	3424551	3545394	5687026	13718381	38864081	5672142	0	0	0	0.6967
15	25299487	22421149	21408589	27500499	2492	2492	0	0	0	99746	186780	208169	207751	238238	232857	370486	448406	360673	521801	580926	472105	801237	495278	856756	797022	822441	1023966	835193	1288769	1063482	1171763	1413537	1348520	1394115	1838197	1908950	2171248	2401101	3416314	3576674	5724206	13724803	38740783	5887431	0	0	0	0.5633
16	25283024	22294172	21453849	27367424	233747	233747	0	0	0	133609	259445	287452	282756	321120	307536	368073	442176	358499	515471	573349	469545	791724	497201	846406	793082	816713	1017396	831087	1275911	1059916	1167486	1407510	1344862	1387135	1827604	1902001	2158728	2390510	3404611	3561371	5703657	13664854	38373615	5856058	0	0	0	0.8973
17	25340010	22311881	21530048	27395693	54584	54584	0	0	0	133610	260425	287395	284913	322539	307478	370144	445786	356552	518674	573084	467596	793903	488722	848075	793268	813048	1014610	827358	1275495	1061124	1159169	1407223	1348187	1380786	1830668	1899097	2157648	2389363	3408668	3571968	5726832	13682773	38468742	5902709	0	0	0	0.7132
18	25123943	22522213	21488038	27393800	104222	104222	0	0	0	165513	293808	315658	304596	340888	321160	385219	460619	367480	532548	588377	480454	807535	499910	863169	806567	821397	1027820	836802	1287613	1071913	1163842	1413132	1357559	1385260	1832380	1900193	2163600	2390282	3400595	3574851	5708502	13645732	38135001	5878019	0	0	0	0.8114
19	25148215	22472101	21630754	27303623	77523	77523	0	0	0	165208	304211	325881	315004	348833	329043	390683	466310	375910	535533	592860	487208	805868	511342	861575	810839	824570	1031672	843237	1282355	1078122	1171951	1417267	1359431	1398009	1837713	1907535	2171754	2414961	3403459	3594793	5726513	13633557	37843785	5987701	0	0	0	0.7967
20	25246256	22348716	21593979	27329350	113915	113915	0	0	0	149228	288191	311961	304070	341010	324167	385145	457952	373090	526514	583553	485309	796285	511606	852096	806529	818286	1025513	840207	1272224	1076724	1167768	1412489	1355570	1397524	1830907	1903987	2172015	2414038	3395057	3602521	5741045	13628647	37876895	6090178	0	0	0	0.8118
21	25172362	22514991	21664058	27274825	5980	5980	0	0	0	174472	320406	341754	325827	361133	337877	399739	475567	381186	541116	598259	491803	807638	515030	864345	815977	822016	1032015	844875	1280025	1087142	1171803	1418880	1366830	1400453	1842543	1912363	2185066	2431539	3406531	3630798	5778231	13611345	37523617	6128035	0	0	0	0.7443
22	25012888	22398272	21683540	26991790	545726	545726	0	0	0	215383	373490	382839	356615	387443	359142	418808	492605	394668	555006	610558	504293	818111	527379	874096	824395	829971	1037706	852217	1284557	1088712	1174201	1418367	1366315	1404780	1837840	1906537	2178973	2426362	3390043	3616715	5749078	13483037	36841631	6104617	0	0	0	1.3679
23	25288465	22329623	21748650	27186188	79290	79290	0	0	0	168554	328766	350097	336669	371257	349995	410998	485071	395388	551171	608511	505325	816700	532246	872444	824943	832582	1040869	858941	1282351	1096301	1182102	1425352	1376701	1421791	1851499	1921652	2197115	2453712	3410152	3655156	5798349	13582260	37059644	6198262	0	0	0	0.8337
24	25142441	22521196	21808295	27097031	63253	63253	0	0	0	177215	334550	353700	338410	372910	349198	413284	485142	391714	552694	607111	502738	813817	528348	872827	827868	825659	1038862	853346	1280452	1099010	1172212	1423534	1376199	1410258	1847514	1914600	2193427	2446899	3406451	3651398	5793910	13589021	37051501	6273184	0	0	0	0.8236
25	25181122	22462870	21899798	26964095	124331	124331	0	0	0	199485	369356	384386	362205	394910	366847	431454	503252	405274	569744	623791	517570	828741	540606	885811	842500	832819	1050316	860544	1288751	1109760	1174417	1431028	1383459	1414499	1852187	1921530	2199848	2456362	3401569	3672175	5804126	13509403	36667109	6252051	0	0	0	0.9338
26	25191267	22403483	21912359	27062457	62650	62650	0	0	0	201326	375280	388008	366223	398790	373549	435467	507457	416158	570587	628012	526082	828792	555612	887593	844369	842034	1054358	873095	1288474	1116159	1192487	1435674	1390421	1440277	1861995	1934465	2218962	2477689	3412791	3688632	5830153	13504301	36402042	6302252	0	0	0	0.8787
27	25047717	22578311	21884003	27029471	92714	92714	0	0	0	198333	382141	396194	375313	407085	380479	442364	514659	420696	576633	631551	529440	830974	557658	890381	847995	843289	1058140	876031	1290477	1121730	1193811	1440993	1391727	1442102	1863826	1935443	2223860	2487430	3416091	3701538	5839571	13491385	36193516	6346646	0	0	0	0.9196
28	25127343	22546355	21967445	26908134	82939	82939	0	0	0	190494	381856	401368	380685	411239	384025	446930	520194	423841	581158	637955	532336	837140	559992	894460	850479	843881	1060087	876090	1293379	1122038	1192691	1439607	1393773	1436566	1860860	1931735	2215741	2477367	3405708	3682796	5817644	13484553	36247594	6333015	0	0	0	0.9117
29	25135066	22436239	21971695	27018063	71153	71153	0	0	0	216576	413001	424148	399595	428745	400765	462457	532765	437458	591879	647060	547333	844094	573635	900184	860438	853645	1065848	889748	1296815	1135430	1203944	1448042	1405766	1461345	1873588	1948286	2240731	2508538	3421402	3726433	5872679	13421464	35736759	6370467	0	0	0	0.9414
30	25086298	22574855	21956637	26947061	67365	67365	0	0	0	214331	419994	431640	406752	434856	405830	468037	537582	442119	596612	650519	550034	846001	578268	904677	865054	854209	1069553	894184	1294390	1136836	1206756	1447614	1404857	1460309	1872458	1946287	2237200	2505015	3411906	3724541	5851668	13411147	35700706	6382909	0	0	0	0.9460
31	25127801	22553723	22101242	26841003	8447	8447	0	0	0	232658	441820	448914	419655	447597	415160	478485	549781	450809	604737	660312	557882	856974	587269	913938	872251	860925	1077185	900758	1302726	1142077	1212860	1455441	1411835	1466359	1879865	1953015	2248757	2521526	3424378	3748607	5884256	13397989	35391000	6405968	0	0	0	0.9150
32	25180118	22478593	22051207	26913572	8726	8726	0	0	0	215567	437081	449214	422179	451372	413390	481158	552939	445651	610279	662629	555071	858698	580491	915583	875867	852737	1076021	892958	1301799	1149138	1200955	1456611	1416722	1453528	1878991	1951242	2243971	2519440	3422195	3747968	5881793	13392863	35399391	6457998	0	0	0	0.9080
33	25034503	22616383	22063336	26830654	87340	87340	0	0	0	253271	490241	495747	456862	482501	444623	507126	576545	471193	629268	681052	580069	872596	606819	929307	889723	873825	1093433	918512	1311307	1166006	1226455	1471046	1430871	1492169	1898849	1973912	2272965	2556539	3433333	3787831	5916071	13296500	34681208	6377101	0	0	0	1.0616
34	25037054	22506119	22064258	26586789	437996	437996	0	0	0	232056	473064	484061	451254	480556	437995	503763	576677	463755	631166	681081	570184	873484	594857	929851	885719	862143	1086606	902930	1306577	1157304	1209185	1462097	1426439	1467529	1885991	1960221	2257598	2534687	3418336	3778095	5900881	13246551	34703669	6357858	0	0	0	1.4029
35	25037327	22609791	22143402	26823474	18222	18222	0	0	0	277296	532584	536234	492854	514268	462844	532136	605940	482327	652948	702515	588655	895170	610424	948632	905692	873854	1101904	917682	1320714	1179408	1221743	1476237	1442845	1483259	1903636	1976878	2276171	2557762	3441472	3800525	5918429	13238871	34385694	6356391	0	0	0	1.0488
36	24967303	22675516	22150854	26770024	68519	68519	0	0	0	277990	535622	537261	491280	513236	463597	533254	604504	484350	650098	703499	587903	889028	612271	943643	902271	873483	1100100	920436	1314518	1174932	1220014	1471265	1437869	1483639	1898398	1973240	2271822	2561408	3428455	3794871	5913643	13233701	34345004	6417092	0	0	0	1.1017
37	25032096	22674060	22219647	26630272	76141	76141	0	0	0	283271	551667	555316	508176	529959	475696	545392	617410	493966	663941	713881	599263	899555	620567	955075	913870	878155	1110266	927827	1320740	1185500	1224220	1479495	1449400	1488190	1908001	1982032	2280217	2569796	3431452	3810246	5919769	13180834	34086420	6396510	0	0	0	1.1351
38	24935155	22557875	22115580	26711482	312124	312124	0	0	0	283218	560208	558601	509106	530128	481193	547268	615743	499159	659990	712262	606491	898143	634962	951711	914667	888327	1111506	938715	1320693	1189042	1239837	1485753	1457662	1515407	1919401	1993743	2298549	2595528	3445847	3836113	5947968	13121811	33653314	6398026	0	0	0	1.3847
39	24939372	22645423	22184126	26727722	135573	135573	0	0	0	281264	566985	571911	520014	540783	486607	553997	625740	503520	669662	720446	609703	904366	632307	960101	922074	887745	1115903	936175	1324911	1197353	1233276	1488693	1461257	1505336	1917268	1992391	2296061	2589407	3444986	3834331	5949017	13138792	33721704	6392557	0	0	0	1.2147
40	24995478	22643885	22281119	26640206	71528	71528	0	0	0	304536	602711	602345	545981	561634	506864	572215	643064	519652	684699	737000	624761	916231	650308	970408	935083	898153	1124997	952016	1335302	1211547	1249681	1500959	1473238	1528225	1935121	2009218	2315790	2613873	3450179	3861397	5963284	13066116	33299512	6394588	0	0	0	1.1969
41	24955671	22583584	22256896	26691566	144499	144499	0	0	0	304354	609629	609346	550839	567124	511230	575021	645131	524031	686105	735271	628242	917446	653981	970225	933056	901307	1126030	954583	1332083	1210867	1252760	1497265	1472519	1530038	1931697	2007113	2312120	2611790	3442290	3844617	5944839	13041042	33235055	6418671	0	0	0	1.2799
42	24931953	22702619	22216927	26669735	110982	110982	0	0	0	309262	634322	636435	574144	588138	527295	593761	664059	535895	703230	754336	639338	933613	661348	988097	949137	908219	1138484	961435	1345697	1227164	1255342	1510440	1483513	1532392	1942224	2019117	2324110	2627344	3460780	3873440	5966244	12991271	32912194	6349414	0	0	0	1.2805
43	24894895	22702869	22322172	26629243	83037	83037	0	0	0	324848	657105	652283	586034	597699	536390	600766	668770	544347	708645	758451	646629	932863	671611	989581	950117	913550	1143231	972701	1345394	1231779	1262978	1513016	1491668	1545206	1949262	2025237	2335622	2639935	3461753	3881272	5973405	12958833	32690426	6387772	0	0	0	1.2776
44	24853915	22603778	22285536	26698439	190548	190548	0	0	0	326155	662039	657495	588668	599684	535748	603613	671091	541846	709308	758747	646059	933226	668317	987780	952247	910046	1142397	969016	1341927	1234668	1261593	1515107	1487954	1539650	1946502	2018331	2329085	2639887	3459728	3878687	5971012	12943958	32594034	6416063	0	0	0	1.3933
45	24778909	22738654	22275216	26626523	212914	212914	0	0	0	328727	676011	675978	602923	611477	544978	612503	679325	548937	714121	765217	652526	936675	672689	992407	956295	911874	1143361	970699	1343704	1234547	1258724	1510980	1490212	1537642	1943438	2015199	2326892	2631527	3448859	3865292	5946713	12913956	32519085	6435809	0	0	0	1.4360
46	24824593	22743428	22362400	26546609	155186	155186	0	0	0	344452	699509	687178	614134	622000	556974	621204	686801	559440	721228	768613	664262	942995	688251	995965	967166	923385	1152353	986495	1350072	1250389	1278144	1526310	1505549	1563339	1962240	2038224	2354236	2665560	3471186	3899791	5975764	12874672	32145805	6413344	0	0	0	1.4034
47	24868265	22703416	22375643	26634990	49902	49902	0	0	0	331677	697177	693651	619973	630319	561456	628533	696398	563598	730571	778273	666922	951341	688728	1006438	970884	924165	1157312	986797	1356963	1252088	1275352	1526921	1508455	1557649	1961222	2036989	2353929	2662398	3475886	3908086	5989586	12872071	32158041	6402465	0	0	0	1.2965
48	24675516	22807622	22417080	26583992	148006	148006	0	0	0	364071	760557	753542	666149	670038	593556	662238	728717	585622	762702	808475	691529	979743	711477	1035041	997743	946350	1184416	1010876	1379333	1285251	1294128	1556646	1539959	1585072	1993788	2071565	2384819	2705059	3496525	3956670	6012274	12704590	31397061	6208628	0	0	0	1.4823
49	24829465	22768428	22465979	26494361	73983	73983	0	0	0	367880	772057	765420	676980	681583	604341	671589	737402	595920	764563	814813	700194	982073	720050	1037642	1000134	951213	1186074	1015472	1380558	1288556	1299149	1555598	1540809	1589910	1993143	2073101	2385632	2709393	3494619	3947310	6011415	12709064	31302099	6232477	0	0	0	1.4231
50	24774515	22697820	22471626	26542992	145263	145263	0	0	0	388499	836551	833750	736936	738316	649642	722516	793323	633471	816070	866774	734583	1039770	751683	1094344	1046354	986223	1234848	1054038	1430729	1344448	1335767	1611101	1598149	1644993	2057076	2143581	2461005	2797240	3565732	4053173	6091035	12455449	29772686	6167098	0	0	0	1.5957
