#Name	E:\SaveData\2016-10-13_11_11_05_1001160120_R0057_A_CL100007973_BGI12297_WESPE_result\\CL100007973\L01\CL100007973_L01_20_1.fq
#PhredQual	33
#ReadNum	80958172
#row_readLen	50
#col	48
#BaseNum	4047908600
#N_Count	10392717	0.256743
#GC%	43.43
#Q10%	99.23
#Q20%	97.27
#Q30%	90.00
#EstErr%	0.487262
#Pos	A	C	G	T	N	0	1	2	3	4	5	6	7	8	9	10	11	12	13	14	15	16	17	18	19	20	21	22	23	24	25	26	27	28	29	30	31	32	33	34	35	36	37	38	39	40	41	Err%
1	28294922	18046759	17841765	16771246	3480	3480	0	0	0	1230	21346	37254	34024	34220	33203	36059	37712	36964	42922	48790	51187	67126	69275	81576	95441	160379	193974	212527	266227	352399	410541	485489	638846	638574	916408	956453	1153902	1106786	1154251	980239	1810878	6359053	55389065	7040372	0	0	0	0.1084
2	24248525	14520147	19161395	22985356	42749	42749	0	0	0	1272	18977	30596	29360	29756	30854	33359	36841	38251	45931	52885	58978	79420	81058	95010	121324	192105	233579	255762	319430	407866	461460	531301	649412	644990	878933	923624	1113829	1168954	1373505	1308472	2400763	7720113	52560123	6987330	0	0	0	0.1555
3	23176783	17813555	16315842	23604957	47035	47035	0	0	0	2170	17122	25310	24031	24311	25282	27867	30907	32842	39582	45733	52671	70666	74086	85625	114038	185334	226747	251125	310826	401732	456131	523584	645399	639293	875822	921725	1114268	1170685	1374415	1302311	2387710	7754509	52600567	7076711	0	0	0	0.1519
4	23615829	17379380	16752725	22987973	222265	222265	0	0	0	956	14184	21437	20560	21428	22195	25264	28300	30106	37305	43744	51255	70256	74388	84489	116863	188095	233045	256681	320111	409694	463232	534783	654070	645255	886657	932698	1126129	1186421	1413078	1338048	2445469	7941230	52279542	6818939	0	0	0	0.3628
5	23460802	17066872	17638699	22721101	70698	70698	0	0	0	4681	16543	22650	21570	22472	23585	26782	29845	32127	40220	46755	54847	75507	78916	90340	125255	196898	243589	266206	331584	420891	474858	545196	664821	656245	898100	951353	1151072	1228780	1490048	1442330	2620495	8261379	51556297	6775237	0	0	0	0.1816
6	23190751	17383475	17245278	23049056	89612	89612	0	0	0	2139	15421	22191	20954	21924	22887	26285	30010	32087	40509	47101	55097	76202	79314	90674	127867	199787	246410	269659	338163	423939	477768	550492	662248	659050	901488	956522	1155106	1241286	1524118	1477748	2689817	8414248	51288654	6681395	0	0	0	0.2030
7	23646169	16961668	17702076	22465149	183110	183110	0	0	0	3139	17008	22981	21749	22672	23846	27274	30819	33022	41896	48396	56672	78613	80483	93648	130977	201945	249658	272251	341725	424897	480405	553987	665160	658545	903544	956700	1160960	1250272	1549191	1499603	2741658	8530305	51004208	6596853	0	0	0	0.3212
8	23018831	17603279	16707122	23606338	22602	22602	0	0	0	553	13702	20292	20323	21233	22745	26508	30091	32291	41204	48027	56729	79194	81911	94333	133024	205940	254242	276038	347531	428802	486340	558783	665827	663380	905109	957770	1163884	1257301	1577357	1544163	2816188	8688823	50794153	6621779	0	0	0	0.1189
9	22833418	17291916	16900286	23665529	267023	267023	0	0	0	764	13965	19671	19676	20616	22289	26256	29715	31894	41317	47848	55818	79528	81290	94056	133184	205291	254039	274344	346849	427230	482393	556114	659521	660964	900698	956865	1166023	1272297	1609025	1584089	2881604	8795767	50282649	6657500	0	0	0	0.4202
10	23234746	17215743	17243576	23121480	142627	142627	0	0	0	1534	15530	21263	20904	21961	23108	27166	30842	32891	43318	49432	58690	82628	83595	97610	137350	209648	259641	278895	355519	431724	488958	563952	664958	665259	905928	963513	1170702	1281090	1630031	1602096	2921120	8892329	50202584	6579776	0	0	0	0.2700
11	23309785	17169049	17244170	23022894	212274	212274	0	0	0	2641	18002	23366	22389	23627	24342	28372	32543	34585	44729	51480	60490	85558	85955	101229	141737	213261	264358	281788	360751	436414	491190	568206	665248	667513	907753	965235	1173252	1294166	1654107	1636333	2974509	9002374	49853496	6554899	0	0	0	0.3603
12	23267003	17358902	17288740	22943486	100041	100041	0	0	0	2111	16848	22468	21916	23323	24240	28555	32849	34525	45813	52005	61300	88792	86943	103401	146140	219306	270729	287961	370123	443599	499718	576225	673355	672522	914860	972405	1181061	1291524	1667376	1643298	2995985	9072409	49867277	6447169	0	0	0	0.2213
13	23352890	17277829	17304650	22876360	146443	146443	0	0	0	4605	18780	25378	24467	25866	27360	32105	36872	38109	50931	57409	65596	94778	92514	110769	152824	224970	278684	292688	378193	445281	501761	579823	670516	677418	914246	971822	1182894	1306248	1702861	1689425	3076687	9208375	49347331	6504143	0	0	0	0.2858
14	23275297	17348640	17317730	22911772	104733	104733	0	0	0	3190	17178	23345	22798	24481	26169	31144	35836	37453	50137	57546	65806	95899	92679	111283	153436	225630	279713	293243	379457	444437	503848	581398	667531	675933	912512	970756	1183902	1311465	1721012	1717202	3124999	9325723	49155570	6530728	0	0	0	0.2313
15	23209783	17462836	17358142	22831642	95769	95769	0	0	0	3354	21785	27769	27239	28732	29976	34951	39681	40621	54232	61952	69594	100989	95734	117456	158948	232062	287106	298691	388279	450223	510358	587709	671707	681444	920759	978000	1191228	1321632	1740590	1734682	3156556	9385221	48947736	6465407	0	0	0	0.2285
16	23141241	17385397	17370603	22767526	293405	293405	0	0	0	4562	28812	38484	37695	39463	41008	47564	53843	54577	71030	81166	88144	127334	117722	146887	186910	228634	283994	295069	383283	445522	505505	581850	663572	673203	909826	969163	1181439	1316554	1749216	1746807	3183105	9440523	48517782	6424519	0	0	0	0.4945
17	23153021	17406687	17483351	22747530	167583	167583	0	0	0	6718	34712	44324	42877	44772	45672	52376	59544	59433	76662	87206	93855	134990	122918	154305	195034	234926	291548	300284	392944	449638	508679	586169	663557	680757	912560	974851	1188460	1331648	1774070	1789661	3256266	9572070	48171414	6455689	0	0	0	0.3507
18	22996584	17515180	17445637	22672857	327914	327914	0	0	0	8266	38416	48972	46376	48085	49300	55749	63467	62423	80528	91257	97066	140682	126626	160214	200858	242493	299408	307349	402421	455360	517018	595308	670541	682526	917142	977798	1188446	1328316	1781141	1786671	3252309	9587808	47995223	6324695	0	0	0	0.5568
19	23089137	17510189	17588338	22706112	64396	64396	0	0	0	6025	34822	47105	45825	48981	50292	57351	66061	66276	84665	96629	101778	147099	132158	166874	206095	247710	306864	312429	410085	459384	523147	600390	672012	691876	925146	987872	1205613	1357455	1833503	1868220	3379312	9787207	47534388	6433127	0	0	0	0.2309
20	23109249	17445231	17564015	22630132	209545	209545	0	0	0	8096	35973	46607	45651	48542	50249	57921	66196	65464	85405	97467	101695	150702	132605	170216	211141	253971	311764	317182	418319	462780	529718	610913	675852	692945	929162	991413	1203046	1348818	1835473	1863714	3390249	9817242	47387649	6334487	0	0	0	0.4120
21	23078427	17554235	17623539	22633896	68075	68075	0	0	0	7542	35078	46665	45890	48902	50988	59031	68048	66668	87473	99396	103898	153470	134522	172461	213295	255890	315996	318431	421844	464608	530793	613171	675349	698610	931124	997053	1211717	1364852	1861562	1896271	3437220	9915316	47265432	6321531	0	0	0	0.2381
22	23051842	17494273	17638660	22477695	295702	295702	0	0	0	10460	41800	53771	52296	55778	57416	66063	74792	73317	94834	107529	111191	163360	141543	183930	222432	264761	324732	326817	432062	472521	538971	620468	681529	707540	943559	1008113	1225595	1389341	1897083	1949996	3517909	10018443	46522424	6310094	0	0	0	0.5339
23	23139851	17442171	17654514	22465315	256321	256321	0	0	0	10807	41536	52802	51946	55873	57584	65791	75840	72930	96301	109188	112011	167160	142995	187272	228096	269906	331838	331524	443329	478074	544338	628534	686444	710126	950160	1012118	1229455	1388807	1911511	1955148	3537307	10073487	46462472	6229141	0	0	0	0.4859
24	23059553	17606473	17694937	22443218	153991	153991	0	0	0	18957	47178	57748	55880	60107	61837	71067	82383	79182	103138	116789	119147	175422	150440	197797	236545	278473	342916	338594	452207	484398	553899	639317	694198	723080	959799	1027825	1246768	1416995	1950660	2016321	3624448	10195322	45945791	6279553	0	0	0	0.3739
25	23167775	17576417	17756301	22377549	80130	80130	0	0	0	13433	47610	60774	60152	64580	65187	75212	86472	82686	108508	122434	123794	184342	155102	205121	243953	286686	352922	345201	463553	492127	560697	648374	699878	729821	968792	1036440	1253109	1422096	1972108	2038162	3654833	10264824	45753580	6235479	0	0	0	0.2866
26	23119972	17535803	17780690	22419546	102161	102161	0	0	0	15130	50560	63202	61451	66383	68925	77997	90265	86698	112071	127703	127200	190117	160328	211946	250415	291822	360595	351382	473448	498540	569863	657416	704434	740652	979007	1048506	1268603	1444319	2000382	2084644	3725851	10350406	45305187	6240563	0	0	0	0.3204
27	23013434	17693156	17758851	22438343	54388	54388	0	0	0	17797	55551	68369	67223	71718	72996	83441	96381	92501	119192	135406	133454	200554	166581	223032	260575	301986	373251	359926	487024	506573	577684	669086	713299	753044	990142	1060308	1281981	1461774	2028463	2123727	3784104	10434423	44891817	6240401	0	0	0	0.2736
28	23028886	17630829	17742836	22301719	253902	253902	0	0	0	19445	58661	71614	70031	75832	76560	88634	100818	96527	124052	141495	139570	207560	173616	231379	268465	308592	379634	366304	495249	511461	584588	677381	716819	760509	996706	1068919	1291214	1477769	2054625	2170547	3858882	10523282	44243588	6273942	0	0	0	0.5283
29	23017473	17507143	17740432	22325611	367513	367513	0	0	0	20905	60158	75183	72738	78999	80195	91405	105595	98705	128993	147016	143057	215360	176324	237268	274143	316016	389597	371590	507042	517740	591335	684609	721878	763392	1003410	1075678	1293052	1475495	2062034	2171116	3859940	10524559	44063344	6192788	0	0	0	0.6755
30	22993430	17607635	17747646	22299254	310207	310207	0	0	0	29841	74723	87591	83316	88517	87575	99602	113353	105770	136813	154636	150609	223372	183238	248417	284261	322033	398625	379888	516494	526664	600505	696268	730814	775807	1016971	1087741	1316156	1502349	2099293	2217226	3915759	10606157	43634569	6153012	0	0	0	0.6291
31	23121452	17608997	17920419	22303756	3548	3548	0	0	0	25671	69521	84371	82218	87490	88152	101983	116880	108384	141168	159672	154548	232812	188917	258156	291523	333091	410234	388372	533085	536428	611359	708908	741150	788423	1032856	1107268	1329642	1515670	2127009	2247120	3967640	10699862	43529541	6155500	0	0	0	0.2478
32	23059393	17536700	17842634	22273352	246093	246093	0	0	0	30417	76581	89966	87031	93928	94397	107435	123089	115510	148731	168289	162286	242550	198057	268113	303817	340749	421143	397333	542294	543552	620481	718348	748132	802288	1044397	1120326	1348606	1547170	2163815	2312167	4055876	10785619	42698981	6190605	0	0	0	0.5620
33	22997887	17654788	17852451	22251306	201740	201740	0	0	0	29515	75409	89188	86519	94003	94851	108365	125018	116526	150555	170975	164792	246664	201040	272269	306813	346906	428033	400669	549743	548764	625451	724516	753232	808135	1051967	1129135	1355083	1551666	2174578	2330382	4087878	10826822	42531050	6199920	0	0	0	0.5075
34	23002482	17604228	17888617	22188328	274517	274517	0	0	0	32407	79830	93366	90815	98158	99070	113748	130758	121676	157292	178124	171226	256739	206260	283054	316152	354838	437256	408920	563960	554959	635115	737983	759738	819706	1063672	1141260	1369751	1568416	2203718	2359480	4126270	10881163	42124539	6144236	0	0	0	0.6083
35	22968450	17656255	17895941	22258724	178802	178802	0	0	0	34917	86163	100592	96833	105121	104861	120233	138217	127938	164786	186083	177304	265438	213808	293431	323865	362508	447587	417280	573175	562811	643616	747415	767556	833664	1076613	1159138	1386168	1591146	2231245	2394297	4172124	10938394	41786018	6149025	0	0	0	0.5042
36	22981317	17702948	17885975	22239461	148471	148471	0	0	0	38309	93486	108143	104666	112242	112640	128767	147216	135718	175303	196587	187488	278064	223611	306657	338264	375571	463310	429147	588144	578896	658873	764885	782605	848737	1096436	1176497	1411931	1619882	2264801	2446030	4235785	10995954	41252156	6132900	0	0	0	0.4842
37	22929879	17659235	17916013	22103836	349209	349209	0	0	0	40819	96705	111098	107787	116506	115954	132471	152049	139319	180888	202975	192135	287539	228218	315813	343986	382457	471166	434567	599633	582580	664368	770688	787354	853152	1100854	1181170	1413551	1621353	2272613	2453687	4250246	11003571	40890113	6111578	0	0	0	0.7407
38	22863558	17605518	17887761	22126233	475102	475102	0	0	0	45053	104320	119415	115042	124332	123862	141172	160238	148253	190274	212824	201036	297940	239780	326122	355614	392940	485649	447292	613328	595766	679080	786059	801948	875729	1121583	1204664	1445601	1661953	2312079	2518454	4324268	11055978	40112649	6142773	0	0	0	0.9141
39	22872278	17688172	17900755	22160230	336737	336737	0	0	0	47839	109803	124679	119981	128232	128483	146402	166903	152974	196848	220278	207634	309520	245359	337623	366911	401619	495976	454290	628393	602985	688117	798364	810231	884663	1134864	1216755	1451410	1666769	2328256	2537985	4359578	11108746	39929559	6113406	0	0	0	0.7552
40	22925814	17687258	17980085	22123987	241028	241028	0	0	0	49941	111803	126273	121567	131595	130787	149015	171257	156665	201517	225614	212328	316060	249579	345940	374431	409624	503851	461760	638495	610014	697359	808024	817337	892813	1147061	1229290	1467507	1681793	2354518	2568812	4406245	11158988	39672915	6116366	0	0	0	0.6435
41	22912559	17639734	17982663	22124610	298606	298606	0	0	0	53219	117493	131110	126801	136783	135689	154827	177521	162226	207851	233167	217744	324719	256861	356010	382455	417383	516028	469259	648897	619930	707485	820007	826190	903187	1156029	1241340	1483616	1697448	2374985	2592125	4431793	11185592	39302708	6091088	0	0	0	0.7270
42	22865430	17717462	17934018	22120846	320416	320416	0	0	0	57683	126950	140835	136056	146520	144660	164446	187644	171418	219414	244274	228967	337816	269083	368356	396244	430954	530076	482135	664611	633848	723708	836456	842268	927556	1178864	1266146	1508772	1733667	2410951	2649046	4491114	11212747	38666843	6107628	0	0	0	0.7751
43	22890338	17726510	18008390	22128897	204037	204037	0	0	0	64894	138559	150721	145379	155087	153574	174234	198518	181057	230453	255878	240651	350613	280160	384471	409759	440437	544729	495175	681168	651338	740122	854426	858754	950366	1202285	1288709	1537923	1769658	2446333	2693483	4541675	11264736	38182103	6096707	0	0	0	0.6546
44	22871970	17682501	17975817	22157869	270015	270015	0	0	0	65679	138888	152825	147148	157462	155622	176145	200400	180514	233040	260469	240491	356728	278430	389495	412210	445999	550095	494610	686073	648320	734953	854816	855005	936197	1198125	1279914	1525601	1745399	2436572	2667753	4516542	11246790	38256892	6062955	0	0	0	0.7395
45	22703687	17702950	17902773	22002312	646450	646450	0	0	0	81076	159764	168898	158380	167821	162127	184285	207709	187398	239945	266009	246612	362713	285001	395100	418975	450608	554709	500850	692786	653434	741852	861719	862513	949796	1207833	1291807	1538289	1764355	2451214	2692719	4538570	11231802	37593692	6041361	0	0	0	1.2350
46	22789372	17695883	17996651	21965034	511232	511232	0	0	0	80304	162005	173665	164209	174309	170163	192413	218067	197514	250648	277894	257738	378336	299014	411828	434678	463249	571769	515954	709668	669562	759414	883334	880814	972074	1228436	1314847	1562682	1796315	2481372	2738677	4595719	11271294	37130416	6058559	0	0	0	1.0807
47	22833602	17736355	18043216	22089351	255648	255648	0	0	0	80567	166317	177969	170252	182620	178597	201762	229261	206286	262343	290630	270236	394299	309682	428599	449940	478704	589495	529174	730696	686029	776702	900039	897490	990031	1250626	1335545	1586214	1820834	2513412	2783309	4658219	11322457	36795000	6059188	0	0	0	0.7797
48	22757523	17841458	18047856	22110027	201308	201308	0	0	0	83725	172213	186034	178071	189973	184433	209098	236407	214019	271938	301087	277490	405607	318789	442164	460998	489916	603426	539557	746768	696930	789535	916404	908559	1005053	1266068	1352685	1603485	1840869	2536153	2814730	4698735	11345005	36412862	6058078	0	0	0	0.7285
49	22842266	17765419	18071505	21988840	290142	290142	0	0	0	90318	184104	194817	186447	197822	194642	219008	246411	222892	281696	311603	288151	416640	328546	452413	473417	499132	614183	550847	758678	708079	802113	929303	919840	1020849	1283358	1369079	1624818	1861150	2556736	2836955	4718450	11344883	35963848	6016802	0	0	0	0.8600
50	22868906	17734749	18124419	22046176	183922	183922	0	0	0	101637	219959	237794	224041	236089	224242	253758	287226	249153	322355	352930	317974	467745	354577	502889	511135	535357	658323	582867	806211	746472	832032	970865	963309	1053259	1327981	1412756	1670337	1915845	2611998	2938765	4836850	11283069	34497078	6267372	0	0	0	0.8050
