#Name	E:\SaveData\2016-10-13_11_11_05_1001160120_R0057_A_CL100007973_BGI12297_WESPE_result\\CL100007973\L01\CL100007973_L01_20_2.fq
#PhredQual	33
#ReadNum	80958172
#row_readLen	50
#col	48
#BaseNum	4047908600
#N_Count	5469965	0.135131
#GC%	43.70
#Q10%	97.69
#Q20%	91.31
#Q30%	78.41
#EstErr%	0.949567
#Pos	A	C	G	T	N	0	1	2	3	4	5	6	7	8	9	10	11	12	13	14	15	16	17	18	19	20	21	22	23	24	25	26	27	28	29	30	31	32	33	34	35	36	37	38	39	40	41	Err%
1	27229444	18290699	17930669	17405172	102188	102188	0	0	0	7617	33567	45339	49814	62687	73704	151661	192701	171027	266077	304363	270797	491489	293483	539214	516135	606394	715093	618796	971329	778424	928520	1089729	1061703	1087987	1479692	1536895	1730943	1880619	2805572	2781465	4626011	11062222	37705945	3918970	0	0	0	0.3939
2	23176730	15204321	18862707	23616627	97787	97787	0	0	0	33810	84320	108993	116806	143997	146000	242474	308401	240639	374661	419302	336156	625512	344470	662448	595545	691028	808277	681539	1082944	836591	1003228	1171919	1117312	1155056	1555961	1605005	1797278	1941189	2893663	2857690	4690343	11149196	35631310	3407322	0	0	0	0.5407
3	22125657	18731937	15607345	24444358	48875	48875	0	0	0	46480	99656	121103	126599	151669	151820	255094	319642	251591	382103	427411	348291	625324	362632	666168	607553	681428	810501	679137	1061153	836880	988890	1159222	1100248	1156588	1530144	1585544	1784574	1950270	2852024	2890034	4719161	11100282	34898766	4181315	0	0	0	0.5061
4	22782866	18104339	15894080	24175512	1375	1375	0	0	0	60335	113354	134546	137661	161641	161786	263651	325775	264667	382525	434526	351433	622580	372921	662041	608136	674492	814164	673336	1050320	837262	977210	1154662	1092629	1149563	1516691	1576399	1775926	1943767	2817497	2894883	4720483	11054011	35024101	4151823	0	0	0	0.4730
5	22652766	17422524	16947525	23835969	99388	99388	0	0	0	56846	113217	130412	133640	156986	158939	263990	322279	269620	383397	436631	358067	622455	382200	665468	617347	673891	819905	679733	1048915	846940	984855	1157266	1098796	1164977	1520926	1584676	1791420	1967922	2824412	2926518	4751252	11054221	34541676	4348989	0	0	0	0.5898
6	22221484	17629730	16908485	24193123	5350	5350	0	0	0	64176	123340	142048	142253	165648	165100	269779	329453	271250	389708	440507	360333	625922	383045	667318	618293	674543	819562	679912	1049416	848994	978821	1159836	1100773	1161217	1521834	1583899	1792757	1970329	2828338	2927670	4750745	11078388	34536220	4331395	0	0	0	0.4920
7	22750010	17084350	17677371	23339876	106565	106565	0	0	0	56539	115068	139288	143951	170339	164435	277452	344219	266927	405726	451611	361296	646766	374267	689336	628777	679872	826186	680840	1068024	857537	972508	1165461	1111187	1143346	1525260	1579754	1784552	1956375	2830640	2930198	4753650	11117992	34182163	4450065	0	0	0	0.6153
8	21699590	17792892	16454939	24821112	189639	189639	0	0	0	62047	120992	139392	141976	165703	164320	271174	333162	268063	394335	444709	362257	635438	379562	678043	625953	677957	824475	679629	1061587	856579	975850	1163976	1108008	1145882	1523024	1579385	1779072	1947831	2816750	2913753	4726161	11082030	34423858	4295600	0	0	0	0.7181
9	21503175	17594606	16766029	25090766	3596	3596	0	0	0	53001	109507	130064	133961	157803	157876	264805	326357	263685	389015	436992	357078	627873	375861	671653	623309	672322	818820	677241	1056174	854143	972532	1157583	1106291	1142189	1519147	1577738	1779119	1949643	2816556	2908418	4726346	11124961	34686019	4330494	0	0	0	0.4686
10	21776218	17501154	17137886	24382804	160110	160110	0	0	0	75121	146830	163094	161954	185238	181451	293275	354629	288350	413851	461750	381630	646776	400681	687575	641336	680049	832675	689851	1055213	868670	978922	1162263	1113710	1163475	1521306	1581522	1796195	1980748	2807522	2960700	4775554	11056693	33607370	4682083	0	0	0	0.7277
11	21863202	17548841	17099235	24348723	98171	98171	0	0	0	68352	136421	157057	158475	184265	177616	293402	358562	282468	418844	467254	375904	655837	389668	698097	644318	682294	839182	684213	1067930	873921	972019	1171960	1122001	1141305	1522993	1581292	1784427	1954424	2812610	2926683	4728776	11084863	34121584	4320984	0	0	0	0.6410
12	21742196	17716481	17032970	24163831	302694	302694	0	0	0	75313	147937	168038	167860	192937	185939	302111	365705	290188	425069	471700	382609	658037	397603	699286	648777	683478	840742	687673	1066401	874543	974841	1168069	1117374	1148227	1519759	1574159	1781733	1959455	2802850	2927266	4722598	11023324	33755251	4448626	0	0	0	0.9138
13	21817051	17637669	17027604	24073523	402325	402325	0	0	0	78339	153677	174563	175920	201232	193270	306552	371207	292976	429184	475142	384458	659791	398811	700523	647441	680001	838369	686030	1062910	873406	969082	1164357	1116188	1146082	1519018	1574824	1782842	1966117	2799258	2949757	4750039	11043800	33456917	4533764	0	0	0	1.0491
14	21833465	17717304	17129668	24167919	109816	109816	0	0	0	81306	156120	175350	173223	198587	192898	307776	371719	299226	429572	476971	390846	659990	410521	702072	654828	687014	844215	697105	1064346	880650	980994	1172092	1122307	1163618	1525379	1584417	1795365	1982914	2808538	2971972	4783860	11060827	33408409	4633329	0	0	0	0.6911
15	21825562	17859653	17190002	24080816	2139	2139	0	0	0	82062	155938	174277	171798	196402	192674	305021	365796	296857	425475	471708	388913	650741	410485	694038	653895	676853	841025	693741	1054659	882341	975397	1166587	1122905	1161948	1524316	1585987	1804430	1997166	2804305	2994578	4804964	11083047	33366251	4779453	0	0	0	0.5549
16	21821676	17775216	17190727	23968575	201978	201978	0	0	0	108740	218276	242534	237600	267207	256441	303513	361589	296459	419937	466589	387737	642248	410874	685676	650864	673347	836604	691274	1046850	879968	970761	1162909	1117533	1154598	1518071	1577762	1797431	1986862	2793875	2987601	4787028	11032001	33034502	4750933	0	0	0	0.8983
17	21864957	17802984	17270364	23971590	48277	48277	0	0	0	109574	219505	242251	238684	269749	256908	304735	364749	293777	421652	467837	386044	644992	405719	688929	649105	669401	833664	686437	1046086	880916	964688	1163116	1118082	1152195	1517485	1577095	1794570	1987745	2795683	2995639	4806405	11058934	33101828	4795716	0	0	0	0.7103
18	21709934	18002804	17220589	23928288	96557	96557	0	0	0	136260	248332	267255	256523	283191	267540	316551	376145	304020	433290	478529	396216	653306	417545	698921	660900	675664	841540	694999	1052250	887750	967735	1168571	1125776	1155572	1522130	1579996	1800785	1994125	2794039	2996829	4787371	11024991	32768146	4828822	0	0	0	0.8170
19	21748200	17922335	17328140	23892246	67251	67251	0	0	0	134904	256768	274790	264055	290443	273436	323288	380479	309144	436911	483320	401198	653841	424006	698745	665676	679302	845112	698939	1049895	894749	971736	1171579	1129532	1165782	1524990	1586879	1809992	2008095	2795984	3012792	4805336	11008821	32575304	4885098	0	0	0	0.7927
20	21863094	17857042	17308259	23829426	100351	100351	0	0	0	120762	242485	261398	253861	281636	270409	315164	373992	307604	428681	475426	399029	644204	423420	690402	660663	672248	838751	697209	1041966	892543	971834	1165055	1126145	1168157	1520138	1580363	1805411	2008515	2790554	3014677	4812358	11015418	32633507	4953836	0	0	0	0.8087
21	21855295	17947715	17367108	23782852	5202	5202	0	0	0	142616	268496	285956	274496	299615	280687	329559	389466	314378	441651	486794	405475	654699	426093	700914	668713	676600	845944	700977	1048858	901974	971975	1172050	1137049	1170629	1529543	1591232	1819062	2023394	2800972	3042364	4852272	10995810	32300727	5001930	0	0	0	0.7363
22	21699548	17858836	17371811	23555077	472900	472900	0	0	0	177852	316583	324501	300907	322849	298214	346695	403554	327395	453850	498625	414547	665423	437248	707902	675475	683414	850494	706792	1051970	903426	976737	1172645	1135580	1171297	1527193	1583148	1812825	2020534	2785563	3027438	4817487	10904137	31733958	4949014	0	0	0	1.3829
23	21952638	17833399	17450618	23653593	67924	67924	0	0	0	138272	277328	293699	282139	307688	291260	338018	395676	325585	448510	494297	416444	661060	442548	705962	676170	684444	853145	711792	1052319	909129	981697	1177043	1140642	1184636	1535166	1597524	1828668	2039971	2803042	3061036	4865177	10991457	31923871	5054833	0	0	0	0.8276
24	21851429	17962715	17495015	23594954	54059	54059	0	0	0	144391	279503	295369	282535	308764	288648	338859	395718	322883	448308	494657	414296	659424	438596	707254	675798	679520	852306	707653	1047179	909177	972662	1176699	1140295	1176444	1529586	1593012	1821945	2039052	2801700	3058827	4858772	10994290	31954951	5095040	0	0	0	0.8142
25	21892766	17892983	17552920	23513884	105619	105619	0	0	0	163528	310143	323200	303091	326910	302026	354280	411939	335761	462770	508635	426549	671597	446425	719611	689722	685365	861570	713546	1055739	920197	977923	1181577	1149122	1180955	1535765	1598073	1832098	2046560	2798797	3068048	4862977	10940033	31588122	5099899	0	0	0	0.9265
26	21877777	17868531	17596078	23560758	55028	55028	0	0	0	164454	312985	325799	305672	328913	308816	357480	413484	343189	464448	510372	432885	671878	458011	720537	691145	693011	865274	725010	1056075	924128	990994	1185189	1152034	1198475	1546574	1606787	1845550	2063502	2807797	3087585	4884597	10940306	31379600	5140588	0	0	0	0.8708
27	21758913	17999418	17568138	23552400	79303	79303	0	0	0	161358	318292	332205	313830	335605	314380	362912	420667	344535	469540	514868	435811	675781	460880	722655	694409	691859	867058	726807	1054120	928267	993397	1187416	1156849	1199577	1547877	1608150	1851847	2072218	2809819	3097046	4894460	10931115	31198453	5184806	0	0	0	0.9099
28	21838969	17976051	17617124	23455444	70584	70584	0	0	0	155309	318315	334261	316963	339117	317187	367214	424185	348933	472315	518128	437186	679408	461135	726093	697057	695300	868803	724425	1057390	927595	989507	1186781	1156286	1197940	1542949	1604949	1842319	2059434	2800575	3080866	4869313	10925280	31277740	5167330	0	0	0	0.9006
29	21832012	17889092	17647358	23529790	59920	59920	0	0	0	174940	343458	353086	331024	353520	330202	378065	434488	359600	479860	526087	448689	685216	475718	732068	705005	701802	873612	736050	1058463	937983	1002327	1194999	1164552	1218145	1555613	1616777	1863453	2091152	2819074	3119562	4911920	10892089	30831212	5198441	0	0	0	0.9267
30	21816902	17981621	17626133	23475561	57955	57955	0	0	0	174260	348906	361348	335956	358973	334898	381581	439171	363157	483991	528971	452706	686426	478555	733787	707639	702268	876056	739155	1061664	940002	1000370	1194424	1165620	1213466	1555605	1613725	1861589	2088090	2809081	3116036	4897984	10885591	30797094	5212072	0	0	0	0.9336
31	21861051	17959644	17739281	23391128	7068	7068	0	0	0	186692	366144	372845	348675	368924	342314	391598	448151	369111	493571	536751	460353	695871	483852	742264	712211	708666	882472	747166	1067074	947247	1006816	1202956	1171827	1223212	1562528	1623307	1872124	2105312	2821917	3131342	4922562	10883001	30506590	5245658	0	0	0	0.8983
32	21896139	17917994	17723175	23413410	7454	7454	0	0	0	174388	362942	374405	350824	370169	340591	394056	449518	365360	496311	537905	457071	694955	478583	742957	714715	701574	881720	737801	1066883	951576	996518	1199551	1174552	1212803	1560237	1620452	1866206	2096599	2820389	3134022	4918189	10874660	30554045	5278191	0	0	0	0.8924
33	21807692	18010372	17723825	23339654	76629	76629	0	0	0	205630	406490	411856	379816	396476	367079	414712	470441	386922	511585	554936	478119	709797	501619	754811	728722	717506	895040	761526	1075371	965571	1017825	1214765	1187861	1242675	1574177	1638949	1890580	2129266	2831081	3167674	4944705	10810054	29907489	5230417	0	0	0	1.0494
34	21785928	17915916	17725356	23158253	372719	372719	0	0	0	188705	392953	401959	374760	394193	360676	413853	470919	381663	512581	555163	469284	709163	490016	754568	724351	708143	889501	747579	1069388	957002	1005101	1204858	1181002	1222895	1565914	1626640	1877410	2113649	2817208	3154088	4940385	10768130	29923587	5218166	0	0	0	1.3940
35	21772114	18025712	17821818	23320027	18501	18501	0	0	0	225578	439474	445367	407822	424684	382202	437371	495244	396973	531861	573608	483971	725608	503413	771466	742091	720327	905913	760054	1083678	973769	1013461	1219304	1197086	1233594	1580057	1642321	1891480	2127724	2833029	3177272	4954086	10769196	29660314	5210273	0	0	0	1.0351
36	21751176	18074561	17792587	23276496	63352	63352	0	0	0	225720	442160	446013	406943	424734	382829	435597	491565	397362	530291	572136	482843	723897	506218	768528	739741	717311	903350	761207	1076044	971388	1014482	1214344	1193525	1237983	1575658	1637689	1891294	2131754	2827885	3170522	4946163	10771945	29612233	5263466	0	0	0	1.0907
37	21790282	18061411	17860375	23180939	65165	65165	0	0	0	229712	456055	461856	419486	435835	392915	446582	503509	404122	539857	580396	491325	731101	512657	776481	747158	723266	908254	767116	1084513	981611	1017155	1221257	1201976	1240220	1581513	1645727	1898157	2139694	2831281	3182417	4952796	10726052	29404389	5256566	0	0	0	1.1174
38	21694503	17997466	17796613	23193785	275805	275805	0	0	0	229206	460764	463023	422444	436411	396154	446318	501518	410840	537374	580222	497258	727966	521974	774158	748807	728716	908607	776996	1082411	986367	1025741	1226252	1206521	1258525	1592383	1656929	1912140	2163199	2841815	3205282	4970803	10691180	29029195	5264868	0	0	0	1.3816
39	21698124	18063070	17833272	23246692	117014	117014	0	0	0	228978	467037	472865	429247	443850	400452	453121	508580	412767	544382	586530	499488	734627	521289	778808	752685	729586	913129	775308	1086514	989771	1024465	1227249	1208030	1251994	1591497	1653193	1906715	2153232	2842239	3202243	4971054	10712318	29113532	5254383	0	0	0	1.1976
40	21741593	18071086	17906150	23176705	62638	62638	0	0	0	248085	500127	496849	451038	462399	417353	469409	522737	428054	555594	598429	514293	744411	536408	788377	762650	739973	924424	788437	1093877	1001644	1036982	1236231	1220985	1271229	1602243	1665728	1925353	2178917	2850637	3223872	4981441	10648453	28737935	5270960	0	0	0	1.1799
41	21702009	18024355	17904779	23201766	125263	125263	0	0	0	246073	502697	503415	455275	465350	420332	470272	525148	429343	557872	598462	515798	741602	539153	788550	761895	741663	920693	790599	1088955	1002038	1037809	1235679	1219629	1271864	1600987	1661812	1922477	2176392	2839074	3214275	4966169	10633778	28707622	5280157	0	0	0	1.2619
42	21693846	18093131	17887158	23185764	98273	98273	0	0	0	249532	521867	526573	473191	482073	433562	486225	542412	439279	572339	614173	524793	756121	545729	802953	774589	745367	933179	797201	1103850	1014933	1042699	1245415	1230627	1273243	1611915	1673357	1932692	2187462	2856230	3232600	4984244	10601709	28412733	5235032	0	0	0	1.2627
43	21654373	18104511	17953814	23174245	71229	71229	0	0	0	262413	539006	539137	482571	490830	441210	491634	545315	446507	575177	616390	531663	757741	554504	803417	779144	752686	937188	803112	1103102	1020144	1050982	1250026	1236479	1288136	1617279	1682150	1943071	2199452	2859105	3243666	4989306	10572297	28213552	5268551	0	0	0	1.2541
44	21583467	18056713	17937929	23214108	165955	165955	0	0	0	263455	542596	539759	484540	491585	440748	492959	546367	444413	575480	615188	530932	757455	552047	803179	778135	747185	934910	800993	1100165	1017453	1046768	1247302	1236048	1281102	1614056	1675418	1940268	2197549	2854652	3244025	4986423	10559680	28158367	5291015	0	0	0	1.3736
45	21528877	18156576	17925150	23164349	183220	183220	0	0	0	264163	555468	555712	494829	502415	447982	498596	552760	448534	580329	620965	534198	762539	554225	807048	781547	749946	936230	802045	1099725	1019377	1044302	1246359	1235707	1278988	1611130	1671048	1933464	2192266	2844061	3226473	4965176	10545945	28102166	5309234	0	0	0	1.4137
46	21545184	18166209	17987488	23128000	131291	131291	0	0	0	276696	572623	565024	504536	509442	456491	505492	559067	457183	585466	627637	545468	764740	567293	811843	789691	760798	943180	819147	1104951	1035149	1061461	1257847	1246921	1302602	1625228	1691197	1955822	2223739	2862299	3259047	4992177	10514562	27770505	5301557	0	0	0	1.3749
47	21578264	18151286	18016860	23168714	43048	43048	0	0	0	265557	569893	568893	508580	514837	459531	511777	564664	461486	592917	632169	545823	771628	568226	817641	793612	758872	946498	815961	1111157	1035729	1057492	1260156	1252080	1297527	1628690	1689129	1955872	2218378	2865305	3262014	5002602	10524392	27788177	5297859	0	0	0	1.2659
48	21417828	18229612	18041878	23142554	126300	126300	0	0	0	293600	621793	619341	546741	549492	487316	540212	596108	483136	618292	659007	566851	797095	587997	840408	815596	777961	971471	835794	1133242	1063716	1073823	1283723	1276798	1320012	1654933	1721319	1986973	2251973	2888985	3303084	5024851	10396019	27097375	5146835	0	0	0	1.4541
49	21557490	18196926	18068453	23072195	63108	63108	0	0	0	295259	632032	627923	556685	558077	494447	548557	599480	488441	621174	661896	572690	799811	593114	842994	818487	783885	971365	839546	1131796	1064121	1079080	1283920	1277180	1323957	1653803	1722836	1986822	2254162	2888193	3299130	5026694	10401126	27033971	5162410	0	0	0	1.3915
50	21506542	18155489	18088706	23084428	123007	123007	0	0	0	310128	680998	684539	604778	602947	530316	587340	641251	520193	664221	704056	604542	840135	621057	890119	855161	813045	1011223	874026	1172190	1110465	1109674	1327553	1324197	1369437	1705528	1774954	2045657	2325907	2943791	3377364	5076241	10219606	25803218	5109308	0	0	0	1.5584
