#Name	E:\SaveData\2016-10-13_11_11_05_1001160120_R0057_A_CL100007973_BGI12297_WESPE_result\\CL100007973\L01\CL100007973_L01_23_2.fq
#PhredQual	33
#ReadNum	83289648
#row_readLen	50
#col	48
#BaseNum	4164482400
#N_Count	5745453	0.137963
#GC%	47.62
#Q10%	97.47
#Q20%	90.59
#Q30%	76.97
#EstErr%	1.025125
#Pos	A	C	G	T	N	0	1	2	3	4	5	6	7	8	9	10	11	12	13	14	15	16	17	18	19	20	21	22	23	24	25	26	27	28	29	30	31	32	33	34	35	36	37	38	39	40	41	Err%
1	25649947	22020423	19877461	15632445	109372	109372	0	0	0	7571	32204	44052	47580	61231	71270	154003	197379	168063	281964	315225	284705	527803	302514	579490	560123	660259	769934	672945	1067900	855066	1003248	1180486	1164862	1148914	1604444	1652087	1849636	1986596	3006330	2946480	4877615	11520183	38335499	3242615	0	0	0	0.3991
2	21777159	17196776	21052796	23159978	102939	102939	0	0	0	37920	91615	117288	124852	152703	156668	256203	324121	257617	394477	442723	357526	657393	369492	699958	633059	732382	857254	721331	1141482	881137	1058744	1231109	1169808	1224632	1633966	1689675	1888436	2046096	3025540	3043662	4977703	11466336	35835377	3488424	0	0	0	0.5578
3	20856363	20975709	17599253	23805733	52590	52590	0	0	0	51146	106461	128770	135355	161532	163104	269870	335232	274914	400863	455569	369181	660123	391734	702640	646002	723474	866647	718654	1126367	886996	1051928	1229966	1159118	1233009	1617603	1680266	1889316	2068504	2993024	3084080	5014150	11397278	35291105	3953077	0	0	0	0.5241
4	21831226	20174574	18131784	23150773	1291	1291	0	0	0	44547	96406	120253	125044	151040	151067	262367	330569	260652	404647	450795	370165	661913	385900	711671	652895	719730	864911	723606	1132190	902801	1040948	1229123	1178318	1218226	1624366	1681904	1890950	2070011	2990759	3108688	5040568	11453127	34862608	4375592	0	0	0	0.4446
5	21613722	19463196	19127167	22982751	102812	102812	0	0	0	63148	121851	139704	142172	167601	167590	277344	344151	280132	414000	466432	379777	676559	397634	724370	663494	732142	882628	728485	1145603	907261	1052557	1245098	1176934	1227327	1627296	1685888	1892887	2066214	2989247	3086365	4993718	11379038	34956681	3985508	0	0	0	0.6085
6	21037577	19938149	18876278	23431848	5796	5796	0	0	0	67562	130053	148051	149695	173616	173442	283197	349206	283138	416818	467057	383876	670594	404756	718544	666435	723028	877695	727515	1130636	910867	1041858	1237156	1178848	1222786	1619706	1678955	1888444	2070240	2964778	3098612	5003624	11406650	34800199	4216215	0	0	0	0.5049
7	21653661	19368661	19597894	22561423	108009	108009	0	0	0	80614	146567	169239	169528	198085	192841	306069	375412	299002	437127	490219	394549	696733	410355	737059	673896	734229	888857	731349	1142178	910108	1048696	1239830	1175666	1225826	1618340	1678985	1886862	2061308	2965818	3095488	4993326	11357336	34515937	4134205	0	0	0	0.6697
8	20747115	20194421	18276626	23873153	198333	198333	0	0	0	65414	132344	152570	155001	182320	181813	296979	364986	296391	433888	484978	398490	688344	418826	736337	679830	731554	889453	736038	1137167	921639	1047445	1241989	1182885	1233487	1621910	1678972	1898358	2085499	2970230	3131011	5030048	11368035	34174275	4342809	0	0	0	0.7499
9	20699476	19937005	18693919	23955330	3918	3918	0	0	0	56883	122481	143701	148965	176011	176115	294248	360784	292366	429675	480256	396255	682384	415850	730437	679629	724778	887562	731168	1132479	921919	1039708	1238987	1182800	1225238	1618789	1676901	1895171	2079901	2965309	3128681	5030465	11419058	34464739	4336037	0	0	0	0.5003
10	21004594	19790043	19135858	23188003	171150	171150	0	0	0	82019	154690	171029	170129	195391	191427	309534	376268	302800	442915	494165	402823	697138	421449	741685	688627	732102	897857	736839	1142932	929104	1042669	1246393	1186527	1226192	1624064	1682173	1894468	2078352	2960785	3115327	5009715	11337236	34186848	4246826	0	0	0	0.7517
11	21156048	19723250	19116835	23190376	103139	103139	0	0	0	76358	151958	172310	173414	201756	196462	318112	386305	309749	451234	502871	410123	705418	429067	749087	695291	734764	902122	738982	1143146	931144	1047767	1249177	1189362	1229412	1623393	1682022	1900293	2084222	2962553	3128322	5020834	11321636	34007915	4359928	0	0	0	0.6739
12	20993368	19860055	19117242	22993617	325366	325366	0	0	0	82103	162621	184076	183287	210267	204199	328648	397621	317569	460224	512735	415477	712873	434307	757155	702799	737566	905760	743513	1148758	937700	1044579	1252146	1194264	1228410	1622648	1680389	1896899	2082155	2948715	3123915	5002232	11288379	33710313	4349980	0	0	0	0.9611
13	21135018	19759115	19168892	22809284	417339	417339	0	0	0	87380	171639	193412	193591	221252	212744	337282	405252	323705	467527	516686	420124	716016	437658	762397	706552	737517	905562	745605	1146938	940229	1045238	1249792	1192774	1233399	1623949	1680053	1900150	2094405	2952685	3149631	5034346	11284529	33347063	4435227	0	0	0	1.0895
14	21152611	19757601	19222656	23040902	115878	115878	0	0	0	89685	174096	192603	193327	219566	214538	338980	406890	330497	469626	521404	429314	717618	450124	765835	714246	746120	917301	756018	1149949	950553	1056885	1259345	1201731	1250077	1633777	1696321	1917220	2113531	2960462	3175997	5066909	11288257	33292045	4512923	0	0	0	0.7319
15	21062215	19956559	19294934	22973672	2268	2268	0	0	0	90325	175391	192921	192782	217778	213106	337109	404651	328915	466789	518295	430947	712009	453337	761712	714255	739497	914995	753503	1143474	954940	1055158	1258894	1207397	1252692	1636665	1697732	1927369	2128550	2965755	3199941	5094409	11301781	33222777	4621529	0	0	0	0.5946
16	21072826	19852643	19335065	22815047	214067	214067	0	0	0	122074	243170	268255	263651	295534	283218	334996	399404	328626	462081	513301	427667	702351	453297	751536	710396	734314	910035	751747	1131945	950854	1050373	1253127	1201141	1248674	1626338	1688555	1917522	2118202	2947969	3188254	5072077	11244300	32873982	4606615	0	0	0	0.9525
17	21095411	19847580	19390956	22904301	51400	51400	0	0	0	121305	243607	267854	265736	297141	283386	337669	403660	326903	464925	515927	426676	705462	449233	755284	712720	732263	909541	748165	1137027	951829	1046301	1253816	1204655	1244019	1626976	1691187	1922333	2120613	2954959	3198952	5090044	11259986	32934409	4633685	0	0	0	0.7587
18	20880340	20081834	19365033	22862900	99541	99541	0	0	0	147906	273711	293463	282126	311785	296982	349766	414956	337809	477243	525034	437618	714083	461832	764192	722086	737735	917974	756630	1138039	962943	1050644	1259975	1208367	1252223	1630675	1691809	1922995	2129076	2946841	3198837	5080890	11218060	32577217	4698585	0	0	0	0.8632
19	20923456	20037041	19506181	22753412	69558	69558	0	0	0	149336	285857	303562	290634	320745	304641	357621	420671	345003	482803	532304	444852	718407	470570	767583	729882	740374	921405	764459	1139859	968732	1056463	1262195	1216160	1260767	1637088	1697976	1934840	2144805	2954632	3215028	5092213	11201428	32367792	4719403	0	0	0	0.8442
20	20991199	19905078	19447704	22837141	108526	108526	0	0	0	134553	270749	289733	282405	311653	298818	350532	415705	342411	474872	525940	442258	710933	469659	759727	725941	737216	916620	762725	1134449	967773	1054462	1259726	1212992	1261163	1633426	1693017	1935776	2143586	2949661	3219061	5097877	11202073	32412242	4781388	0	0	0	0.8664
21	20917006	20097370	19492335	22777715	5222	5222	0	0	0	155883	299043	315701	301908	331274	311388	365368	429910	349199	488929	537384	449837	721952	474344	771288	734771	740946	926542	766458	1141050	978742	1055051	1269195	1222863	1266344	1644689	1706599	1946514	2161021	2962178	3249281	5135306	11186684	32059041	4827743	0	0	0	0.7879
22	20789584	19971729	19508388	22524167	495780	495780	0	0	0	194196	349225	355410	330506	355613	329995	384678	445011	362832	500164	547673	460957	729709	484442	778461	741233	746144	930218	769489	1143239	980332	1057393	1266828	1220593	1265609	1638203	1696252	1936652	2151248	2939586	3230647	5092995	11074646	31533465	4770224	0	0	0	1.4475
23	21026625	19899347	19576443	22717236	69997	69997	0	0	0	154348	312605	329885	316433	345703	326386	378907	441878	365266	499091	549936	463738	730244	492034	782350	745433	752345	934824	780576	1147662	988634	1069637	1275462	1232981	1285075	1652219	1715427	1958393	2180617	2962181	3265988	5138389	11148337	31642338	4854329	0	0	0	0.8901
24	20882269	20113292	19584552	22654230	55305	55305	0	0	0	160495	313828	328481	314898	344208	322260	378053	441463	360311	498570	547551	460926	727976	487198	781330	746922	745818	933362	774966	1144684	990334	1059435	1276472	1233465	1271365	1649848	1708458	1955148	2178942	2960798	3264646	5132924	11154133	31693556	4891519	0	0	0	0.8731
25	20943404	20080218	19671160	22482404	112462	112462	0	0	0	182086	348999	360447	339596	364748	340530	395999	461284	373719	516142	563802	474746	741380	498789	792592	758414	752532	942473	784536	1151784	1000153	1063640	1280649	1239663	1279595	1656449	1713424	1961509	2185012	2957630	3274816	5138718	11083563	31303832	4893935	0	0	0	0.9964
26	20970085	19977001	19676555	22609408	56599	56599	0	0	0	182696	353728	364307	346853	369913	348210	400068	463683	384405	520143	568016	485392	744471	512276	795638	764260	764492	950947	796421	1153424	1007623	1083872	1288473	1246795	1301436	1664481	1727963	1977811	2207584	2968531	3294679	5155050	11066584	31050263	4922561	0	0	0	0.9399
27	20812283	20156982	19679057	22557980	83346	83346	0	0	0	181271	362475	374159	353741	378874	355332	408400	470668	389250	524002	573641	488848	749169	516227	801771	769287	764521	955053	800231	1156694	1014338	1083304	1291867	1253329	1304544	1669649	1729925	1984275	2213945	2970503	3303941	5164714	11055855	30839063	4953436	0	0	0	0.9853
28	20925517	20114086	19751441	22423804	74800	74800	0	0	0	175720	362866	376578	357509	383528	358513	413250	477813	392780	530757	579624	492016	754160	517342	804519	771511	765594	957792	799025	1159915	1012814	1081648	1290725	1252109	1300429	1666760	1723988	1977807	2199238	2963436	3282260	5138688	11037466	30932577	4924091	0	0	0	0.9781
29	20918730	20007756	19761688	22537425	64049	64049	0	0	0	196908	391215	400404	373295	398198	373650	425620	487463	406025	538123	587967	506564	761937	532117	812225	781615	775817	964374	811614	1162407	1026318	1096369	1299393	1262337	1320531	1679459	1740059	1997702	2235970	2977695	3328815	5182092	10994043	30434668	4962610	0	0	0	1.0083
30	20853022	20147442	19746031	22482504	60649	60649	0	0	0	195979	398084	408500	382956	404562	379403	431394	493600	409689	544709	594048	509168	764336	536092	815773	785486	776574	966363	815621	1163694	1028892	1094210	1301316	1263302	1322363	1675950	1739873	1997609	2232960	2971106	3319679	5168589	10975296	30390899	4970924	0	0	0	1.0159
31	20911355	20137141	19892703	22340843	7606	7606	0	0	0	210185	417194	423101	394512	418449	388666	441125	505679	419041	552212	599372	516339	772766	542325	824701	791504	782912	974578	823555	1169178	1036741	1102348	1308561	1272398	1330824	1689154	1746602	2004992	2245599	2979470	3339751	5190297	10964509	30106952	4996450	0	0	0	0.9826
32	20968498	20035584	19824118	22453567	7881	7881	0	0	0	198654	416386	426927	399382	423258	388441	445588	509654	414828	557453	607044	514503	775783	537750	827030	796886	777670	975297	817478	1172037	1039502	1092149	1309181	1275278	1319905	1684977	1744447	2002619	2243194	2980548	3335728	5183272	10949770	30120773	5018375	0	0	0	0.9815
33	20800457	20193083	19836200	22379533	80375	80375	0	0	0	231508	464147	465991	430875	450232	416478	468412	530734	439415	574437	621712	536066	788778	562300	839238	809866	796106	988255	838996	1177998	1058182	1116704	1321771	1289204	1351337	1701903	1762159	2029672	2272972	2988101	3367772	5198989	10877793	29483958	4957212	0	0	0	1.1424
34	20813248	20089917	19861047	22128818	396618	396618	0	0	0	214802	452190	458504	426918	449735	410001	466844	532652	431875	575263	621524	527957	789605	551880	840658	806561	784132	983045	825775	1177154	1047655	1099236	1314660	1281889	1330060	1691123	1751645	2011950	2253104	2972002	3356315	5193820	10839780	29484940	4937776	0	0	0	1.5036
35	20826792	20128511	19943915	22370357	20073	20073	0	0	0	254672	502764	506555	462698	480340	433913	494823	557124	448466	598288	643859	545632	810117	564795	857965	825124	798440	999914	838921	1188412	1067482	1110746	1327595	1300580	1342153	1709748	1766060	2027954	2273258	2991989	3374442	5202058	10821705	29198354	4942629	0	0	0	1.1347
36	20725413	20247534	19925077	22326547	65077	65077	0	0	0	254630	504856	505608	462946	480629	434372	492258	555231	452360	596587	642702	546210	805845	568894	855031	824664	797943	998296	840461	1187110	1067073	1113599	1325627	1297758	1347288	1703854	1762830	2028748	2278181	2982896	3371711	5199460	10813386	29141211	4984316	0	0	0	1.1889
37	20789853	20236850	20012603	22180775	69567	69567	0	0	0	258733	523451	524798	478253	496235	446822	506941	570306	459058	609479	654173	554657	816021	577321	865552	833849	803845	1006456	849216	1192100	1076449	1119351	1332714	1307272	1350838	1710178	1769796	2036461	2285026	2989299	3379274	5200304	10760054	28910973	4964826	0	0	0	1.2241
38	20717862	20093086	19918553	22271934	288213	288213	0	0	0	260990	531650	530112	483828	498356	454087	509722	570509	467463	607933	654986	566261	816405	588138	865539	836940	813936	1009268	862799	1193987	1082760	1130678	1338737	1312759	1371171	1721055	1782639	2050231	2306538	2995493	3403138	5213511	10705037	28509170	4955609	0	0	0	1.4974
39	20689861	20236447	19959591	22282177	121572	121572	0	0	0	260423	537689	541606	492459	506118	459329	516545	578194	471154	615771	660275	565668	822874	588515	873738	839741	811399	1015653	857596	1198471	1086916	1126489	1342058	1316171	1365537	1720479	1779880	2047348	2299876	2996553	3398189	5220933	10725901	28580485	4948043	0	0	0	1.3101
40	20745706	20244966	20060128	22173958	64890	64890	0	0	0	281247	574545	571055	516685	528070	478671	531845	595524	486479	628562	673694	581346	834751	605468	881740	852354	825068	1024547	875367	1204865	1099027	1142265	1352168	1329521	1384145	1733368	1793127	2064709	2326561	3003667	3417004	5225684	10651563	28182888	4967178	0	0	0	1.2961
41	20716860	20137417	20021285	22281900	132186	132186	0	0	0	280814	582002	578414	520324	533270	482083	535788	597492	491075	631523	675802	584893	833793	608866	882574	855562	825808	1024422	875708	1200846	1100292	1141122	1350152	1326468	1385984	1731246	1790646	2064623	2320682	2995970	3411112	5203015	10634503	28136540	4964048	0	0	0	1.3856
42	20670327	20266395	20015636	22236196	101094	101094	0	0	0	284587	602058	602462	542513	552981	496361	554491	614809	502395	648979	691265	594994	850081	615859	899024	868430	832508	1037645	884561	1215143	1112966	1145934	1362641	1337492	1387530	1742782	1801868	2071190	2332464	3007104	3426777	5217429	10597704	27836251	4917276	0	0	0	1.3848
43	20659327	20274819	20118957	22160528	76017	76017	0	0	0	299254	626573	620054	554656	563113	506299	561491	622101	510209	652381	696883	604425	849658	625793	900698	869446	837922	1039507	892020	1217195	1120754	1153044	1365093	1342287	1402883	1749078	1805897	2082761	2346051	3012356	3432255	5219818	10564951	27622416	4944309	0	0	0	1.3861
44	20621567	20164241	20065830	22263970	174040	174040	0	0	0	301789	629472	623911	558671	563469	508278	562856	623502	508150	653468	699217	603078	853292	622402	900610	871785	837440	1037560	890759	1215138	1121169	1151564	1364213	1342197	1396826	1745605	1805820	2077214	2340549	3005454	3431322	5219995	10545998	27540842	4961993	0	0	0	1.5088
45	20529500	20306840	20044380	22218114	190814	190814	0	0	0	303614	645328	640700	571717	577378	517032	572967	630386	515205	660105	704296	608323	856580	628414	906167	875576	837777	1040470	890318	1215812	1122503	1148166	1361482	1344692	1394365	1744204	1799536	2072877	2334593	2996265	3421544	5193660	10512246	27475797	4978739	0	0	0	1.5516
46	20556435	20341817	20128679	22129377	133340	133340	0	0	0	316343	665692	652968	582572	585900	526319	581283	637904	525961	664680	710850	620872	861127	644405	912800	885624	852012	1049232	909570	1222480	1137660	1167176	1376123	1359255	1419396	1758734	1817935	2098044	2365385	3011680	3446758	5216454	10476746	27131719	4964649	0	0	0	1.5109
47	20625099	20256903	20132619	22229818	45209	45209	0	0	0	308156	665791	660121	590078	593684	532597	588886	647526	530147	676911	719472	622792	871502	644869	919054	891325	850196	1058385	906619	1226402	1140187	1163307	1378751	1362605	1414291	1758789	1819559	2097775	2368693	3018085	3450845	5221244	10474168	27124771	4946856	0	0	0	1.4116
48	20440730	20377694	20162522	22174499	134203	134203	0	0	0	337792	724631	714305	632576	633826	562291	621754	679655	552714	702814	746397	645287	897869	661916	945042	915233	869128	1078410	928689	1249568	1167197	1181567	1401827	1385979	1436025	1788100	1846719	2121881	2393891	3035375	3481082	5233537	10343674	26442861	4795833	0	0	0	1.6090
49	20564940	20352727	20240529	22066289	65163	65163	0	0	0	341028	735037	728634	643956	642254	571164	629338	686234	560593	708087	752436	653096	902931	671374	948881	915869	874386	1082220	934234	1251637	1171707	1186691	1404396	1390431	1441264	1788651	1845857	2123115	2397304	3033984	3481668	5227111	10326494	26357372	4815051	0	0	0	1.5453
50	20508419	20255167	20256060	22139988	130014	130014	0	0	0	361427	800123	791778	700561	697284	614536	675554	735940	595969	754080	799422	686185	950391	701826	995545	958665	905099	1125339	969061	1295110	1215200	1217326	1447545	1435264	1484305	1834220	1899580	2175511	2463326	3076320	3541839	5262543	10129610	25100553	4762597	0	0	0	1.7321
