#Name	E:\SaveData\2016-10-13_11_11_05_1001160120_R0057_A_CL100007973_BGI12297_WESPE_result\\CL100007973\L01\CL100007973_L01_21_2.fq
#PhredQual	33
#ReadNum	86161961
#row_readLen	50
#col	48
#BaseNum	4308098050
#N_Count	5827615	0.135271
#GC%	47.74
#Q10%	97.37
#Q20%	89.99
#Q30%	75.81
#EstErr%	1.067676
#Pos	A	C	G	T	N	0	1	2	3	4	5	6	7	8	9	10	11	12	13	14	15	16	17	18	19	20	21	22	23	24	25	26	27	28	29	30	31	32	33	34	35	36	37	38	39	40	41	Err%
1	26177407	22569393	19199457	18108378	107326	107326	0	0	0	8759	36365	50541	56222	73067	84898	186142	241219	197726	344341	382885	334189	639526	341863	698902	653940	756400	887587	752504	1235698	950868	1102910	1318540	1289124	1242628	1764604	1807857	2005376	2133775	3278728	3165412	5149078	12066364	37823177	2993420	0	0	0	0.4262
2	22758558	18305661	20727419	24266033	104290	104290	0	0	0	44049	103842	132893	143551	177213	181816	301196	380606	304914	457487	520929	409394	763530	420022	806902	715584	816807	965893	791191	1275353	957344	1155105	1354751	1261473	1329048	1766379	1828823	2033277	2198876	3248930	3257727	5255527	11918238	35356968	3422033	0	0	0	0.6014
3	21710359	21227938	18586531	24586183	50950	50950	0	0	0	59246	116732	143178	149847	181947	178747	304787	388482	295595	472265	526443	413256	780441	415418	830007	733217	821872	979509	795817	1299732	979831	1148862	1364800	1281830	1307107	1773670	1824359	2018847	2174724	3240612	3232133	5206428	11906729	35212010	3552531	0	0	0	0.5593
4	22221865	20944280	19054810	23939396	1610	1610	0	0	0	56661	113051	141494	147720	179355	174371	308829	394643	298400	478605	532229	422528	780833	425895	836435	747940	815306	983280	798219	1288662	996602	1137029	1368467	1291321	1310116	1767335	1823465	2028563	2193070	3222504	3283090	5257797	11897231	34612886	4046419	0	0	0	0.5002
5	21905418	20503057	19767311	23880794	105381	105381	0	0	0	70252	132771	155083	157929	189095	187714	317858	399431	314103	482271	542959	426806	788208	435182	841759	752158	821793	993226	800162	1296519	995288	1144541	1370790	1286114	1314036	1771150	1822237	2027621	2193647	3209727	3262460	5222413	11851520	34692249	3787508	0	0	0	0.6485
6	21494268	20836633	19584283	24241292	5485	5485	0	0	0	65030	129014	153492	156549	187980	182056	320287	403164	308628	488225	543495	429702	787507	438298	842009	761560	809745	992137	798467	1289525	1008799	1130785	1368811	1297553	1304979	1768509	1817353	2032199	2198119	3202299	3295682	5255197	11909506	34395736	4084079	0	0	0	0.5277
7	21998318	20356877	20217606	23477916	111244	111244	0	0	0	75045	142762	172031	176717	212587	202558	344686	431351	324262	511589	565704	440582	812020	442072	859206	768391	819459	1001135	800804	1298450	1009121	1133645	1370784	1294095	1301826	1765211	1820979	2022244	2190356	3200225	3283783	5233623	11874135	34196206	3953073	0	0	0	0.6884
8	21253751	21111428	19023837	24572238	200707	200707	0	0	0	66479	131492	156755	162429	194645	188971	331305	416605	318433	500840	560457	436506	805350	441739	858194	774277	813622	1007205	797781	1301371	1016295	1123816	1375404	1299799	1293843	1769001	1819388	2020789	2188432	3198322	3292562	5240630	11880890	34255700	3921927	0	0	0	0.7666
9	21214644	20870784	19491876	24580870	3787	3787	0	0	0	66612	137139	161747	167954	199304	197325	336361	415078	329387	496322	553817	444823	789702	457381	841859	764908	809167	995786	799461	1271942	1008092	1128532	1361902	1285882	1310600	1753983	1810385	2023538	2207334	3181895	3308711	5266686	11876161	34122488	4275910	0	0	0	0.5451
10	21487787	20726440	19839710	23936339	171685	171685	0	0	0	91961	169229	190177	190786	222139	217505	357549	437498	348855	513437	573638	455753	806855	471381	854194	780225	816148	1009848	807732	1279756	1016976	1136599	1370567	1291098	1321432	1755107	1817414	2032968	2215314	3171989	3309203	5254672	11787577	33787932	4126762	0	0	0	0.7941
11	21607906	20638112	19816630	23995638	103675	103675	0	0	0	85160	163696	189345	191294	223624	216478	360087	444226	344493	520324	579130	456072	814457	465299	865481	784136	819156	1013212	806182	1290151	1021382	1134676	1373683	1299280	1311422	1761452	1815353	2026613	2205071	3175462	3297800	5237189	11794055	33838388	4134457	0	0	0	0.7117
12	21477028	20776486	19797140	23787865	323442	323442	0	0	0	93235	177855	202349	203294	234634	225839	374272	455574	353028	531196	590032	463552	823276	472162	874009	793920	821284	1019326	809572	1291368	1027609	1133121	1374822	1299466	1307180	1760255	1811606	2024632	2202649	3167205	3292747	5219433	11737334	33531709	4138974	0	0	0	0.9911
13	21624714	20653692	19821463	23637164	424928	424928	0	0	0	98401	184387	210522	212273	245772	234431	379368	464448	356011	538808	594711	466714	828495	472036	876770	793690	820045	1020014	808826	1291906	1028467	1128434	1372767	1299949	1306895	1758791	1809336	2021966	2206297	3160316	3308602	5247915	11735909	33254084	4199677	0	0	0	1.1240
14	21642235	20677848	19896858	23827420	117600	117600	0	0	0	101362	188104	211722	212011	242576	235252	382415	464653	365046	539428	597549	475540	824901	487598	877041	800561	828074	1024074	821040	1291581	1037834	1142979	1382987	1305448	1325856	1767472	1820248	2041798	2226585	3168925	3335617	5277003	11749778	33191890	4299413	0	0	0	0.7722
15	21582177	20852705	19965431	23759020	2628	2628	0	0	0	100308	188460	210719	211120	240817	233603	380615	461158	363184	535604	594856	474752	820639	489568	873138	802607	818837	1024966	816976	1285916	1043509	1135347	1381066	1308388	1324459	1766224	1823869	2049418	2238389	3168258	3357181	5295266	11775850	33168763	4395503	0	0	0	0.6361
16	21643068	20742375	19994451	23568864	213203	213203	0	0	0	135845	263581	294169	291650	329175	313517	375487	452767	362795	526034	584813	472362	805515	489052	860457	795792	811990	1014870	813592	1272346	1034724	1128372	1372151	1298785	1319732	1754329	1812468	2035422	2230649	3148542	3344270	5279477	11706484	32817999	4399545	0	0	0	0.9915
17	21662782	20725467	20061892	23662214	49606	49606	0	0	0	136315	265209	294925	292005	332623	313058	378743	456681	360201	531823	587720	470920	809432	484956	862099	797160	806984	1015081	808869	1274816	1038454	1122672	1372022	1304935	1313106	1757317	1813208	2036164	2229865	3154192	3353945	5299974	11726579	32879093	4431209	0	0	0	0.8043
18	21455681	20938833	20056478	23611713	99256	99256	0	0	0	166101	296972	321791	311489	348552	323431	392212	469874	368164	544439	599031	478630	820044	493981	874163	808058	813867	1025552	816843	1282101	1047121	1126216	1377983	1310752	1314667	1757119	1814819	2038769	2231322	3150151	3347608	5271484	11687256	32602960	4429183	0	0	0	0.9103
19	21503677	20883529	20175180	23526909	72666	72666	0	0	0	167157	309547	331007	320667	356365	333717	400031	477189	377469	548850	604142	487540	824661	502989	876085	814614	817598	1027962	821729	1279370	1054184	1130534	1380206	1314706	1325359	1764119	1819696	2044687	2246437	3150138	3361670	5284354	11659128	32383537	4491851	0	0	0	0.8960
20	21578658	20776186	20104300	23598223	104594	104594	0	0	0	150804	293734	317828	310409	347468	328876	393888	468226	376176	539690	599010	485055	812064	505223	865575	808329	810492	1024079	822107	1268316	1052121	1130883	1375892	1310438	1327284	1759992	1818198	2050551	2252831	3144239	3368811	5300780	11656224	32404728	4577046	0	0	0	0.9078
21	21486849	20947194	20179232	23542560	6126	6126	0	0	0	180511	326735	347894	334723	370427	343963	408655	487349	384216	552922	609645	491599	821964	508865	877107	817978	813232	1029907	823877	1274210	1060536	1129530	1382609	1320915	1329953	1767462	1823795	2054745	2261141	3150714	3392398	5316621	11635184	32127447	4597006	0	0	0	0.8467
22	21377967	20830076	20172806	23278672	502440	502440	0	0	0	218155	378758	389071	362929	393729	363136	426365	502864	398357	564663	619403	504880	830293	520661	884085	823908	820009	1034065	829234	1271284	1061676	1132291	1380933	1314634	1334437	1758534	1814757	2050364	2255921	3125788	3371063	5280786	11518813	31528662	4595013	0	0	0	1.4916
23	21595843	20769971	20232496	23492757	70894	70894	0	0	0	171901	333802	355864	342864	378399	355457	418636	495664	397700	562624	619133	506025	832733	524548	885467	827024	824299	1038897	837067	1277761	1068660	1142193	1390831	1326414	1347626	1772731	1828943	2068338	2275660	3148920	3404270	5331023	11601854	31757242	4640497	0	0	0	0.9337
24	21451039	20958487	20272985	23422719	56731	56731	0	0	0	182719	341708	360123	346959	381558	355017	421363	498436	395229	563540	617410	504338	828921	523339	884369	827090	817016	1035868	832157	1272827	1072293	1133865	1385432	1327528	1338109	1768623	1822915	2063345	2274720	3144310	3407506	5328357	11602366	31722618	4723256	0	0	0	0.9278
25	21506977	20902465	20351752	23287654	113113	113113	0	0	0	202683	374564	390230	368479	401910	370461	438673	515561	406693	580259	635727	515318	842348	531759	897329	841721	821602	1043541	836405	1281563	1085453	1134379	1393527	1335458	1339798	1770747	1829934	2069030	2279810	3141659	3412030	5324031	11540874	31399096	4696196	0	0	0	1.0422
26	21522525	20822261	20358611	23400141	58423	58423	0	0	0	204064	379368	395235	372093	405465	378034	443476	518814	416731	583310	639648	526065	843993	546389	900036	845900	834230	1050201	850483	1281318	1086918	1150294	1397349	1340634	1362368	1779819	1837475	2083518	2300586	3149303	3427198	5340644	11525470	31177091	4730018	0	0	0	0.9885
27	21375827	20980197	20352943	23368414	84580	84580	0	0	0	202770	388447	402612	381546	414134	385118	448348	525290	421812	586884	643586	527714	848313	548050	902684	849623	831454	1051674	851158	1280099	1092398	1151251	1397162	1342048	1364453	1782119	1842333	2084376	2303438	3147766	3438425	5340120	11506350	31026839	4766987	0	0	0	1.0308
28	21491029	20943577	20429441	23221572	76342	76342	0	0	0	196559	389493	407612	387274	419498	388010	455834	534155	423134	594755	647652	532000	850201	550224	906444	853906	833041	1055710	851710	1286182	1092270	1149087	1400828	1340366	1359311	1778069	1835916	2077965	2294688	3142531	3419788	5327023	11496329	31053345	4754709	0	0	0	1.0258
29	21475841	20870209	20406180	23343901	65830	65830	0	0	0	219908	418549	430634	405091	436207	404933	469190	542337	440233	603206	656489	543133	858474	566949	911602	859980	841604	1060425	864363	1285167	1102979	1163447	1408837	1352021	1381388	1791197	1849169	2099622	2324365	3147013	3458161	5364014	11437634	30597983	4799827	0	0	0	1.0575
30	21416629	20992349	20400715	23290533	61735	61735	0	0	0	217397	425635	439919	412491	443004	409021	474594	548589	443580	606966	660522	549008	861221	569910	911949	865622	842285	1062198	868005	1286030	1104325	1162258	1405448	1351612	1380407	1790577	1845964	2096905	2323265	3144498	3451374	5346787	11427912	30564050	4806898	0	0	0	1.0628
31	21467831	20995071	20515509	23174888	8662	8662	0	0	0	236094	446452	455227	425226	455358	419429	484916	558761	449983	616078	669403	554851	866244	576098	919532	868820	847618	1069616	873853	1289483	1110795	1166254	1412854	1355336	1390103	1797185	1848864	2105122	2332200	3146839	3464921	5361798	11414668	30341159	4822159	0	0	0	1.0332
32	21526702	20896316	20481655	23248153	9135	9135	0	0	0	220470	444330	456986	429042	458548	418020	487934	563038	446626	621162	675492	552278	871015	568623	926246	875257	840112	1071483	866458	1289971	1118264	1155410	1412479	1360268	1372514	1791982	1847604	2100771	2328553	3147556	3463989	5360515	11407602	30338097	4864131	0	0	0	1.0285
33	21373857	21044232	20500373	23161450	82049	82049	0	0	0	257335	495137	500739	463435	488154	446047	511743	586559	471582	635422	691013	575057	882646	595321	936190	885849	859139	1080979	886728	1297490	1130133	1179224	1422213	1376075	1406843	1807114	1862710	2124179	2359672	3150543	3488693	5373836	11316446	29725849	4809817	0	0	0	1.1902
34	21406196	20912078	20490792	22953376	399519	399519	0	0	0	236618	477371	490050	457410	487062	440577	511818	588048	463241	640122	691792	567300	885459	582721	937168	883559	848166	1078282	873135	1291678	1127066	1159263	1412834	1368211	1383831	1795564	1854570	2108596	2338757	3141418	3484411	5362830	11280461	29723175	4789878	0	0	0	1.5359
35	21394352	20973262	20604851	23169100	20396	20396	0	0	0	282612	536558	542338	496656	522077	464626	539712	615225	480004	661135	713193	583658	900392	598333	952497	902419	855129	1092419	887152	1303482	1143378	1168911	1426972	1382577	1395809	1808710	1864584	2122301	2359335	3148216	3498068	5368929	11267382	29446462	4810314	0	0	0	1.1848
36	21282334	21093586	20582412	23137282	66347	66347	0	0	0	281200	536898	543141	495728	520785	465073	537023	612554	482149	660780	710416	583606	898848	599311	949658	899140	857906	1087703	889268	1298942	1139234	1171200	1424890	1378745	1397875	1804220	1861979	2121820	2359599	3142586	3489923	5367095	11257237	29427967	4841115	0	0	0	1.2368
37	21367293	21072177	20636621	23014789	71081	71081	0	0	0	287910	555580	560733	511423	535647	476436	550722	625992	489561	671639	721101	592175	908889	605000	959289	908509	861260	1098172	893350	1305059	1149712	1173542	1429850	1386850	1398110	1810288	1866864	2127447	2366417	3144569	3500624	5367024	11215110	29207217	4828809	0	0	0	1.2712
38	21291901	20946298	20540679	23093531	289552	289552	0	0	0	290227	562512	563274	515662	536944	482019	552311	624822	499515	667888	720116	600366	903035	618249	955624	908944	869865	1097919	904089	1301914	1151911	1186835	1432658	1389826	1418505	1817489	1873750	2138981	2383423	3150699	3516576	5380011	11164674	28850426	4841350	0	0	0	1.5323
39	21255018	21110093	20592975	23079619	124256	124256	0	0	0	290317	571503	575737	525236	545082	488709	558360	630390	501374	675982	727060	603391	911146	619078	963299	914741	868617	1104378	905668	1305460	1157203	1180745	1435333	1393557	1413603	1818389	1871577	2139802	2380094	3149532	3520076	5382081	11172689	28882515	4854981	0	0	0	1.3549
40	21325056	21089214	20655865	23023600	68226	68226	0	0	0	308834	606501	607601	549153	567318	506455	577288	649259	517555	690666	740112	619022	921961	635791	973773	925069	881284	1113431	919741	1313056	1171333	1194581	1443636	1403826	1429021	1831351	1882360	2150207	2401245	3154015	3535304	5385970	11101373	28547449	4838194	0	0	0	1.3415
41	21297712	21003189	20632012	23095144	133904	133904	0	0	0	309630	613261	613892	554255	573992	512135	579959	651212	521868	689985	740960	621195	922150	637021	971313	927836	880988	1111002	920041	1310091	1169166	1197807	1443811	1401660	1433108	1827740	1881017	2147395	2397873	3146773	3525162	5376552	11078978	28476044	4862185	0	0	0	1.4265
42	21243615	21131452	20644903	23037709	104282	104282	0	0	0	315629	637299	638480	576350	591868	526440	598449	670608	531320	709469	758894	631749	935170	645853	984586	939380	887121	1123549	925038	1320512	1183437	1197861	1452607	1414200	1433079	1837043	1891509	2157237	2411180	3160403	3541054	5382471	11036159	28194155	4817520	0	0	0	1.4298
43	21257353	21114683	20727319	22985006	77600	77600	0	0	0	330672	662695	656363	588355	601989	534719	605257	675403	540271	712358	760243	639610	939573	656046	988431	941659	893590	1125094	933920	1322496	1187475	1207668	1455109	1419495	1445229	1840117	1895721	2164159	2418364	3155557	3546494	5381825	11005753	28003475	4849176	0	0	0	1.4292
44	21228391	21021628	20674100	23061699	176143	176143	0	0	0	335242	667711	661142	592398	604108	537887	607653	677865	538189	712009	759951	637938	935344	653276	988986	944332	886813	1123338	931003	1318932	1187010	1203205	1453984	1418280	1439487	1837951	1893204	2165780	2416501	3150885	3543333	5378781	10987995	27915152	4880153	0	0	0	1.5507
45	21142053	21156356	20660606	23006989	195957	195957	0	0	0	337783	682021	679419	607630	616705	544790	617664	684972	545022	719009	767925	640863	941485	655073	989711	948155	889364	1125758	931274	1316311	1190404	1199756	1453659	1417338	1436878	1832692	1888802	2156687	2410282	3142313	3530973	5355905	10958505	27856329	4894547	0	0	0	1.5957
46	21163415	21162586	20738168	22957393	140399	140399	0	0	0	352920	703330	692350	615242	626454	556190	624389	693209	556340	724360	775111	655743	944021	671169	994349	952174	901248	1131763	947247	1322819	1201730	1217696	1461965	1430202	1462664	1849982	1905124	2179378	2436040	3158910	3557575	5378977	10926751	27534462	4879678	0	0	0	1.5598
47	21223677	21100967	20762565	23026662	48090	48090	0	0	0	341807	704418	697205	624022	635077	561426	631794	702445	557391	733290	781575	656897	952123	671544	1003210	960803	899975	1136756	945985	1327583	1205463	1214714	1465506	1433444	1458568	1847847	1903785	2180712	2437087	3159709	3559487	5378765	10927249	27539472	4876737	0	0	0	1.4570
48	21045343	21219260	20783038	22976460	137860	137860	0	0	0	373479	764483	754161	668116	672678	588883	665001	733029	581545	760550	809017	678000	980106	690557	1027018	983410	917486	1160514	966035	1345293	1231507	1230462	1484600	1458622	1476312	1871074	1926079	2201527	2465844	3174414	3589758	5392656	10782400	26888274	4731211	0	0	0	1.6506
49	21199958	21197060	20822896	22872861	69186	69186	0	0	0	378394	776844	766380	679194	682877	600093	670856	739047	589612	763763	813413	686410	980772	698238	1029681	985660	920147	1160110	971061	1346540	1231344	1235452	1485369	1459046	1482022	1871026	1928043	2203961	2466222	3173362	3583682	5388678	10774165	26812661	4758650	0	0	0	1.5902
50	21125373	21139795	20828699	22933400	134694	134694	0	0	0	403353	841249	833526	737028	738037	642116	720876	793594	619096	813892	863640	717324	1031616	724960	1079510	1027304	949350	1205033	1000909	1387876	1279439	1261829	1529641	1504299	1516356	1920404	1979893	2254121	2526750	3219925	3653089	5430487	10559336	25537624	4723785	0	0	0	1.7754
