#Name	E:\SaveData\2016-10-13_11_11_05_1001160120_R0057_A_CL100007973_BGI12297_WESPE_result\\CL100007973\L01\CL100007973_L01_17_2.fq
#PhredQual	33
#ReadNum	84308418
#row_readLen	50
#col	48
#BaseNum	4215420900
#N_Count	5655136	0.134154
#GC%	44.90
#Q10%	97.60
#Q20%	90.86
#Q30%	77.37
#EstErr%	0.984313
#Pos	A	C	G	T	N	0	1	2	3	4	5	6	7	8	9	10	11	12	13	14	15	16	17	18	19	20	21	22	23	24	25	26	27	28	29	30	31	32	33	34	35	36	37	38	39	40	41	Err%
1	26967513	20098101	18491682	18644639	106483	106483	0	0	0	7902	32433	44654	49915	64855	77422	160139	203950	181155	288198	329393	292364	539240	317461	594228	560866	668130	778015	676604	1067556	840609	1020921	1187265	1151515	1197092	1616134	1674149	1881310	2044860	3014858	3052809	5033632	11513080	37815259	4223962	0	0	0	0.3986
2	23435107	16556022	19636657	24577870	102762	102762	0	0	0	24924	68093	91529	102295	129939	134933	241701	312328	242686	390984	437937	354535	664732	364248	712127	637910	736054	865955	727442	1160092	884768	1071403	1250883	1185577	1245789	1663670	1716008	1922138	2087323	3079114	3102079	5059853	11595354	35894322	4046931	0	0	0	0.5122
3	22316281	19458145	17454305	25028526	51161	51161	0	0	0	52046	105409	128027	135161	163377	163225	273348	344339	272187	417264	469599	376074	687217	390099	733667	661646	743825	885559	734417	1163984	900999	1068016	1256925	1186088	1244154	1650962	1709274	1917356	2087115	3044454	3110081	5040923	11507662	35460014	4172764	0	0	0	0.5221
4	22821926	19198984	17854529	24431545	1434	1434	0	0	0	66695	119744	142176	145575	174119	171770	281217	351957	275781	422374	474251	376682	696161	389600	739872	667845	743910	893568	732503	1174735	913615	1063045	1264904	1196917	1234352	1652908	1709933	1912373	2070084	3032936	3087008	5004863	11473259	35735548	3914704	0	0	0	0.4885
5	22712509	18702715	18552628	24238019	102547	102547	0	0	0	62132	120557	138814	142057	169328	169995	285179	354627	285601	427358	480674	389614	697769	408202	745496	678237	747662	900194	744914	1169226	920277	1070992	1265933	1199023	1254105	1654435	1715980	1928098	2105204	3033650	3144390	5064167	11464053	34934727	4333201	0	0	0	0.6071
6	22395046	18994549	18269161	24644920	4742	4742	0	0	0	66714	127613	148177	150289	177386	172937	291692	362746	284191	435158	487136	392390	704084	404119	750467	688044	741971	904258	738990	1173784	935116	1059147	1272214	1209450	1236283	1656146	1714367	1923167	2095965	3029879	3142496	5051379	11509378	35101476	4165067	0	0	0	0.5052
7	22801917	18569330	18802682	24024795	109694	109694	0	0	0	80193	146863	169456	171627	202775	197570	313420	388357	303150	454583	504913	403924	719601	417380	763087	693481	748861	909568	743967	1172877	930192	1062105	1267496	1202535	1237788	1649725	1709713	1915680	2093546	3013108	3148167	5051661	11462592	34679115	4269648	0	0	0	0.6731
8	22138720	19172961	17649217	25148706	198814	198814	0	0	0	66222	126541	148486	152294	179769	178799	297945	369871	293502	442353	496158	398478	711422	412705	759363	694068	747054	911725	742381	1173795	935040	1059411	1269547	1205878	1240813	1652846	1709629	1920843	2099249	3024680	3152368	5063835	11480747	34734420	4257367	0	0	0	0.7406
9	22158199	18952300	17903728	25290964	3227	3227	0	0	0	50631	105865	130775	136535	166042	164166	287686	360752	279775	437799	488849	389887	709161	401435	758317	695221	736930	911770	733838	1181338	938575	1050451	1272897	1210327	1221762	1657824	1711890	1916979	2087368	3036218	3144001	5057947	11548437	35180904	4142839	0	0	0	0.4753
10	22405022	18780962	18201369	24750342	170723	170723	0	0	0	83186	152719	168233	168909	194790	191407	308382	378691	304361	445755	501054	404644	710942	424030	756549	697425	743692	912372	743565	1167809	939281	1062150	1269417	1206201	1243036	1648866	1707198	1920428	2104456	3001642	3147037	5047145	11434428	34581535	4366360	0	0	0	0.7433
11	22489435	18757757	18196285	24762432	102509	102509	0	0	0	76040	145804	168067	170173	198285	194502	316008	389387	308655	457798	511089	410064	721191	425961	767609	703498	747923	917289	745648	1171881	941108	1061289	1272714	1206538	1242146	1647800	1710080	1921381	2104313	3005222	3151887	5055223	11436540	34482522	4420274	0	0	0	0.6623
12	22338392	18906891	18166561	24576566	320008	320008	0	0	0	83532	158779	179895	180273	209703	203825	327633	399036	316386	467502	520357	417902	728501	432986	775975	711836	749589	921975	750287	1173318	949382	1059708	1275476	1208918	1242778	1647437	1705974	1921128	2105871	2998225	3148787	5039446	11393458	34161529	4421003	0	0	0	0.9430
13	22396431	18838442	18197619	24457944	417982	417982	0	0	0	86840	165355	186893	189632	218031	211276	334193	406137	319496	472207	524532	420600	730627	434800	776708	714612	747337	921644	748364	1170950	950189	1056797	1270669	1209723	1242896	1647950	1705505	1925359	2113130	2995959	3173756	5076785	11408459	33777234	4555791	0	0	0	1.0725
14	22412237	18927690	18261230	24591532	115729	115729	0	0	0	88644	167319	186045	186492	214602	210057	334449	405554	326177	472541	525899	426104	731802	446939	779831	720801	755023	931544	758586	1172515	959132	1067624	1279591	1216912	1257673	1657554	1714700	1937213	2129131	3004215	3194545	5100897	11418030	33836798	4577750	0	0	0	0.7155
15	22365910	19093751	18328406	24518207	2144	2144	0	0	0	89786	167724	186344	185714	213752	210005	333018	402896	325059	469379	522354	427729	723974	447860	773885	720321	745330	925853	755137	1164460	959608	1060265	1277907	1218247	1263122	1654614	1714224	1946170	2146034	3001891	3223229	5134550	11434157	33740507	4741169	0	0	0	0.5799
16	22342781	19014371	18345690	24394982	210594	210594	0	0	0	119238	232653	255669	254376	287769	277229	330952	397361	323144	461841	517343	425123	711937	448244	764022	715532	741378	921330	752830	1156265	957074	1057401	1269800	1214304	1256100	1643768	1708160	1935572	2135415	2991177	3209795	5111338	11387799	33430065	4695820	0	0	0	0.9236
17	22347557	19060136	18427509	24423374	49842	49842	0	0	0	119672	232310	257377	255185	289667	276733	331903	400504	322132	466960	517825	423370	713117	443728	764380	716079	735614	916449	747667	1154837	956880	1051859	1271108	1215634	1247328	1647079	1708830	1937324	2136491	2989060	3221713	5123979	11410955	33512870	4741957	0	0	0	0.7344
18	22171121	19284084	18379248	24379067	94898	94898	0	0	0	147835	263129	282461	274000	304904	289282	345227	412628	331593	477150	527996	433021	724715	455617	777444	728682	742498	928140	756582	1160890	968059	1056052	1276842	1220084	1256118	1649653	1709536	1939306	2142413	2987832	3217129	5113301	11366598	33183562	4763241	0	0	0	0.8356
19	22190566	19222571	18493276	24333706	68299	68299	0	0	0	147808	272750	291517	281133	312378	296571	352169	417765	339789	479965	532937	441183	726192	463610	777318	731100	746649	932993	762111	1160242	973154	1060686	1276931	1224432	1267192	1652931	1715708	1950221	2156446	2990196	3231249	5126191	11358254	32939622	4850726	0	0	0	0.8176
20	22246492	19150618	18476548	24329951	104809	104809	0	0	0	132751	257738	278557	272102	304659	291121	345191	408477	334845	473323	525417	437531	714268	462338	768012	725572	740727	923559	760877	1147821	970607	1057387	1273349	1221097	1264031	1649798	1713297	1948391	2154544	2982431	3238499	5131176	11358519	33039134	4896463	0	0	0	0.8361
21	22226634	19274204	18532651	24269530	5399	5399	0	0	0	151881	282322	302615	290285	320345	301973	357990	423331	341956	486585	536644	444393	727817	466446	779604	736121	743995	932268	765960	1157784	982825	1059794	1283903	1233485	1270198	1660235	1723831	1963394	2175269	3000999	3269485	5177297	11349040	32629884	4973065	0	0	0	0.7587
22	22070020	19171875	18546655	24032003	487865	487865	0	0	0	190982	333507	342020	318603	346240	321081	376792	441727	356054	499037	549387	455354	736995	477032	786054	743954	750039	938352	769686	1160020	983270	1061993	1281314	1232494	1268998	1656024	1716764	1953736	2164703	2981443	3252868	5131623	11244503	32110408	4887496	0	0	0	1.4023
23	22284959	19152406	18614098	24188122	68833	68833	0	0	0	151307	295042	313355	302549	332761	315440	369648	435582	357271	495828	547227	458243	735777	483840	787595	747077	752752	940770	776890	1158010	989760	1070972	1286059	1238874	1285502	1665423	1728736	1970487	2192905	2999280	3285732	5176217	11320999	32240603	5031072	0	0	0	0.8555
24	22175320	19294746	18632596	24151541	54215	54215	0	0	0	155676	296835	314314	302157	332370	311771	368910	435766	352727	496724	547134	455000	733000	479527	785502	746964	744983	941996	769881	1159165	991667	1060912	1283466	1240586	1273683	1662297	1722968	1965456	2184741	2993763	3280962	5163432	11337751	32347974	5014143	0	0	0	0.8395
25	22205586	19242179	18690268	24059977	110408	110408	0	0	0	180076	330939	344913	325789	353996	329662	388005	453563	366191	511450	561636	467109	745947	490324	797816	758292	751999	949307	778742	1161936	1001094	1065288	1291521	1247656	1280108	1664485	1728594	1973074	2195261	2987781	3290321	5170638	11262971	31944184	5047342	0	0	0	0.9602
26	22202793	19212428	18701539	24136120	55538	55538	0	0	0	180683	335656	347286	327867	356687	336799	390234	454069	375297	513421	563839	476507	744933	503736	799328	762327	760072	952965	791710	1165472	1007629	1081755	1296710	1249438	1298979	1675678	1736263	1988843	2217381	2999058	3312037	5185870	11262291	31709624	5092436	0	0	0	0.9023
27	22070631	19353876	18706773	24094993	82145	82145	0	0	0	176706	342781	356449	337723	364741	343150	398104	461973	379156	517740	569178	479173	749137	505804	803656	767603	761920	955683	794338	1164675	1011325	1081503	1298995	1255847	1302609	1679186	1742774	1992423	2222358	3002643	3318924	5196883	11253779	31494746	5142588	0	0	0	0.9452
28	22144199	19322777	18750421	24017270	73751	73751	0	0	0	170887	342567	357401	341980	369747	346371	401610	467720	381461	522177	573351	482094	755710	507990	808121	769719	762083	956324	790981	1169716	1009522	1078833	1296436	1252980	1297049	1675383	1733038	1982437	2210232	2993133	3298195	5170935	11244794	31615696	5097994	0	0	0	0.9371
29	22126722	19252017	18769418	24096803	63458	63458	0	0	0	192719	369698	379861	357294	382525	359180	413215	476718	393229	531108	580301	494514	759136	521771	812833	776371	769630	962019	804909	1169198	1024214	1091910	1304390	1263534	1319202	1685962	1748656	2004275	2238716	3005331	3335742	5208530	11198845	31175924	5133500	0	0	0	0.9655
30	22075294	19358930	18757449	24056280	60465	60465	0	0	0	190644	375232	386532	362478	389967	364355	418683	481881	397290	534659	584677	496287	761600	523242	813900	778853	773083	965328	808621	1167462	1024660	1090764	1302885	1263207	1316531	1685061	1745909	2000809	2235256	3001210	3328846	5195575	11196772	31138925	5146769	0	0	0	0.9706
31	22117799	19360147	18878551	23944457	7464	7464	0	0	0	206322	395243	402804	375590	400639	374799	427764	493111	405959	544940	593241	503478	769877	532449	824257	785955	778253	972584	812382	1174435	1031443	1098382	1312288	1274028	1327227	1692612	1755506	2012919	2256101	3011340	3352624	5222832	11188404	30802312	5188854	0	0	0	0.9393
32	22149915	19294532	18839099	24017063	7809	7809	0	0	0	192229	392560	403809	377925	403125	372370	433031	497612	401389	548232	597392	501551	769206	526021	824023	790949	769554	971778	808083	1175079	1036957	1086623	1311472	1274769	1313796	1691657	1751572	2010975	2248307	3008250	3350215	5217618	11181266	30844649	5216565	0	0	0	0.9338
33	22049469	19417748	18832025	23931185	77991	77991	0	0	0	226214	438835	443732	409220	431976	399027	455450	517805	425569	565606	611544	522931	784392	549777	837260	803462	788121	985186	828687	1181125	1051619	1109113	1322600	1285998	1344940	1708400	1768274	2029599	2277255	3016038	3380931	5237985	11111311	30217053	5163392	0	0	0	1.0902
34	22038989	19314443	18811971	23749008	394007	394007	0	0	0	208019	425068	434996	406156	431630	392905	455405	518648	417692	566368	612991	514929	783415	538523	835856	799618	777617	981481	815089	1176074	1041892	1092928	1314744	1278765	1325171	1694309	1757421	2017749	2259532	2999749	3366608	5228072	11076166	30219883	5148942	0	0	0	1.4453
35	22032729	19400080	18916811	23942206	16592	16592	0	0	0	248420	475538	480824	441998	461535	415843	478574	543360	434838	586721	635018	531408	803624	550006	853938	815841	787626	995801	830253	1189519	1061388	1102729	1330086	1297695	1334235	1710434	1771951	2032210	2277496	3018465	3384486	5234335	11068968	29970382	5136281	0	0	0	1.0783
36	21988065	19448068	18899598	23912140	60547	60547	0	0	0	248245	478277	480471	439812	460695	416505	478341	542472	436412	585007	631194	532240	799841	555437	849929	816099	788305	993415	829890	1183949	1058405	1106683	1323897	1292678	1337664	1705843	1768568	2032045	2278182	3011055	3385889	5236463	11055916	29915919	5192128	0	0	0	1.1303
37	22035147	19431558	18967185	23806305	68223	68223	0	0	0	252970	493316	498365	455334	475028	428166	489307	553242	443914	596204	642829	540878	808896	561136	858312	823649	793732	1000345	836474	1190542	1069120	1108005	1333237	1303112	1343529	1713320	1775542	2038734	2287852	3015837	3395295	5239588	11013729	29673952	5186704	0	0	0	1.1661
38	21950683	19361881	18884282	23836173	275399	275399	0	0	0	253204	501782	501232	458455	475812	434512	490668	552993	451257	595696	642177	547835	807025	572876	857836	824356	802624	1001468	848780	1192289	1076451	1119734	1337079	1309999	1365746	1723000	1786585	2055340	2312939	3022572	3414456	5258352	10972373	29277266	5188250	0	0	0	1.4192
39	21964849	19443997	18924871	23855064	119637	119637	0	0	0	250072	504501	509940	466995	483465	435929	497245	560726	452531	602350	649028	549208	813384	570135	866005	829668	800276	1006127	845432	1195922	1079328	1116784	1339133	1313379	1354857	1723840	1782661	2051270	2304484	3026492	3412940	5256060	10992795	29385659	5160160	0	0	0	1.2430
40	21992329	19464860	19002916	23783679	64634	64634	0	0	0	273139	542338	541801	488902	503868	455658	514653	575717	468873	614918	661326	564343	823547	586975	874140	841042	813366	1017028	860785	1203007	1090215	1129024	1347290	1323118	1373390	1732747	1794007	2066543	2324998	3029525	3432210	5261525	10931458	28991319	5190989	0	0	0	1.2325
41	21948202	19414523	18992608	23823626	129459	129459	0	0	0	271921	546562	545539	494020	507952	458438	516900	577747	471722	615189	659955	566144	823404	591050	871631	841381	812843	1014510	860802	1198115	1091467	1129637	1344630	1319608	1374141	1728692	1789125	2063169	2321606	3024318	3418010	5242515	10905309	28989823	5191084	0	0	0	1.3146
42	21946834	19490178	18984203	23789341	97862	97862	0	0	0	274968	567292	569674	513331	527423	473889	533991	594419	481771	631488	675919	577114	838828	597963	886019	854651	819318	1027426	868558	1209192	1101515	1133100	1356071	1330343	1376037	1739918	1800841	2073222	2335058	3032918	3440133	5264973	10879388	28682782	5141023	0	0	0	1.3120
43	21924311	19493746	19055084	23761270	74007	74007	0	0	0	289313	587017	584741	526028	535294	482541	538925	601094	491493	634966	680259	583735	838274	606485	888467	857886	825897	1030417	876099	1211024	1109272	1140754	1361408	1337853	1390892	1747803	1808146	2083457	2344857	3036626	3446746	5265677	10847482	28467835	5175648	0	0	0	1.3113
44	21870000	19435521	19020382	23813350	169165	169165	0	0	0	291114	590587	588211	527146	538950	480621	540824	601289	487943	635431	680103	581432	839095	604976	889482	857109	821355	1028563	873121	1209219	1110005	1136442	1357744	1334883	1383721	1741922	1803856	2077691	2344667	3032766	3442007	5255101	10833377	28427860	5190640	0	0	0	1.4278
45	21805184	19527004	19013797	23773066	189367	189367	0	0	0	293919	605942	602383	541452	549100	490296	549461	610567	494005	639938	686128	587664	842597	608939	890426	860053	822279	1028141	874014	1208533	1110153	1133643	1358075	1338736	1381139	1738758	1797887	2073053	2337546	3024140	3433867	5238585	10801923	28354385	5211324	0	0	0	1.4732
46	21818932	19547890	19079017	23729122	133457	133457	0	0	0	305839	624578	613483	549656	557443	499485	555981	614819	504210	647881	691137	599790	846937	621703	896371	867179	833071	1037058	888960	1215497	1124360	1153214	1366693	1351279	1405149	1755798	1816198	2096089	2365065	3041109	3459459	5262514	10781567	28020449	5204940	0	0	0	1.4321
47	21890424	19497880	19082748	23793452	43914	43914	0	0	0	294798	624416	620201	556792	563993	504617	563537	623524	504960	653668	700036	601742	854464	621911	903892	877365	833750	1041629	889268	1219949	1128209	1148864	1371845	1354840	1399912	1754633	1818097	2096499	2361739	3043417	3461924	5267158	10778245	28030271	5194339	0	0	0	1.3295
48	21705413	19608527	19124108	23737500	132870	132870	0	0	0	326034	681823	674009	598065	601848	531849	594826	654554	529654	683538	727459	623832	882108	642086	929237	898308	852161	1066558	910717	1241829	1157258	1167109	1394677	1379653	1422237	1784408	1843776	2123873	2396600	3068943	3495616	5285026	10650751	27315074	5040052	0	0	0	1.5238
49	21836591	19568331	19164914	23674282	64300	64300	0	0	0	328212	691621	685406	605942	611798	541505	601535	660403	536045	686673	731434	627937	882914	648214	932336	900965	855515	1066550	916950	1240904	1155940	1171718	1393710	1378346	1425194	1782202	1847979	2124878	2399414	3064047	3498669	5282020	10650678	27250477	5065987	0	0	0	1.4584
50	21774898	19535882	19172289	23697395	127954	127954	0	0	0	345488	747893	742370	658789	661213	581347	645164	706433	568521	730918	777658	661425	932748	676531	980558	939964	886178	1109435	945979	1287501	1202564	1201938	1440850	1427941	1469484	1834357	1901298	2177932	2464938	3116758	3568228	5327286	10454051	26008749	4997977	0	0	0	1.6315
