#Name	E:\SaveData\2016-10-18_10_33_15_1001160101_R0036_A_CL100007977_BGI12297_WESPE_result\\CL100007977\L02\CL100007977_L02_8_2.fq
#PhredQual	33
#ReadNum	80921986
#row_readLen	50
#col	48
#BaseNum	4046099300
#N_Count	1082940	0.026765
#GC%	47.10
#Q10%	97.02
#Q20%	89.23
#Q30%	74.44
#EstErr%	1.090414
#Pos	A	C	G	T	N	0	1	2	3	4	5	6	7	8	9	10	11	12	13	14	15	16	17	18	19	20	21	22	23	24	25	26	27	28	29	30	31	32	33	34	35	36	37	38	39	40	41	Err%
1	24747166	19154878	19228876	17790663	403	403	0	0	0	6075	32239	45285	52462	67757	83137	174097	216481	214650	301283	358832	328739	560149	377240	628596	606332	704879	837462	720678	1107142	878961	1078540	1238387	1169736	1282992	1650727	1713529	1933363	2109101	3037668	3039075	4918878	11121530	34308181	4017400	0	0	0	0.2998
2	21815820	16813986	19998575	22292297	1308	1308	0	0	0	45423	109351	133361	143237	173206	183094	295407	366256	316377	440125	506119	419882	725915	448908	777707	707252	799970	942744	790326	1214564	942858	1142298	1308784	1217163	1327784	1695858	1751696	1956975	2123019	3051899	3060401	4886228	11077114	32104159	3735218	0	0	0	0.5087
3	20934644	19482791	17750412	22753280	859	859	0	0	0	51426	115049	136704	144613	173872	181508	297492	365900	316553	439921	505494	422146	722058	454152	776239	711379	790873	945550	785320	1207297	946157	1129729	1309351	1217394	1317662	1689228	1742369	1950956	2122818	3034250	3068117	4894208	11061519	32028036	3865787	0	0	0	0.5147
4	21249079	19400971	17762320	22508972	644	644	0	0	0	45514	102432	122952	129927	156830	164388	282269	347029	302090	424297	486652	413007	701721	447933	760034	710623	774229	937209	779978	1195164	955500	1116135	1301380	1221592	1303401	1683371	1738393	1948581	2124324	3019159	3077140	4892425	11078756	32256509	3920398	0	0	0	0.4840
5	21160362	18920595	18246669	22592861	1499	1499	0	0	0	49536	109937	129857	137979	165077	172683	293399	357748	312909	434375	498516	422219	709423	460705	768921	713984	777174	941954	783119	1195197	957601	1117671	1298964	1218386	1310266	1677656	1732773	1946265	2128781	3005595	3091198	4906645	11066150	31886005	4141819	0	0	0	0.5027
6	20657694	19205107	18225364	22831443	2378	2378	0	0	0	58015	119934	139649	144948	171297	178508	296443	359829	317042	434555	499219	423810	706327	462508	764859	714448	774907	939463	784253	1187043	956193	1117571	1298498	1212911	1312381	1671719	1730737	1947068	2125726	2993776	3092332	4911965	11072960	31834862	4163852	0	0	0	0.5195
7	21092997	18717006	18818851	22288693	4439	4439	0	0	0	70562	143805	161646	165954	191827	198101	316905	376040	336686	446126	506830	439867	700074	485884	756425	722970	767395	937760	786325	1162512	961528	1108840	1286089	1206873	1317013	1655406	1716669	1940849	2134142	2940920	3115836	4932047	11016452	31333650	4577539	0	0	0	0.5640
8	20483297	19271135	17882990	23235742	48822	48822	0	0	0	76393	147331	164833	167507	192689	196251	316677	379583	334120	452557	512310	442015	711464	483437	771988	730802	776491	947949	791997	1180163	972702	1115609	1298197	1222045	1322886	1671514	1727681	1956575	2152539	2976702	3144708	4966601	11023777	30941608	4603463	0	0	0	0.6265
9	20380305	19052551	18180238	23295453	13439	13439	0	0	0	79988	155823	170368	172874	197606	201724	319678	379854	334581	448860	510031	437022	707834	477400	765240	723684	768815	938226	781853	1169766	961029	1104719	1290073	1208327	1303530	1654458	1713990	1929888	2115829	2952807	3086367	4894934	11024657	31626024	4300688	0	0	0	0.5915
10	20609848	18929134	18477462	22898932	6610	6610	0	0	0	84687	168823	182834	183737	208985	210774	330791	391830	344082	459805	518062	451997	711164	495740	771922	736804	773005	946680	794106	1170203	977190	1110458	1292370	1220762	1317783	1662813	1720719	1947345	2146693	2949004	3137058	4945824	11028356	30836567	4686403	0	0	0	0.6068
11	20678407	18898535	18368403	22974919	1722	1722	0	0	0	77343	159629	176853	179607	206459	209643	333211	396489	346678	465308	524959	454468	721523	493134	780435	739805	778530	955727	795692	1179039	977973	1112534	1299057	1222226	1312926	1660559	1722163	1944268	2134010	2951023	3120479	4921968	11022557	31120964	4423025	0	0	0	0.5925
12	20572273	19111465	18342858	22893417	1973	1973	0	0	0	93610	179089	192990	191761	216696	218215	342989	403760	353674	470962	530820	460653	720448	500782	778820	742903	775237	953948	797534	1172172	979924	1108909	1296308	1221604	1317954	1660696	1715402	1945991	2139226	2939485	3126152	4933560	11002882	30868910	4565947	0	0	0	0.6231
13	20743478	18971579	18381019	22801022	24888	24888	0	0	0	75601	159230	175845	177615	202552	208046	331024	390251	345825	458058	517173	452162	705007	495948	763982	734646	767188	940638	791468	1158542	976406	1102590	1285632	1215889	1313567	1655311	1713678	1946445	2147650	2938743	3144059	4964030	11029557	30931962	4680778	0	0	0	0.6150
14	20630275	18979546	18429152	22881077	1936	1936	0	0	0	96923	191833	203786	202008	226119	227472	353206	413479	363250	479831	536890	471796	725339	514102	786562	755666	779723	959326	805258	1170946	994347	1116548	1299602	1230183	1324843	1666533	1719817	1957168	2159605	2938473	3162770	4961962	10982980	30445675	4696029	0	0	0	0.6442
15	20488444	19119093	18491571	22784712	38166	38166	0	0	0	128963	226568	232926	223966	247653	244991	368864	430666	376328	494608	549774	482288	734764	520934	793892	760559	781417	962590	810792	1170573	997273	1113251	1298330	1233090	1327656	1660103	1718455	1954810	2160476	2924599	3155907	4947963	10930367	30133212	4785212	0	0	0	0.7470
16	20611246	19050993	18553191	22697007	9549	9549	0	0	0	121842	253588	269951	265379	295867	293680	341251	399248	352317	465133	519274	461596	699874	506538	762972	740486	761611	939830	795382	1146051	988077	1099094	1282149	1223510	1315940	1651884	1711803	1951258	2159123	2921052	3166055	4967994	10967101	30265261	4850266	0	0	0	0.7417
17	20521554	19051699	18589092	22694139	65502	65502	0	0	0	170687	314789	321840	308662	335885	326188	375748	434731	378288	493916	548292	484724	727215	526919	786286	761511	775956	958104	811662	1160692	1002017	1108519	1294955	1235468	1327308	1660831	1716451	1959278	2170714	2917079	3181569	4982343	10876315	29581387	4840155	0	0	0	0.9151
18	20488644	19213852	18537013	22673629	8848	8848	0	0	0	112147	234593	255613	256588	286982	288720	337298	393930	348312	459163	513000	459878	693703	503467	755312	737221	755681	931430	789844	1139049	983712	1092834	1278800	1220708	1312382	1644359	1706289	1949824	2160271	2912725	3173485	4986300	10974864	30310104	4954550	0	0	0	0.7167
19	20469077	19181118	18680679	22586664	4448	4448	0	0	0	155625	303403	311847	300415	327410	319209	368229	425452	371150	486028	540554	479638	715439	522235	777876	754512	768661	949818	806491	1150818	997958	1103891	1289077	1234625	1325229	1653315	1713775	1959649	2178195	2918822	3186651	4983979	10897366	29667633	4972563	0	0	0	0.8154
20	20501712	19137810	18638197	22640670	3597	3597	0	0	0	159963	316773	324505	311191	337692	329181	378442	435757	382979	496600	550492	491567	723228	537096	786483	768607	775254	958626	818279	1158167	1013382	1113181	1299376	1246618	1338580	1667990	1724974	1975851	2195976	2925462	3223167	5028349	10872501	29255609	4996491	0	0	0	0.8382
21	20380628	19266055	18674340	22540093	60870	60870	0	0	0	193905	360260	361026	339338	362954	347164	397960	455487	397282	510068	564759	503312	732876	545744	794736	777703	779905	965986	825719	1159940	1025388	1116651	1305290	1256217	1349423	1675355	1735974	1989824	2222721	2934285	3265419	5064564	10811879	28716085	5015917	0	0	0	0.9772
22	20527040	19208979	18754012	22424575	7380	7380	0	0	0	160456	331003	339118	323824	349362	338174	388561	444832	388209	502738	553932	497041	724275	542940	788281	774588	774912	960486	822537	1152853	1025092	1111968	1304218	1257299	1345624	1672581	1733506	1994002	2221332	2935842	3270574	5079724	10847134	28899456	5058132	0	0	0	0.8637
23	20499207	19156207	18773719	22486948	5905	5905	0	0	0	208368	395112	392841	367597	389562	370190	421056	478883	412779	532096	581780	518844	751790	559409	810969	792125	790117	977765	837537	1168953	1038011	1123183	1312633	1265985	1357055	1682212	1741859	1999483	2228342	2937164	3279930	5070860	10767737	28313238	5040616	0	0	0	0.9668
24	20341728	19276265	18793302	22476186	34505	34505	0	0	0	244891	410011	408881	378534	399367	376535	430920	486121	417893	539641	587400	526966	755175	567028	816723	800294	793972	981025	842904	1171169	1051525	1126100	1320996	1279723	1365494	1694803	1753777	2016951	2253159	2952118	3308658	5102789	10724260	27989835	5011843	0	0	0	1.0407
25	20514770	19232034	18862172	22305602	7408	7408	0	0	0	186892	378032	380191	359488	382369	365130	417291	473089	410775	528044	578631	518877	743678	560623	806523	791236	785556	974229	835686	1159329	1040676	1123036	1308421	1267134	1357261	1682549	1740188	2002786	2242360	2933504	3290073	5086912	10774325	28271885	5157799	0	0	0	0.9412
26	20474706	19181662	18878002	22376501	11115	11115	0	0	0	215037	414183	409862	379645	401067	379083	429249	484513	419764	537115	586477	525606	749484	568601	811920	796460	790939	977039	842424	1162493	1043172	1125957	1312702	1267852	1362695	1683624	1740694	2005972	2243299	2929850	3282170	5074617	10737884	28048595	5170827	0	0	0	0.9990
27	20299970	19350228	18899409	22359006	13373	13373	0	0	0	241097	459773	448426	410628	427153	399837	451086	507200	434725	556407	603210	544091	767604	585367	828826	813829	803409	992412	857034	1175417	1066654	1137605	1329286	1292278	1379514	1700196	1760150	2030587	2274853	2948741	3321202	5097280	10658367	27487232	5117137	0	0	0	1.0716
28	20393373	19305906	18966494	22246799	9414	9414	0	0	0	237867	472171	466631	428264	446537	415812	468820	527011	450210	576167	623821	558557	785051	598769	850016	832735	815321	1009955	870377	1194006	1083989	1148995	1347400	1311775	1394374	1724294	1782835	2056408	2299742	2980118	3360732	5140499	10589776	27047502	5016035	0	0	0	1.0967
29	20360750	19261271	18991206	22294391	14368	14368	0	0	0	273267	524353	515983	463012	477936	436687	495140	552908	463685	595634	642128	570748	803138	605085	867991	847046	821871	1022137	880021	1202988	1104008	1152988	1356990	1330392	1402184	1735893	1794319	2066655	2319675	2984996	3379295	5141375	10522378	26602881	4951831	0	0	0	1.1851
30	20386493	19333128	18944999	22242172	15194	15194	0	0	0	215614	454780	449801	417656	435876	409875	461210	517679	445943	566253	612376	555859	771546	597383	837322	823783	808474	999214	870095	1178491	1082332	1145083	1338817	1306074	1394027	1715257	1772007	2051711	2305001	2965415	3369334	5156557	10607471	27080955	5187521	0	0	0	1.0707
31	20407083	19296846	19042437	22160946	14674	14674	0	0	0	253994	508491	498862	451013	464215	429773	483703	536509	461654	581465	629591	568986	784968	609168	848894	837299	815955	1008169	881471	1186518	1095775	1150844	1346882	1321408	1406316	1729973	1791294	2067739	2322628	2973413	3385717	5159476	10524770	26655627	5134752	0	0	0	1.1517
32	20382903	19272663	19027460	22221935	17025	17025	0	0	0	281610	557488	541977	487280	495446	455179	508663	564436	479908	603729	651697	588754	807052	627767	869000	855101	832369	1026091	898425	1203983	1111465	1167451	1364294	1336969	1422036	1742802	1802528	2081504	2338272	2981140	3395862	5151204	10456953	26181220	5035306	0	0	0	1.2329
33	20322007	19378815	19053549	22149310	18305	18305	0	0	0	263439	548631	536769	484839	494977	454784	507911	563935	477739	604817	651166	587232	803857	623913	866560	853838	827422	1022208	894745	1195245	1112128	1160655	1356372	1335603	1419940	1740625	1792956	2075314	2336797	2975630	3396902	5150637	10460874	26204496	5120725	0	0	0	1.2188
34	20290920	19366315	19162030	22083878	18843	18843	0	0	0	307368	600818	580320	514985	520369	473413	527213	580994	492836	617856	663752	597332	813261	633074	873800	858808	832640	1027118	898053	1195661	1111211	1163389	1357593	1332519	1417200	1735783	1791803	2072097	2330015	2964553	3381967	5130500	10417143	25962630	5125069	0	0	0	1.2981
35	20318995	19342584	19109937	22125481	24989	24989	0	0	0	295640	606237	592900	527800	534092	485082	539849	597962	502963	632971	679815	608797	832554	644757	892437	877553	847091	1045546	914425	1220512	1140801	1182114	1384554	1363027	1439202	1768956	1828141	2112490	2376681	3008148	3438073	5179350	10333478	25495378	4967621	0	0	0	1.3225
36	20248295	19440621	19110779	22092304	29987	29987	0	0	0	289852	604163	586912	524594	529120	483185	536709	589627	501441	624801	671095	609584	820647	644993	883329	870890	842854	1035804	913517	1201474	1130013	1176731	1370732	1350826	1437034	1754978	1813586	2098402	2369674	2987709	3430535	5180902	10348876	25584000	5093410	0	0	0	1.3178
37	20273756	19418044	19204851	22001918	23417	23417	0	0	0	314234	651455	633892	558115	559375	505906	562731	615110	518862	646578	692073	623249	841144	658115	902223	886136	854278	1052295	926506	1219245	1150063	1184057	1387516	1370646	1447338	1769880	1828613	2114298	2383143	3001059	3434864	5161644	10260965	25166815	5016146	0	0	0	1.3847
38	20240332	19385022	19196487	22076285	23860	23860	0	0	0	325109	678273	658561	581633	581677	522337	579550	633796	529976	665425	710694	636853	858423	669691	917730	904023	865031	1069098	938754	1234129	1166056	1197883	1403947	1390818	1463006	1787632	1849095	2134784	2407128	3020897	3465969	5183834	10187668	24763831	4914815	0	0	0	1.4310
39	20181056	19486898	19203008	22020692	30332	30332	0	0	0	317647	683067	663288	587166	586855	529291	583440	637339	537903	668547	711586	641318	860067	674787	919990	905213	868203	1070111	942675	1237366	1172404	1200787	1407219	1393271	1471292	1794175	1857830	2144988	2420368	3024372	3478623	5191130	10164843	24619798	4924695	0	0	0	1.4444
40	20252951	19446635	19243078	21952363	26959	26959	0	0	0	313060	689592	672947	592934	590455	532206	589446	641098	540060	670907	715676	645582	860178	677505	919752	906619	870032	1068359	944371	1231749	1173750	1201155	1405277	1394504	1467064	1791324	1852211	2138881	2414273	3017306	3467324	5179538	10159328	24607223	4953341	0	0	0	1.4479
41	20191508	19410667	19241356	22044619	33836	33836	0	0	0	343125	734034	708399	623024	617200	552397	607766	659112	553855	686536	729297	658837	870280	689167	931421	916839	878009	1075552	954143	1241865	1179963	1206993	1411553	1401618	1478584	1800426	1857474	2144905	2423957	3019661	3477779	5180679	10093374	24260167	4920159	0	0	0	1.5240
42	20182422	19485196	19208849	22025062	20457	20457	0	0	0	306531	695716	676029	598243	593723	534894	585971	635738	539408	661421	706366	644251	843296	676368	903717	892396	859422	1052694	938827	1211867	1160709	1192441	1382451	1376218	1457550	1767972	1826636	2119866	2399708	2989121	3450253	5165348	10175157	24728114	5153107	0	0	0	1.4385
43	20120166	19507801	19352445	21905477	36097	36097	0	0	0	362767	805014	786743	682658	674644	594475	653121	706502	585349	726748	770308	687408	910479	714832	966235	950875	901821	1106433	982113	1271254	1223641	1226753	1439897	1434989	1501292	1826264	1889994	2174141	2451314	3037843	3490039	5149069	9909482	23543203	4748189	0	0	0	1.6438
44	20079105	19472821	19336835	21992114	41111	41111	0	0	0	381640	839969	817697	707137	695907	608995	670579	723820	599743	740877	784810	699680	923825	724733	980701	961618	912358	1121352	993201	1282834	1233349	1236744	1454575	1449090	1514853	1843216	1908840	2190810	2476280	3055646	3512310	5169755	9835519	23156193	4672219	0	0	0	1.7038
45	20057717	19563493	19320854	21953102	26820	26820	0	0	0	347281	796844	772164	675300	665997	592817	646436	698823	584908	716022	760537	686330	895300	713036	954615	938994	895779	1097476	977230	1255123	1211850	1224415	1429635	1429282	1501429	1820804	1882482	2173436	2461677	3038733	3507921	5193067	9925693	23543096	4880634	0	0	0	1.6092
46	20195484	19507740	19324009	21868912	25841	25841	0	0	0	319750	772399	755613	665725	654357	585679	637711	688187	576861	708770	751161	679627	884025	707848	945931	932372	890945	1088459	975712	1244323	1211110	1219683	1430037	1426316	1500097	1821535	1883326	2176258	2469542	3039502	3517865	5201409	9936034	23654447	4943529	0	0	0	1.5691
47	19984757	19533317	19424719	21924870	54323	54323	0	0	0	419862	942456	924605	786441	766172	663630	728220	776350	638941	784171	826158	735895	957679	758017	1011302	989647	936321	1145514	1019098	1299284	1260393	1254041	1470542	1468831	1530790	1852733	1912912	2193549	2479084	3039240	3492256	5107895	9649393	22453690	4592551	0	0	0	1.8793
48	19915847	19636070	19463847	21838604	67618	67618	0	0	0	443482	1003674	994766	846675	821072	706543	775508	824565	673527	831174	872983	768362	1007570	789426	1056811	1029293	965398	1184933	1048784	1340184	1303762	1278191	1512877	1509053	1556880	1890517	1950837	2222450	2504931	3057793	3500670	5071402	9451558	21732095	4326622	0	0	0	2.0106
49	20064650	19576731	19437537	21805878	37190	37190	0	0	0	376240	911355	885546	769563	748772	660872	709963	758610	638539	765379	807736	735774	934446	761687	989269	974139	934044	1127343	1019211	1275209	1247107	1256770	1456770	1456092	1535916	1843584	1905739	2197196	2490066	3030796	3509122	5144064	9686106	22602731	4739040	0	0	0	1.7965
50	19463358	19766707	20512910	21088317	90694	90694	0	0	0	515894	1694448	1903753	1644858	1569017	1336604	1439413	1493200	1210286	1438149	1504913	1271179	1630328	1266820	1653452	1507829	1421682	1706131	1489072	1800718	1796847	1599193	1896405	1863824	1809149	2110719	2140844	2258154	2426288	2808228	2974651	3895858	7090570	14377952	2284864	0	0	0	3.4162
