#Name	E:\SaveData\2016-10-18_10_33_15_1001160101_R0036_A_CL100007977_BGI12297_WESPE_result\\CL100007977\L02\CL100007977_L02_6_2.fq
#PhredQual	33
#ReadNum	65012128
#row_readLen	50
#col	48
#BaseNum	3250606400
#N_Count	850113	0.026152
#GC%	46.87
#Q10%	97.09
#Q20%	89.51
#Q30%	75.01
#EstErr%	1.062916
#Pos	A	C	G	T	N	0	1	2	3	4	5	6	7	8	9	10	11	12	13	14	15	16	17	18	19	20	21	22	23	24	25	26	27	28	29	30	31	32	33	34	35	36	37	38	39	40	41	Err%
1	20242905	16410034	14752635	13606252	302	302	0	0	0	4546	24239	34359	39869	51156	62776	132797	166415	163992	233265	277270	254084	436952	291591	490927	474710	552729	655913	565565	871227	695847	848971	977604	929488	1003456	1307462	1354908	1530675	1663197	2434339	2371211	3855220	9059765	28127922	3067379	0	0	0	0.2885
2	17294761	13404855	15738279	18573264	969	969	0	0	0	33530	81435	98345	106600	130021	139652	225380	275699	247069	331450	385778	325025	549060	355376	590041	545196	611527	730799	612303	932339	731810	890552	1018799	944616	1047188	1324120	1374001	1543005	1687010	2422240	2414351	3881020	9002693	26255163	3167966	0	0	0	0.4809
3	16621721	15713807	13721763	18954223	614	614	0	0	0	40543	90804	106308	113991	134321	142165	232640	280071	251945	337726	387656	332974	546303	364245	588757	553570	605249	731047	611428	920357	741924	877644	1012489	942043	1040210	1312145	1359306	1535437	1684470	2375032	2433014	3893435	8995804	25842673	3593788	0	0	0	0.4991
4	17124496	15475945	14029602	18381662	423	423	0	0	0	30729	74756	91087	96063	115383	123630	214387	260984	232517	323585	370716	321880	532102	353179	582681	549742	599881	723018	608319	920073	744546	873142	1012042	952643	1032642	1313153	1360301	1542053	1687814	2389063	2445793	3906518	9041996	25905031	3680256	0	0	0	0.4545
5	16873361	15098252	14677145	18362190	1180	1180	0	0	0	48551	101810	115009	119558	140433	147287	237137	284203	253054	341088	390877	335927	550048	367609	595985	559425	607202	734612	615067	924877	748555	877574	1016298	952242	1035534	1313756	1360388	1534981	1686573	2374793	2442507	3899457	9005452	25600825	3692254	0	0	0	0.5204
6	16491277	15352769	14510761	18655503	1818	1818	0	0	0	53412	107448	120536	123079	143893	148843	238686	287996	254965	342665	392358	336743	551164	369312	596245	559286	607279	736600	616018	921566	749694	878987	1015364	951666	1038439	1312115	1358447	1534842	1684521	2373669	2446133	3899446	9009235	25591613	3658045	0	0	0	0.5327
7	17026397	14955339	14913133	18113594	3665	3665	0	0	0	44884	97844	112989	118645	138641	143663	238532	288614	249706	347445	394977	335170	555650	364194	601117	566110	606278	737804	613192	929144	755296	870174	1017927	958489	1025396	1313312	1358401	1531754	1677655	2375543	2440097	3883104	9029226	25751198	3536292	0	0	0	0.5194
8	16395902	15541020	14059630	18975641	39935	39935	0	0	0	68146	122974	135437	135213	155460	155770	250746	299742	260033	356849	405082	344492	564351	370937	610087	573307	610437	746354	617884	934696	763701	871317	1022061	964336	1025622	1314227	1360116	1532726	1681219	2370804	2450038	3893044	8993207	25496647	3515131	0	0	0	0.6291
9	16372418	15315619	14353348	18960028	10715	10715	0	0	0	60346	121854	133205	135213	154701	158413	250456	298052	262788	351327	398591	344503	551209	376837	596661	567137	602311	734745	616381	915579	756598	866686	1008880	953082	1029544	1306543	1351968	1530444	1684367	2345711	2463029	3909513	9013008	25349121	3802610	0	0	0	0.5761
10	16612895	15229957	14625175	18538637	5464	5464	0	0	0	64114	128656	139472	140702	159413	162221	256286	304217	266851	357983	403487	351409	557696	382280	603205	575613	605418	740470	620041	917909	766966	868075	1015407	961938	1029771	1305654	1353490	1536631	1689671	2352827	2465408	3906462	8994272	25229940	3792709	0	0	0	0.5839
11	16706678	15174539	14573313	18556298	1300	1300	0	0	0	60640	124635	138176	140367	160563	163381	259974	309558	271403	362762	408760	353624	562241	387381	607297	577647	607870	746321	623638	923484	768501	875069	1018525	958389	1036419	1308637	1355737	1536202	1687719	2349191	2461728	3905354	8973328	25263869	3722438	0	0	0	0.5764
12	16629707	15329538	14601618	18449780	1485	1485	0	0	0	73188	140489	151358	149671	169958	171067	267579	315022	276484	367318	413301	359436	562681	393221	606818	579924	608203	744600	625194	917093	768972	873315	1016345	960528	1038302	1303232	1353463	1532819	1694344	2340860	2468542	3917636	8954469	25042343	3852868	0	0	0	0.6072
13	16779825	15216373	14639605	18356697	19628	19628	0	0	0	58954	123977	137233	139689	159655	162486	258117	304507	269592	356625	402423	354256	550354	388706	597310	575011	599347	738314	621254	906351	766702	867737	1010549	956639	1034638	1300741	1349973	1535336	1696551	2331905	2484993	3939885	8977807	25088920	3945963	0	0	0	0.5992
14	16671571	15235189	14675644	18428315	1409	1409	0	0	0	76149	149515	159731	157616	176694	177085	276010	324021	285570	374790	420775	368984	567495	403950	612992	592333	612662	751880	633438	919577	781667	876558	1020978	967500	1044842	1309130	1359236	1546278	1707417	2335683	2496710	3943775	8938207	24707165	3934306	0	0	0	0.6279
15	16540279	15344883	14744710	18351859	30397	30397	0	0	0	100233	176455	181948	175926	193239	190825	289043	336848	293385	384766	428789	377741	573105	409750	618522	593651	613039	751834	637627	916626	783908	875608	1020017	968547	1047017	1308206	1353529	1545284	1710253	2326832	2499174	3933008	8902541	24412590	4051865	0	0	0	0.7277
16	16644258	15311131	14776879	18272309	7551	7551	0	0	0	95656	197094	209867	207729	229860	228916	266625	311682	275038	362046	404497	360533	546471	396855	594165	578405	596879	734237	624280	899035	773093	863916	1006624	961765	1038392	1296941	1345903	1540468	1707486	2323170	2501988	3949476	8924369	24579339	4071777	0	0	0	0.7210
17	16565668	15290901	14817234	18286102	52223	52223	0	0	0	131913	244112	250954	240151	261573	253994	293438	339430	295512	385619	427737	378058	566342	413065	613244	595169	607798	749624	637091	909546	789524	871981	1018302	971041	1047424	1306664	1354753	1550601	1718566	2320631	2517676	3962451	8862001	24010687	4063233	0	0	0	0.8896
18	16536043	15437852	14775013	18256417	6803	6803	0	0	0	87596	183066	199455	200020	224071	225329	263199	306223	272300	358075	399220	358890	540520	396030	588825	575095	589508	729589	620436	888796	770830	858038	1002601	957966	1032983	1293349	1341720	1537309	1707391	2315878	2511953	3963575	8939226	24583431	4182832	0	0	0	0.6967
19	16524172	15400503	14888517	18195462	3474	3474	0	0	0	121823	236366	243482	234238	254955	248744	287171	331231	291290	378655	420259	374866	557619	410854	605218	590198	602201	740721	631255	898478	786107	867362	1011635	967454	1045338	1304367	1350567	1547552	1723328	2316333	2528177	3972057	8879640	24055678	4193435	0	0	0	0.7927
20	16554255	15349445	14856603	18249014	2811	2811	0	0	0	124737	246869	252378	241273	263884	256958	295162	339616	299337	387995	428366	384780	564196	419632	614032	600750	608234	750099	641900	905677	795751	877119	1020884	980836	1053249	1311923	1361289	1562213	1743010	2326724	2556518	3999214	8858791	23751203	4184718	0	0	0	0.8142
21	16466055	15450721	14874392	18171994	48966	48966	0	0	0	147701	277510	279024	263436	282859	271457	310937	354745	308950	398751	438595	392991	573523	428540	623162	607914	613043	756593	649657	908635	806126	881820	1024256	989715	1067017	1321533	1370872	1579114	1765215	2335880	2594538	4043631	8800332	23275242	4219848	0	0	0	0.9471
22	16572959	15420076	14949593	18063731	5769	5769	0	0	0	123353	256685	262725	252159	271924	264017	302202	347045	303037	393093	434590	388539	566486	424897	615630	604606	605548	751978	647314	902610	805090	874164	1024100	988258	1059469	1318969	1369963	1578502	1762106	2337117	2597569	4052920	8838566	23448058	4233070	0	0	0	0.8371
23	16549222	15353642	14984437	18120285	4542	4542	0	0	0	162288	308923	307578	287179	304830	290019	329262	373646	323058	415241	454739	407775	587158	439862	635041	619750	619736	764880	658412	914090	815142	885592	1031691	997756	1071962	1329599	1376304	1583709	1769900	2337804	2605958	4052504	8764979	22949258	4231961	0	0	0	0.9415
24	16419664	15468837	14994983	18101060	27584	27584	0	0	0	190401	318557	319917	295639	311764	294535	335450	380671	327845	420395	460469	411246	591181	444996	638555	627920	622316	769571	664985	920079	827236	889811	1041303	1008366	1076412	1337006	1383487	1598783	1789737	2352009	2630621	4068467	8730171	22715275	4189368	0	0	0	1.0129
25	16549135	15438187	15049982	17969121	5703	5703	0	0	0	145230	295814	297198	280905	299411	285405	325514	370176	321477	412111	450549	405339	581071	439918	629662	619821	616089	761288	657441	908815	816216	881749	1030304	995758	1071073	1324966	1372046	1587820	1777614	2334686	2610655	4065211	8770888	22932890	4331315	0	0	0	0.9161
26	16520486	15388850	15060621	18033526	8645	8645	0	0	0	166580	322227	319467	296530	312101	295025	335925	379171	327849	419307	458292	412543	586704	444797	635360	624812	617813	766457	660649	910997	819677	884206	1030692	999710	1076290	1327328	1376863	1585406	1780520	2332541	2610538	4050261	8746284	22762975	4327586	0	0	0	0.9703
27	16380227	15536585	15063717	18021232	10367	10367	0	0	0	187652	358682	351066	319323	333404	312167	352476	397006	341156	434855	471124	425644	598887	459093	648035	638774	630399	777132	672851	922628	838645	894628	1047112	1017853	1089343	1344837	1390779	1607219	1804441	2350019	2645804	4080432	8681023	22292421	4284851	0	0	0	1.0423
28	16449136	15508417	15126458	17920864	7253	7253	0	0	0	185862	370603	365538	335019	348442	325930	367121	412540	352140	449453	487072	437845	615187	468305	664533	651147	639989	791025	683187	935991	852919	904352	1060335	1035629	1102124	1360818	1406638	1629195	1829914	2372962	2677350	4107241	8621962	21957549	4198958	0	0	0	1.0692
29	16426634	15445363	15146794	17982061	11276	11276	0	0	0	212542	409696	402702	361379	373686	341515	386374	431555	362921	465408	503732	446258	628066	476943	677507	662498	645701	801135	693235	943566	866448	909281	1071181	1048638	1107820	1372301	1420702	1639587	1844242	2378910	2693477	4118185	8562970	21602397	4138294	0	0	0	1.1532
30	16435052	15522212	15110057	17932918	11889	11889	0	0	0	167429	355250	351136	325997	339747	320258	359314	405320	347472	441400	480214	436476	603950	467971	655464	645499	632844	783621	681586	923932	850292	899515	1053609	1031038	1102075	1355803	1402966	1627504	1831346	2362359	2681969	4123378	8636186	21987593	4329726	0	0	0	1.0412
31	16459169	15493647	15202970	17845110	11232	11232	0	0	0	197907	398472	389770	352821	363265	336429	378383	420067	360126	454484	491997	447391	613963	477712	663748	654233	641301	791090	693104	930158	861402	908583	1061659	1043338	1112166	1366266	1413978	1639567	1850710	2373715	2702029	4132484	8566405	21614983	4297190	0	0	0	1.1218
32	16429307	15462137	15169475	17937980	13229	13229	0	0	0	219365	435007	424084	380053	387634	356325	397908	441330	375216	473954	509549	461539	632235	490918	682213	670574	653413	804518	705926	945918	876369	917650	1074663	1055427	1124794	1379647	1428187	1653324	1863048	2382824	2707031	4127305	8506980	21244721	4209250	0	0	0	1.2001
33	16391915	15557734	15175168	17873080	14231	14231	0	0	0	206179	427393	418863	377599	386786	355310	396593	439301	375623	472662	509774	459635	629677	488596	677885	667843	650351	802109	703635	937892	872862	915950	1070529	1053390	1121582	1373351	1422750	1644761	1860956	2375431	2706421	4127566	8517375	21272500	4278767	0	0	0	1.1856
34	16363658	15556797	15265702	17811301	14670	14670	0	0	0	241297	470576	454198	403303	407715	371066	413024	454382	385518	481797	519650	467759	636166	497615	684664	674379	654313	804258	707932	939020	875666	918428	1067029	1050734	1121577	1371521	1419347	1641976	1855288	2366816	2695773	4105506	8480016	21070652	4288497	0	0	0	1.2663
35	16392218	15518956	15237165	17844372	19417	19417	0	0	0	230372	473501	463205	412783	417513	380523	423241	466870	393838	495400	532304	477563	650051	506674	699340	688040	663823	822823	721078	957115	898551	933289	1092492	1077924	1143649	1400568	1451041	1675544	1892888	2403702	2743141	4152644	8410007	20689842	4151372	0	0	0	1.2878
36	16342471	15592127	15236837	17817208	23485	23485	0	0	0	224433	471285	459563	409088	415101	378704	419831	461942	393133	488785	524729	476795	641515	507318	692390	682601	663730	812658	717710	946708	889572	927851	1080676	1067038	1137842	1389566	1436554	1664510	1885902	2386515	2734604	4148513	8433572	20768240	4249669	0	0	0	1.2826
37	16352999	15591649	15300300	17749049	18131	18131	0	0	0	244616	508465	494896	436395	439078	395886	438995	481213	405981	506641	541951	489389	658064	516567	707189	695858	671452	825966	727816	957140	904838	935737	1092735	1082537	1147801	1400723	1450425	1679871	1898120	2397086	2744268	4136807	8355789	20427904	4195798	0	0	0	1.3478
38	16311455	15556330	15317019	17808643	18681	18681	0	0	0	254120	531591	518119	455503	455530	408647	452966	496415	416719	519923	555802	499293	672018	524692	720859	707636	680387	838274	738016	972407	921405	945056	1108362	1098369	1160981	1417512	1470290	1697152	1919760	2417035	2768886	4159121	8287446	20107554	4095601	0	0	0	1.3966
39	16279831	15629486	15304772	17774306	23733	23733	0	0	0	246094	532894	518069	459079	459749	412641	456331	498477	421817	523612	558425	503041	675205	529245	720613	712127	684118	841970	745201	972785	926015	948020	1109758	1102817	1164267	1422439	1472461	1704857	1931333	2421100	2782536	4165892	8268997	19997358	4099052	0	0	0	1.4054
40	16338795	15593511	15356443	17702530	20849	20849	0	0	0	243186	537647	525273	464697	462951	417120	459803	502524	423173	524326	560038	507058	671727	533219	722466	711581	682510	841618	745552	969130	925730	947504	1109722	1101032	1164770	1420908	1467034	1701498	1927361	2409642	2773572	4150335	8266942	19985810	4133820	0	0	0	1.4091
41	16291128	15573957	15360555	17759907	26581	26581	0	0	0	269867	575949	555595	487754	484632	432753	475262	517312	434022	537391	572755	516355	683025	541585	729967	718319	689441	845732	753411	974147	931323	952709	1114908	1107052	1172093	1423973	1475854	1706948	1933970	2416246	2781031	4162972	8212495	19702238	4096461	0	0	0	1.4888
42	16291353	15629931	15319412	17755716	15716	15716	0	0	0	239515	547054	528672	469382	464233	420022	458469	498295	422915	518528	551819	506258	661140	532486	707354	702573	677144	824620	739441	950343	913024	940368	1088825	1088232	1158516	1399758	1450676	1683498	1914035	2389037	2753430	4146485	8276830	20075510	4297925	0	0	0	1.4037
43	16231691	15645309	15454539	17652225	28364	28364	0	0	0	283954	631622	617674	536523	528368	465433	512773	553521	459708	569277	603675	539911	713859	561644	761530	746496	711168	873990	774837	1000086	963040	969827	1142042	1139027	1190554	1450946	1501146	1731084	1957338	2430927	2791519	4136359	8068000	19109867	3956039	0	0	0	1.6060
44	16223012	15612757	15424743	17719810	31806	31806	0	0	0	296772	656544	640965	554054	544769	479498	526980	567391	470396	581265	615397	549836	724428	572957	770137	756461	719617	885509	785552	1009494	976140	977915	1150843	1148662	1204909	1463211	1519252	1748671	1980148	2445594	2815237	4158628	7995133	18801231	3886726	0	0	0	1.6612
45	16195054	15691890	15407361	17696980	20843	20843	0	0	0	269711	623782	604721	530946	521305	465065	507134	547238	458340	560286	595801	537428	703961	562297	750329	740335	705857	863469	771998	987121	955745	968501	1130906	1129422	1191763	1446680	1497997	1731479	1966815	2434203	2812324	4176645	8073560	19105200	4062921	0	0	0	1.5692
46	16320211	15657369	15430572	17584016	19960	19960	0	0	0	247832	603261	590554	520971	512448	456860	499312	538090	453366	554377	589715	534870	694371	558989	741581	732151	703448	856411	769081	982079	956364	963395	1128956	1131405	1191216	1446763	1499049	1734526	1971858	2434967	2818459	4174741	8088658	19190845	4121199	0	0	0	1.5274
47	16147763	15659233	15507070	17655662	42400	42400	0	0	0	326920	738298	724405	617854	600795	521295	570395	608904	503269	615748	650334	578541	755187	597690	797580	778960	740136	901996	804619	1024415	999174	993936	1166846	1165476	1217779	1473574	1523827	1749611	1981748	2435433	2797740	4104138	7848847	18236447	3817811	0	0	0	1.8344
48	16059627	15756284	15559465	17583147	53605	53605	0	0	0	348618	788934	783722	666575	645225	555839	610299	649385	529475	653469	687524	605670	792854	622838	833501	808287	765591	936400	829014	1056767	1034425	1013103	1199737	1198636	1239422	1504735	1557254	1774568	2003251	2456509	2807296	4081839	7681277	17639598	3596886	0	0	0	1.9705
49	16211116	15699441	15527949	17544245	29377	29377	0	0	0	293019	713999	695074	602478	585464	519072	557649	595811	501401	600478	634420	579625	734749	600277	779439	766814	735497	887134	806153	1006634	983311	994311	1150737	1155870	1222667	1463164	1519113	1750287	1992835	2434364	2813080	4139897	7886537	18340891	3940500	0	0	0	1.7539
50	15736896	15834852	16370302	17000435	69643	69643	0	0	0	401894	1333031	1504657	1300660	1242981	1060026	1141287	1183673	963601	1142749	1197265	1016398	1299812	1015535	1319982	1203616	1142222	1363972	1196720	1442585	1442675	1285313	1526143	1498365	1464576	1696822	1725476	1818246	1958907	2264233	2396920	3137098	5769376	11598724	1886945	0	0	0	3.3590
