#Name	E:\SaveData\2016-10-18_10_33_15_1001160101_R0036_A_CL100007977_BGI12297_WESPE_result\\CL100007977\L02\CL100007977_L02_4_2.fq
#PhredQual	33
#ReadNum	87277379
#row_readLen	50
#col	48
#BaseNum	4363868950
#N_Count	1097092	0.025140
#GC%	47.71
#Q10%	97.27
#Q20%	90.30
#Q30%	76.59
#EstErr%	0.992259
#Pos	A	C	G	T	N	0	1	2	3	4	5	6	7	8	9	10	11	12	13	14	15	16	17	18	19	20	21	22	23	24	25	26	27	28	29	30	31	32	33	34	35	36	37	38	39	40	41	Err%
1	26761875	21846420	20540918	18127601	565	565	0	0	0	5646	30771	41944	48288	60565	72871	153677	188745	187752	264302	313719	294642	492115	344560	554527	556176	651465	773256	686747	1028396	859150	1041020	1194213	1160058	1249473	1624645	1691295	1931164	2115627	3071614	3024948	5001564	12069805	40121448	4370626	0	0	0	0.2550
2	23165850	17937867	21784679	24387476	1507	1507	0	0	0	40303	102703	123708	132105	157083	168675	268427	324947	294166	388445	451810	388721	640766	430776	690506	654951	739470	882245	754248	1125943	915647	1104969	1262864	1191336	1322553	1665839	1736331	1979527	2173957	3107161	3128632	5100374	12065477	37318174	4443033	0	0	0	0.4358
3	22086540	21344580	18893933	24951508	818	818	0	0	0	45787	108712	128323	135766	158640	166778	270010	326743	288669	392206	451854	389159	643767	429218	696697	662143	738255	884621	755371	1128828	924343	1101886	1268311	1195771	1308473	1663197	1730044	1961939	2157194	3087866	3110148	5061939	12053000	37343843	4507060	0	0	0	0.4424
4	22691186	20965847	19284345	24335441	560	560	0	0	0	47738	110360	128224	132685	155707	162031	265853	317876	288086	384675	441673	390403	624781	433795	684006	659281	723173	872586	752289	1102535	926330	1087108	1249165	1194654	1302304	1649649	1716908	1961249	2165869	3050927	3154900	5103995	12076385	36891296	5068323	0	0	0	0.4381
5	22581378	20385554	20169266	24139625	1556	1556	0	0	0	58716	124892	142279	146420	169305	177300	283758	337132	304519	402287	456968	403579	638663	452019	693485	671967	727957	884704	754968	1104413	934249	1085294	1252966	1191096	1303732	1644750	1714141	1953390	2163695	3017010	3156047	5104333	12023530	36734580	5061679	0	0	0	0.4699
6	22047413	20774365	19986084	24467109	2408	2408	0	0	0	65530	135466	150538	153895	175578	182581	288318	338395	310036	401244	459527	407846	634233	457458	689029	672777	725922	883038	757803	1095885	933347	1084515	1250203	1189159	1314343	1636118	1709329	1957889	2172374	3008703	3174577	5134608	12023340	36429267	5272100	0	0	0	0.4849
7	22634579	20178189	20738411	23721575	4625	4625	0	0	0	62700	135001	151470	154683	177379	182504	289136	342746	307355	406415	462910	406219	643737	450592	696186	674606	730395	885138	757269	1108848	937090	1084743	1254692	1193616	1301378	1641344	1711334	1952346	2164407	3026326	3158174	5101487	12024928	36615225	5080375	0	0	0	0.4878
8	21775093	20892781	19519429	25037778	52298	52298	0	0	0	99225	174628	185841	181566	201530	202688	309183	362431	323023	421135	476552	418602	654955	464509	707177	686160	732938	894623	763670	1108572	946477	1085281	1256908	1196267	1302054	1642985	1709711	1955315	2162760	3008162	3168977	5105641	11996693	36194320	5124522	0	0	0	0.6051
9	21724436	20697997	19753609	25086946	14391	14391	0	0	0	53032	125897	144876	148472	172436	177479	286229	340975	304237	403871	459396	410150	634949	457714	694362	675979	722802	880178	760282	1094699	941016	1082343	1245462	1195802	1313783	1642891	1711692	1967511	2195460	3023194	3235086	5214164	12068910	35700047	5777612	0	0	0	0.4853
10	22010942	20576733	20171187	24511323	7194	7194	0	0	0	77381	158977	173121	172554	194301	196605	304816	358152	318314	419986	473073	419538	648693	465176	704402	687995	729890	890984	761871	1104973	947569	1080578	1254729	1203020	1302334	1641319	1711228	1957780	2173251	3009646	3184522	5120700	12027268	36133064	5262375	0	0	0	0.5282
11	22130854	20521092	20100581	24523119	1733	1733	0	0	0	72038	156137	172447	174957	196943	200459	312387	366582	327105	429917	484618	429559	659470	473537	715752	697800	737506	904097	774165	1112990	956056	1090708	1262320	1207332	1314626	1650876	1716590	1965581	2183955	3014789	3209861	5155684	12019181	35791149	5338472	0	0	0	0.5249
12	21996125	20773796	20108390	24397330	1738	1738	0	0	0	87121	175095	187664	185773	207336	208019	322157	376162	332703	436168	489461	435555	663098	479313	719127	702376	739580	902794	775282	1110299	961203	1090197	1263524	1214083	1314941	1649631	1715727	1968848	2191016	3005190	3221836	5164063	12003552	35527008	5449739	0	0	0	0.5521
13	22162433	20677327	20163909	24246571	27139	27139	0	0	0	70560	156439	171326	173683	194838	199013	310483	362361	324552	424008	477226	427795	650143	474672	705414	693768	729898	890641	769003	1097508	956890	1083215	1251373	1208859	1312938	1641127	1714010	1968177	2197278	3003961	3244845	5202675	12025039	35553618	5582904	0	0	0	0.5499
14	22089630	20676790	20154209	24355099	1651	1651	0	0	0	90984	187398	200066	197554	218447	219237	333627	387099	344096	448961	499963	449267	672235	494845	729537	716391	746303	912421	785694	1117115	978082	1095305	1270858	1222832	1327535	1659919	1727247	1985034	2215501	3006025	3265400	5216299	11977763	34996201	5580487	0	0	0	0.5744
15	21893916	20866580	20210828	24263250	42805	42805	0	0	0	119785	220749	226273	217405	237821	234351	349093	402668	355098	459541	511338	458012	680794	503083	736441	721480	749385	914332	794204	1113927	982358	1099745	1269693	1226259	1332356	1656141	1724663	1988078	2221820	3005332	3266337	5210329	11927770	34624466	5693447	0	0	0	0.6706
16	22039144	20829284	20267144	24131729	10078	10078	0	0	0	112093	244228	261956	256217	281660	279908	321793	374032	334275	433635	482763	439097	648682	488123	708739	704167	728258	893415	775936	1093537	969617	1082424	1256912	1218374	1320259	1644371	1714242	1982885	2218805	2995694	3277485	5225057	11966516	34775981	5756165	0	0	0	0.6582
17	21920028	20814779	20297390	24171521	73661	73661	0	0	0	157072	302128	311980	298055	321831	309707	355196	407622	359748	462930	514239	462338	678619	508224	735953	727919	746016	915114	793793	1109266	987786	1097973	1273296	1234312	1336758	1660854	1728364	1994450	2234740	3001473	3305875	5255677	11883441	33992304	5738665	0	0	0	0.8237
18	21837645	21035507	20239315	24151270	13642	13642	0	0	0	116180	230445	249622	248259	273943	275473	317611	367520	331069	428205	476421	437488	639136	484479	700338	698887	721470	884766	774475	1080844	967306	1075988	1248798	1213862	1317530	1639728	1708718	1980223	2222197	2979046	3290809	5248788	11965849	34746222	5922042	0	0	0	0.6489
19	21850049	20989435	20404912	24028620	4363	4363	0	0	0	144543	294006	302549	289854	312553	304871	348955	399723	354312	454832	502793	457095	665035	505744	725979	718469	736278	905819	790638	1097719	984359	1089916	1265287	1230304	1334891	1656699	1726513	1998941	2243819	2997622	3313630	5264964	11904244	34024526	5925534	0	0	0	0.7246
20	21904515	20903703	20374992	24090857	3312	3312	0	0	0	148421	308346	315453	301916	324055	315297	359222	412209	364581	466694	514641	471855	678203	519258	739237	733946	748067	918810	802203	1111431	1003053	1102403	1277833	1241365	1352906	1670837	1740495	2015110	2268902	3013821	3361123	5314966	11868929	33577483	5910996	0	0	0	0.7470
21	21763548	21056128	20412480	23980030	65193	65193	0	0	0	180373	348132	351017	328952	349115	334733	379572	430738	378193	482149	530241	482821	692324	530088	751151	744904	755504	929755	813214	1116400	1012907	1108504	1288026	1257246	1363390	1684354	1757461	2038434	2299945	3031772	3410686	5376432	11813084	32922080	5938489	0	0	0	0.8792
22	21928761	20983086	20517211	23840925	7396	7396	0	0	0	150073	323141	330286	315860	336611	325933	369879	421698	371554	474169	523072	478041	681114	524587	742912	741246	747959	922456	810738	1109992	1013466	1100741	1283425	1256625	1356765	1682969	1753789	2038003	2301552	3028990	3415105	5380593	11853479	33141715	5961445	0	0	0	0.7733
23	21874343	20899640	20550935	23946783	5678	5678	0	0	0	195533	386483	384716	360044	377572	358310	403856	456635	397658	504396	552248	501885	708986	546858	769435	762086	766087	942495	826670	1127249	1033344	1119302	1299170	1273113	1377432	1695266	1767765	2053137	2320482	3043285	3431604	5389572	11763126	32424031	5951870	0	0	0	0.8687
24	21682526	21053003	20562686	23935820	43344	43344	0	0	0	248119	401022	404511	369977	388011	366998	413373	463428	402479	514286	558870	510576	715970	553527	775369	772988	772760	951248	835694	1134856	1046750	1126800	1311554	1287621	1383566	1711542	1783472	2071921	2340016	3058120	3466791	5417923	11709764	32075983	5888150	0	0	0	0.9565
25	21863793	21027348	20658255	23720627	7356	7356	0	0	0	174082	371366	373454	350628	369538	353478	398927	450264	396304	498541	546123	498978	701977	546064	763442	760649	763580	938767	828117	1119092	1032889	1120233	1295574	1273557	1377178	1696158	1766143	2058250	2329583	3036047	3448886	5406997	11768372	32369184	6087601	0	0	0	0.8454
26	21820240	20960340	20650721	23835325	10753	10753	0	0	0	199039	404228	402338	372710	388244	366904	411525	463386	405164	509662	557775	509655	710216	555641	773103	767796	770271	944022	836533	1125221	1041596	1124654	1303777	1277813	1383423	1698442	1770527	2061164	2334134	3040191	3447747	5391607	11722630	32104126	6091362	0	0	0	0.8971
27	21641395	21147319	20656743	23818774	13148	13148	0	0	0	222804	447518	438951	401198	413773	388725	435012	485407	421619	530736	577225	529596	728598	573513	789413	787146	784436	963612	853262	1142463	1064148	1139861	1323743	1303069	1405102	1728112	1796776	2094754	2372689	3071090	3495753	5439813	11652896	31437785	6023633	0	0	0	0.9623
28	21712013	21122913	20750348	23682906	9199	9199	0	0	0	223016	464328	459627	420891	433849	404315	454322	506783	435846	551657	597433	543720	751146	585925	812993	805377	798604	984012	869194	1162505	1088056	1153879	1343600	1329286	1423699	1753348	1824236	2120851	2406039	3103795	3546009	5481742	11574550	30954847	5898700	0	0	0	0.9907
29	21695548	21045028	20754729	23768570	13504	13504	0	0	0	254287	512795	506772	454748	466975	426801	478893	531701	451004	572093	617414	558649	768565	598173	833065	825372	809034	999331	881454	1176293	1105286	1161424	1361267	1349575	1434875	1771178	1842096	2143025	2430410	3114216	3578161	5498534	11504599	30427448	5818362	0	0	0	1.0688
30	21705759	21152387	20700931	23702375	15927	15927	0	0	0	200389	445739	443442	409434	424078	398969	445503	498287	433247	542312	589080	540591	738908	585914	801626	800262	791094	972753	867496	1151949	1082748	1150207	1336813	1321001	1426129	1744095	1816687	2119814	2409359	3089872	3556625	5509663	11591256	30945696	6080414	0	0	0	0.9676
31	21735876	21132066	20824418	23571030	13989	13989	0	0	0	236806	499459	492178	444048	454348	420946	468480	519090	449359	558886	604730	557012	755215	599903	816525	816216	805270	988094	883199	1163540	1101208	1161122	1349787	1340252	1441069	1764132	1837548	2141393	2439796	3112007	3586538	5517085	11499047	30411954	6027148	0	0	0	1.0419
32	21713639	21049473	20818323	23679903	16041	16041	0	0	0	264035	545955	533313	479482	485811	445581	493658	547148	469963	585533	630847	578037	777011	620852	842347	836407	822622	1007973	900877	1182263	1124233	1177747	1370656	1362093	1458121	1783745	1857338	2158919	2457658	3124377	3598254	5515550	11431321	29890552	5901059	0	0	0	1.1159
33	21654265	21198466	20836217	23570242	18189	18189	0	0	0	246055	538076	528910	477374	484793	446323	493893	545565	470964	584728	627164	578185	775518	619196	840034	833545	819877	1002548	897816	1175292	1121877	1174303	1362507	1358381	1460035	1777118	1849189	2158929	2458790	3115404	3595684	5517874	11426325	29896635	6000283	0	0	0	1.1049
34	21631682	21191273	20955908	23480677	17839	17839	0	0	0	288920	591658	574908	509355	511507	466433	516309	566607	483456	598459	641491	588546	787014	627493	848902	841807	826894	1011137	905294	1178554	1122889	1179373	1365545	1359867	1460673	1775685	1847069	2156421	2454469	3109120	3585244	5499994	11373752	29598643	6006052	0	0	0	1.1799
35	21667358	21135447	20927603	23522163	24808	24808	0	0	0	278707	597042	588423	522773	526758	477596	530787	581594	494692	617345	660660	600580	807904	640616	871963	864426	841906	1033500	924773	1206894	1154916	1196619	1397490	1395362	1487156	1818530	1892631	2202330	2506777	3163413	3659159	5556709	11295462	29046742	5810336	0	0	0	1.2056
36	21577900	21257237	20908896	23502605	30741	30741	0	0	0	269978	594309	580779	519356	521191	478420	524739	575024	494912	608258	654021	600248	796004	642564	857975	856424	839228	1024034	922799	1192199	1143861	1193607	1383084	1383052	1485568	1802181	1876846	2188940	2496707	3143016	3646690	5557088	11303615	29144646	5945275	0	0	0	1.2004
37	21609695	21230717	21017261	23397223	22483	22483	0	0	0	293366	640763	627547	554867	552722	500519	551133	602194	514062	631731	674680	619257	819094	657767	879185	874850	854311	1043459	938053	1208334	1167186	1207470	1403960	1405732	1499940	1822589	1898731	2209922	2518258	3155467	3657606	5545249	11210578	28643041	5871273	0	0	0	1.2612
38	21578009	21173777	21011619	23490770	23204	23204	0	0	0	305616	671867	657875	580064	576367	519286	569934	623449	526790	650674	696332	632956	837996	670428	899359	892093	867821	1060961	952444	1229423	1189459	1223215	1422307	1429456	1517482	1845929	1924008	2232892	2545525	3188565	3698152	5574592	11133009	28173558	5734291	0	0	0	1.3103
39	21487726	21299614	21023174	23435689	31176	31176	0	0	0	296992	673195	657765	583035	579741	524409	575892	627012	532743	654953	697470	639100	838241	677608	901176	896600	871067	1062929	960239	1230920	1195130	1227610	1428235	1432856	1525646	1854823	1931702	2246209	2562038	3194005	3712994	5591657	11098289	28021395	5742527	0	0	0	1.3204
40	21584872	21237114	21075753	23353799	25841	25841	0	0	0	292823	679652	669207	592518	587661	530691	579522	629819	535971	658378	702217	642918	842128	680201	904574	898517	873566	1064803	962017	1228974	1195777	1229133	1427720	1432796	1530689	1852224	1926089	2242463	2558965	3184071	3700060	5577811	11093952	27968192	5775439	0	0	0	1.3243
41	21504708	21200863	21081704	23455915	34189	34189	0	0	0	323897	728204	708945	622367	613555	552444	600423	651851	552162	675138	718946	657121	857532	692861	916875	911221	882308	1074004	972351	1239524	1207187	1238648	1436563	1444538	1541449	1862788	1936678	2252006	2574589	3191652	3720203	5585244	11019597	27546781	5733538	0	0	0	1.4011
42	21477137	21306117	21035653	23439628	18844	18844	0	0	0	287882	686651	674736	598464	588885	534612	581206	628261	538087	650497	695319	642808	829368	678887	889774	886807	863195	1048542	956315	1210541	1181746	1218925	1405737	1416949	1515658	1829851	1902698	2219334	2544459	3152521	3679853	5560494	11094712	28063096	6001665	0	0	0	1.3182
43	21423690	21308483	21225841	23284448	34917	34917	0	0	0	343025	800212	788377	685672	672470	595353	648679	700891	588913	719184	762831	691361	899246	723278	959762	949021	913015	1112192	1005496	1276810	1252651	1262657	1475257	1484543	1573519	1901979	1979312	2283953	2611590	3217358	3738383	5559986	10823615	26709731	5532140	0	0	0	1.5142
44	21405246	21257914	21190921	23383371	39927	39927	0	0	0	357109	832517	817778	711532	693140	613837	667917	718123	602036	735861	779945	706060	918747	739278	976663	961274	927482	1128896	1021669	1290741	1268599	1279381	1494312	1505287	1590542	1918890	2002607	2314812	2640490	3244507	3773935	5584268	10737345	26252179	5429693	0	0	0	1.5680
45	21353944	21394474	21173875	23329504	25582	25582	0	0	0	324835	787626	772829	677424	664571	593008	643230	692595	588169	711374	754939	689200	887503	723235	947399	940403	908634	1100818	1004174	1262289	1241604	1262700	1464722	1479785	1572403	1897394	1974807	2289381	2624145	3223099	3765609	5604388	10827581	26679304	5670620	0	0	0	1.4792
46	21485134	21331140	21201774	23235039	24292	24292	0	0	0	297995	764867	759181	666413	654243	586970	634861	683197	581760	701042	746316	687167	877851	719354	939916	932997	904720	1094241	1003877	1254932	1243109	1259070	1461201	1480297	1572406	1896105	1977206	2294232	2629436	3225118	3769873	5612077	10834188	26763631	5743238	0	0	0	1.4440
47	21270863	21333424	21303721	23317225	52146	52146	0	0	0	395180	935697	928049	794717	767620	671440	728425	775934	647366	782901	828484	746038	957676	774948	1014574	997084	957474	1161150	1054451	1318958	1303166	1301412	1518514	1530841	1609782	1939676	2020488	2323107	2648088	3231938	3756713	5524228	10530859	25417879	5330376	0	0	0	1.7355
48	21135453	21480174	21370133	23220437	71182	71182	0	0	0	427150	1000798	1004883	859865	827813	716896	781366	829262	685936	833674	879604	783813	1010473	807612	1064432	1042509	992066	1206792	1088809	1364809	1352626	1331835	1565808	1577316	1646239	1982187	2062831	2360130	2679594	3263683	3773698	5498496	10314336	24578704	5010152	0	0	0	1.8760
49	21318812	21411184	21318294	23193101	35988	35988	0	0	0	353555	902885	888941	774666	750038	667034	712670	758463	645970	766779	810238	745209	937770	775159	993095	980219	953065	1139669	1054328	1294752	1291426	1305139	1499842	1518773	1616408	1926255	2009664	2325505	2662226	3227039	3773744	5559318	10566726	25562839	5491982	0	0	0	1.6595
50	20523194	21656409	22672272	22347332	78172	78172	0	0	0	467066	1716043	1966874	1715108	1627689	1416698	1499957	1549308	1294196	1492083	1568752	1362371	1698518	1368055	1725364	1576456	1532208	1794461	1610296	1894551	1915666	1730482	2015231	1991923	1975828	2258185	2307471	2433362	2636658	3016331	3221579	4224414	7728304	16179291	2688428	0	0	0	3.2363
