#Name	E:\SaveData\2016-10-18_10_33_15_1001160101_R0036_A_CL100007977_BGI12297_WESPE_result\\CL100007977\L02\CL100007977_L02_7_1.fq
#PhredQual	33
#ReadNum	90049595
#row_readLen	50
#col	48
#BaseNum	4502479750
#N_Count	1538737	0.034175
#GC%	46.71
#Q10%	99.13
#Q20%	96.67
#Q30%	88.95
#EstErr%	0.361322
#Pos	A	C	G	T	N	0	1	2	3	4	5	6	7	8	9	10	11	12	13	14	15	16	17	18	19	20	21	22	23	24	25	26	27	28	29	30	31	32	33	34	35	36	37	38	39	40	41	Err%
1	29282073	20745247	21488826	18528987	4462	4462	0	0	0	5761	19735	31006	27103	27300	26610	29804	32264	32525	39154	45537	48096	65834	68051	82255	96029	159778	197511	214046	267015	346496	400780	477210	615665	640906	911169	984851	1219803	1224422	1283489	1111687	2038843	7147546	60486582	9640270	0	0	0	0.0946
2	25785045	17559901	22666956	23974119	63574	63574	0	0	0	2005	17568	26628	25398	25912	26957	29680	33090	35026	42552	50379	55645	75182	79592	93089	115868	186793	230745	251167	314449	400503	458649	529854	646606	664629	904198	972717	1200191	1279931	1482453	1404110	2572727	8437984	58505767	8807977	0	0	0	0.1600
3	24734185	20736436	19961835	24615881	1258	1258	0	0	0	400	11837	19400	19075	20187	21313	24574	27936	29959	36855	43840	49902	67297	73375	85286	108659	178486	221269	244481	303905	392975	449627	522487	641414	660651	894516	959961	1181113	1265171	1459762	1405397	2560515	8404291	58334054	9328367	0	0	0	0.0796
4	25061038	20534922	20253574	24199474	587	587	0	0	0	353	10717	17161	17057	18007	19435	22290	25718	28130	34338	40848	47411	64520	70477	82031	105584	176163	218874	243366	300864	391627	448556	521316	637445	657087	885357	955306	1173047	1269805	1472496	1429505	2603621	8512311	58106868	9441317	0	0	0	0.0755
5	24921548	20254939	20787700	24033993	51415	51415	0	0	0	1786	11450	17462	16931	17825	19232	22367	25527	27936	34229	41197	48534	64949	70908	83890	109299	179874	222895	247596	306409	396050	450972	524940	639759	661045	885519	957170	1173636	1279465	1503683	1483594	2698100	8723166	57742494	9308291	0	0	0	0.1332
6	24511407	20687835	20461789	24311420	77144	77144	0	0	0	393	10616	16619	16669	17908	19166	22241	25673	28535	35149	41540	48957	66318	72768	84169	111329	181928	225642	251087	311433	399943	456329	528937	641176	663105	888600	956438	1174495	1286623	1529954	1529420	2781899	8895490	57383065	9268837	0	0	0	0.1610
7	25008008	20217478	20963632	23837128	23349	23349	0	0	0	553	11381	17328	17438	18512	20441	23394	26962	29737	36566	43898	50940	69244	75899	88081	116934	187195	233732	257425	320377	408373	462012	535675	643293	670078	887379	960071	1180483	1304001	1571337	1594847	2906102	9130934	56891828	9233796	0	0	0	0.1035
8	24425919	20871248	20030884	24720981	563	563	0	0	0	549	11197	17413	17443	18436	20453	23333	27130	29938	37356	44328	52192	70921	77268	88746	119358	190795	235023	261111	323393	412078	467706	539520	645334	673174	890320	963136	1182236	1313063	1594200	1641032	2981798	9278031	56586911	9214110	0	0	0	0.0786
9	24337760	20616961	20342507	24749407	2960	2960	0	0	0	594	11233	17067	17135	18306	20029	23364	26792	30146	37244	44194	52955	71265	77983	89760	120640	191550	238718	263133	325456	411818	466072	542126	641993	672115	887563	960824	1182205	1320892	1618713	1674619	3041774	9407801	56297128	9243428	0	0	0	0.0812
10	24657471	20458105	20661852	24271032	1135	1135	0	0	0	873	12378	18705	18783	20070	22153	25520	29880	32435	40390	47856	57013	76891	83217	96209	128077	199295	247465	270483	336125	420637	476460	550841	648341	680497	894081	969010	1191659	1340939	1659839	1739640	3162451	9621549	55650409	9278289	0	0	0	0.0832
11	24636490	20369921	20611747	24215673	215764	215764	0	0	0	5475	15399	22049	21796	23126	25078	29020	33410	36196	45077	52437	61614	83354	88644	101845	136378	205977	256318	278130	344582	426291	482447	557311	651009	684271	895484	969791	1193808	1349540	1690332	1794799	3254744	9787452	54936174	9294473	0	0	0	0.3296
12	24592176	20612408	20677578	24156246	11187	11187	0	0	0	2336	15311	21603	21853	23266	25438	29331	34066	36894	45799	53883	63172	85619	90532	104960	139368	210706	260340	282469	350393	430125	487954	560867	653482	688878	901469	976912	1201342	1366075	1715869	1841060	3332170	9928739	54727044	9329083	0	0	0	0.1018
13	24761052	20503420	20749387	24035725	11	11	0	0	0	1499	15927	22837	23093	24957	27073	31457	35998	39210	48583	57509	67057	90052	94537	109834	145711	216167	268240	287485	357893	435283	493027	567686	655934	695125	905060	978916	1205692	1373537	1741419	1896368	3431995	10097146	54198904	9408373	0	0	0	0.0921
14	24608192	20504150	20711979	24105641	119633	119633	0	0	0	3835	20310	27482	27753	29550	32090	36974	42417	45396	56079	65540	75353	100657	105428	123062	159739	230756	284416	303492	377532	452063	510699	585506	667357	713958	920765	997875	1226795	1408441	1796851	1982249	3566986	10302187	53288195	9362174	0	0	0	0.2358
15	24522919	20707105	20774270	24038696	6605	6605	0	0	0	4991	22207	30633	30473	32709	34631	40477	46102	49426	60759	70300	79712	106894	110506	129459	165868	235442	291225	308665	383974	457748	514340	591355	670652	718731	926963	1004645	1235028	1423621	1822893	2026612	3642505	10430009	52915731	9427704	0	0	0	0.1163
16	24566667	20656510	20849770	23975361	1287	1287	0	0	0	4441	31147	41788	41656	44190	46757	53332	60326	64096	77437	90292	99931	132387	134729	159447	196617	235322	291861	309774	385611	458346	516331	595562	673487	722599	929935	1008442	1242651	1437797	1847628	2078246	3728948	10571469	52352213	9383513	0	0	0	0.1311
17	24498666	20636458	20908015	23962856	43600	43600	0	0	0	5052	33761	45015	45204	47439	49819	56674	64807	66807	81955	93818	104514	138049	139560	165255	202961	241731	298242	315615	394081	463631	522826	600999	673859	728056	934810	1015587	1252097	1453279	1876633	2113763	3788580	10650964	51948273	9392279	0	0	0	0.1842
18	24310751	20839375	20874239	23886251	138979	138979	0	0	0	6760	36837	48464	47766	50551	53455	60915	68145	70824	86555	98624	109497	144143	144727	171968	209774	246783	306888	323080	401186	468776	528718	606932	680593	738583	941582	1022596	1261549	1469757	1901861	2159842	3859070	10764377	51403657	9415781	0	0	0	0.2971
19	24391363	20741682	21008187	23798140	110223	110223	0	0	0	19498	46210	54318	51210	53594	56092	62756	71182	73771	90148	102205	113107	148267	148843	177684	214472	251144	313096	325929	406604	472941	533153	610326	683633	740562	943592	1027902	1270874	1481631	1923260	2195732	3912615	10858313	51062847	9441861	0	0	0	0.2791
20	24432617	20743584	21011251	23857571	4572	4572	0	0	0	9238	44970	57057	56327	59615	62104	69714	78628	80966	97530	111467	121528	160439	159136	189265	229002	265452	328690	341005	425320	488717	549201	631798	700317	762448	968996	1052418	1299350	1518879	1977825	2277269	4040563	11017593	50411274	9400922	0	0	0	0.1655
21	24342826	20888319	21046531	23770262	1657	1657	0	0	0	10073	46809	58810	57655	61059	63790	71442	80929	82794	100670	114227	124933	164354	163027	194590	234083	269731	333659	347488	432951	493655	557373	637991	705322	772228	976594	1058884	1310558	1539307	2000555	2319113	4109881	11135209	50003453	9414741	0	0	0	0.1662
22	24428397	20814674	21150022	23655011	1491	1491	0	0	0	11654	51499	63837	62732	66492	69030	76986	87706	89141	107785	122961	133137	174312	170942	206052	245186	281156	347321	357868	448378	507428	569932	654997	716987	786842	994451	1078787	1335363	1568175	2046867	2386268	4208623	11258922	49370212	9390075	0	0	0	0.1768
23	24461531	20765765	21124945	23697014	340	340	0	0	0	14088	57093	69003	67746	71652	73676	84087	94341	95065	115847	130928	142288	184989	180549	217255	259009	293028	361621	371355	465826	519854	585493	671724	729344	806725	1016046	1102172	1362704	1601909	2097593	2470813	4340179	11398368	48624371	9372514	0	0	0	0.1872
24	24307652	20956901	21146307	23621829	16906	16906	0	0	0	15380	60991	72922	72104	75875	77772	87657	98440	99699	120785	135690	146875	192024	187089	225288	266842	301032	371943	378653	474536	529195	593617	680079	739319	816161	1026471	1113595	1378146	1619430	2122675	2505851	4401095	11463687	48213532	9368239	0	0	0	0.2137
25	24392673	20895646	21239643	23520904	729	729	0	0	0	18040	65565	77484	75337	80283	82374	91953	103866	103622	126484	141699	152062	199195	193223	233189	273934	308158	379569	386395	483512	536517	601323	689123	748686	830113	1040713	1126821	1396032	1645842	2153759	2552275	4456930	11549222	47746950	9398616	0	0	0	0.2049
26	24375345	20855626	21238244	23579982	398	398	0	0	0	19361	69628	81822	79440	83418	85404	95918	109098	107804	131612	147468	159133	205877	199257	241333	282408	315775	389254	395980	495452	545944	613275	701008	756592	843546	1053753	1142083	1415934	1674769	2186767	2601190	4530675	11637715	47268223	9382281	0	0	0	0.2128
27	24229416	21033070	21238330	23548142	637	637	0	0	0	23292	79244	90749	87837	92521	95126	106775	119345	119511	144582	162363	172279	224431	214965	261915	303919	335856	413172	417631	522258	571536	638241	731635	785522	877434	1092192	1183320	1464911	1731884	2264228	2715185	4705097	11774952	46261780	9263270	0	0	0	0.2330
28	24309616	20975980	21331420	23431547	1032	1032	0	0	0	29034	91099	102235	99083	104319	105746	118550	132658	129669	157357	176161	185598	241873	227883	280041	321154	352918	433591	434894	547416	590377	658638	757370	806000	901989	1122877	1214622	1498689	1773431	2320146	2793801	4803066	11850099	45547127	9139052	0	0	0	0.2568
29	24307136	20884620	21313555	23504163	40121	40121	0	0	0	31097	95862	106564	103150	108034	109594	121979	137136	134214	162808	182257	191967	248028	235812	287235	329105	359765	443285	442757	553797	597756	666147	764846	815186	912649	1132694	1222105	1511732	1790949	2332579	2810780	4821782	11908724	45119796	9217303	0	0	0	0.3089
30	24222110	21034783	21324800	23466947	955	955	0	0	0	30940	96304	107568	104145	109328	110313	124112	139096	135317	164418	183520	193452	251188	238437	290652	332992	363650	446160	447008	560398	603782	673778	771106	820490	923193	1142656	1233622	1526326	1808445	2356118	2843752	4872294	11963945	44848062	9232073	0	0	0	0.2676
31	24316499	20948542	21438765	23343928	1861	1861	0	0	0	36390	110289	119806	115491	120763	121692	135376	151811	147086	178244	198431	207514	268086	251762	310352	352205	380931	466796	464669	583796	623818	694217	796447	844527	947637	1173149	1268544	1565781	1856881	2414420	2919802	4973736	12027296	44111456	9108533	0	0	0	0.2930
32	24307706	20914900	21400714	23425000	1275	1275	0	0	0	40351	119104	127972	123918	128971	129591	143442	162838	155766	188781	210486	217995	283787	265498	325755	367302	397047	486417	481382	606097	643152	715955	819436	867554	974898	1205096	1296468	1604342	1900858	2469316	2997344	5086896	12103502	43383857	9017146	0	0	0	0.3101
33	24175480	21038525	21392320	23342658	100612	100612	0	0	0	46298	129215	137309	130067	136494	135389	150417	168941	161741	195869	217030	224825	290448	271660	334369	375501	402323	493930	489083	613057	649195	722781	826933	870577	983769	1212354	1303526	1613633	1910203	2477733	3008685	5088113	12116274	43020010	9041231	0	0	0	0.4362
34	24243700	21014007	21527361	23263100	1427	1427	0	0	0	52671	143491	150284	142560	148809	146594	163066	181603	173739	210245	232333	240354	307605	286694	354479	394984	421719	514210	509207	636405	672410	746409	853547	900683	1012690	1247026	1340599	1656935	1962231	2539526	3090004	5195586	12182903	42275017	8961550	0	0	0	0.3520
35	24191571	21013182	21481467	23362306	1069	1069	0	0	0	52282	148191	156046	148574	155868	154457	171292	190758	181383	220599	243864	251467	323312	298609	371388	414089	438427	536855	529224	664252	697173	769314	883383	925260	1046054	1287242	1381103	1704510	2017491	2610054	3181470	5324283	12244673	41561095	8764484	0	0	0	0.3645
36	24088634	21143656	21503438	23304273	9594	9594	0	0	0	62490	171575	179172	169399	176516	172639	190723	213162	200932	244559	268914	274133	351881	322409	402005	442470	467463	569065	557883	699217	732363	803777	921617	965067	1086171	1335395	1431645	1759303	2083489	2684297	3273289	5427543	12270310	40595825	8533303	0	0	0	0.4166
37	24126990	21110279	21607094	23203843	1389	1389	0	0	0	68882	190229	196024	184576	191248	186408	206939	229771	215520	261341	285316	291547	373553	341271	426130	464988	488410	595597	581952	730197	758820	832463	953431	999952	1123992	1377645	1476135	1811800	2144471	2749317	3360399	5531569	12286290	39758639	8373384	0	0	0	0.4391
38	24084557	21028671	21560794	23268120	107453	107453	0	0	0	78400	206093	208552	195040	202033	195984	215331	239046	223153	269557	295247	300185	382087	349265	435424	472838	494524	602008	588626	735623	760599	839194	960699	1001839	1129272	1379011	1474307	1811995	2138810	2740905	3350719	5509856	12279167	39439545	8437208	0	0	0	0.5801
39	23977558	21182498	21543198	23209808	136533	136533	0	0	0	74026	209167	213986	202028	206784	203785	223529	248691	232915	280768	307147	311213	398217	362441	451624	491051	511576	624411	609252	761783	786431	864368	988930	1032219	1160208	1417294	1515502	1860537	2195455	2808493	3432817	5605959	12291661	38769955	8258839	0	0	0	0.6230
40	24073827	21126357	21684293	23163304	1814	1814	0	0	0	84470	227409	229988	215465	220121	214581	235751	260766	241115	291970	319006	322658	409965	373180	464198	504630	523895	635595	619293	773048	799006	876026	997835	1041236	1174064	1431088	1528432	1871664	2212373	2822120	3452727	5635148	12313887	38445823	8279248	0	0	0	0.5018
41	24077726	21106798	21652786	23207894	4391	4391	0	0	0	94149	251650	253255	237310	242120	235042	256298	284467	261526	315538	344709	344624	439987	395990	497191	534512	553125	670235	649267	815770	838211	913199	1045834	1086357	1219614	1490432	1586980	1940085	2288795	2904933	3545483	5731631	12295182	37503829	7977874	0	0	0	0.5487
42	23958131	21238731	21680198	23170155	2380	2380	0	0	0	104356	279208	278251	260054	264540	254484	277501	306289	280670	339038	369106	366618	467267	417216	525815	561661	577504	699215	679282	845280	868820	941302	1079812	1121369	1254682	1528741	1628321	1981244	2332556	2952260	3604400	5791572	12256809	36739968	7812004	0	0	0	0.5916
43	23985569	21168004	21749289	23125636	21097	21097	0	0	0	120784	309197	302481	280520	282687	270580	294269	322707	294841	353953	382916	380638	480459	432303	541279	576318	590630	714865	689954	859545	880922	955864	1091502	1131556	1270368	1539067	1634536	1991672	2345844	2965063	3612939	5799928	12241408	36239851	7847052	0	0	0	0.6549
44	23942653	21135738	21721432	23165790	83982	83982	0	0	0	122994	324791	318497	292565	297563	283266	308196	337184	306021	369339	399719	396140	499318	446950	559833	595876	607514	735745	710220	884275	903172	976571	1116820	1155359	1294876	1568585	1664637	2025743	2384359	3002332	3663477	5838845	12214332	35657023	7703476	0	0	0	0.7509
45	23859694	21296865	21770274	23118316	4446	4446	0	0	0	141865	367893	360124	328828	328806	310800	336624	370477	332077	398641	431973	424492	534599	474429	597961	629684	638868	771929	745539	922739	940671	1010511	1159741	1199542	1337205	1619291	1717898	2077848	2442489	3063687	3735883	5906721	12153037	34753943	7478334	0	0	0	0.7315
46	23884277	21274673	21831595	23006465	52585	52585	0	0	0	137719	363520	354923	325054	326996	308763	334449	366523	330092	395469	427328	421916	529689	470167	593145	626041	635475	765766	738517	913749	934055	1007635	1150892	1191720	1330591	1609229	1704404	2067564	2431183	3051904	3715634	5890057	12164187	34789800	7592854	0	0	0	0.7768
47	23909513	21196214	21841664	23096029	6175	6175	0	0	0	165132	418271	403113	365063	362464	339612	364301	398274	355108	424129	455832	445364	558569	493164	621641	650808	657036	792724	762173	941959	960428	1030722	1175531	1214922	1353578	1634128	1723644	2090585	2456066	3067672	3739571	5905448	12106181	34083455	7526752	0	0	0	0.8043
48	23728555	21424283	21855108	23029468	12181	12181	0	0	0	163042	438856	425384	387119	386008	361869	389597	424292	376487	451141	486613	473303	593927	523466	657492	687349	693756	833688	802440	986707	1007462	1074282	1230356	1270742	1408549	1699550	1797869	2165578	2534113	3152559	3824891	5968288	12018090	33179537	7163012	0	0	0	0.8510
49	23837741	21324760	21938452	22942992	5650	5650	0	0	0	176512	476645	462152	418739	414192	386589	413778	450174	399343	475496	508352	497843	619687	547376	685520	713295	718048	861354	830249	1015885	1036648	1103829	1260466	1300990	1443637	1733781	1829651	2198890	2573797	3180681	3852383	5978425	11939163	32624828	6915547	0	0	0	0.9018
50	22962990	21634209	22625158	22786989	40249	40249	0	0	0	272028	998803	1110769	991976	963306	866148	930636	990769	858593	1010978	1092103	992907	1259303	1055485	1345639	1289253	1304608	1548806	1461422	1740791	1814520	1732419	2026926	2064238	2144355	2477419	2598194	2814709	3120870	3623950	3963444	5297369	9617215	21553970	3075425	0	0	0	1.9274
