#Name	E:\SaveData\2016-10-18_10_33_15_1001160101_R0036_A_CL100007977_BGI12297_WESPE_result\\CL100007977\L02\CL100007977_L02_2_1.fq
#PhredQual	33
#ReadNum	77047215
#row_readLen	50
#col	48
#BaseNum	3852360750
#N_Count	1335832	0.034676
#GC%	47.14
#Q10%	99.16
#Q20%	96.79
#Q30%	89.30
#EstErr%	0.351912
#Pos	A	C	G	T	N	0	1	2	3	4	5	6	7	8	9	10	11	12	13	14	15	16	17	18	19	20	21	22	23	24	25	26	27	28	29	30	31	32	33	34	35	36	37	38	39	40	41	Err%
1	24541050	17795525	18601571	16105253	3816	3816	0	0	0	4781	17451	28028	24249	24308	23803	26832	28595	28412	34034	39060	41426	56162	58169	69967	81007	134363	165311	179314	225288	290896	336483	404431	518217	538098	766550	828857	1037574	1054224	1125938	925680	1699605	6324586	51451767	8449933	0	0	0	0.0960
2	21848396	15418416	19392725	20332819	54859	54859	0	0	0	1787	15216	22547	21397	22222	22994	25175	28264	29875	35450	41747	46330	61881	65908	77126	96009	154330	191330	208898	260800	332520	382400	444299	541546	556825	760027	818155	1016678	1096489	1286844	1164615	2140167	7403711	49843854	7774940	0	0	0	0.1596
3	20840377	18046293	17295419	20864102	1024	1024	0	0	0	363	10237	16673	16190	17229	18194	20586	23237	25206	30604	36344	41345	55660	60590	70484	89474	146893	182152	202461	251708	325542	374262	435684	538106	553201	750999	807881	1003122	1084300	1261875	1161321	2120897	7356099	49727513	8229759	0	0	0	0.0786
4	21096294	17868399	17539720	20542303	499	499	0	0	0	359	9121	14720	14554	15327	16228	18847	21421	23394	28512	34456	39438	53122	58182	67863	87647	144491	179658	201079	249403	325373	372177	433832	533169	549840	745038	803887	995742	1082656	1266459	1181903	2158219	7441303	49556071	8323225	0	0	0	0.0744
5	20986246	17606218	17968703	20442718	43330	43330	0	0	0	1560	9590	14571	14255	15091	16221	18457	21214	23458	28429	33772	39460	53594	58193	68318	88979	146648	182625	203206	252528	328413	375923	435540	535060	550590	744108	803625	993618	1088531	1291378	1220784	2232895	7609560	49289587	8214104	0	0	0	0.1308
6	20695241	17991290	17657411	20635839	67434	67434	0	0	0	360	8817	13674	13701	14897	15828	18304	20928	23298	28500	34136	40467	54478	59554	68408	90502	148626	184807	205404	255029	331285	378031	440032	534161	552431	743420	801959	993850	1095773	1314221	1258015	2299334	7748891	49006123	8182537	0	0	0	0.1608
7	21043757	17622781	18086579	20274305	19793	19793	0	0	0	536	9397	14285	14567	15289	16678	19424	22021	24396	29991	35423	41640	56839	61850	70967	95076	152348	190177	210534	261457	335655	383370	444698	536220	556975	745769	804160	997071	1106680	1343448	1311709	2399100	7939058	48622793	8157821	0	0	0	0.1011
8	20655053	18061853	17360474	20969339	496	496	0	0	0	427	9377	14582	14247	15658	16710	19504	22334	24543	30363	36346	42659	57459	63010	72256	96473	154443	191832	213429	265193	339568	386144	446685	537746	559218	745770	804606	994683	1110258	1359853	1345565	2459339	8061624	48398832	8135983	0	0	0	0.0765
9	20566031	17891808	17538811	21048055	2510	2510	0	0	0	534	9475	14305	14571	15429	16651	19579	22596	24613	30512	36179	43023	57942	63837	73598	98494	155877	193816	215150	267196	339359	385111	448550	534494	559088	743860	802806	996571	1117631	1377279	1372501	2507860	8164012	48166230	8155976	0	0	0	0.0794
10	20844710	17737584	17780067	20683895	959	959	0	0	0	754	10440	15499	15725	16779	18093	21194	24308	26944	33187	38983	46384	62545	67166	78065	103843	162030	201384	221116	275032	345965	394399	455244	540471	565422	746807	808373	1002780	1130609	1408278	1428050	2607525	8332882	47652272	8187708	0	0	0	0.0810
11	20816736	17660902	17725337	20658366	185874	185874	0	0	0	4679	12968	18369	17824	19140	20800	24171	26961	29460	36655	42833	50338	67263	72289	83187	111170	167572	208344	227038	281468	351447	397424	460393	540072	569118	747570	809474	1003006	1135948	1430716	1474794	2683628	8466068	47071661	8197493	0	0	0	0.3287
12	20749330	17874373	17791670	20622456	9386	9386	0	0	0	2072	12634	18017	17880	19297	20509	24274	27886	30146	37390	43925	51099	68352	73522	84589	113044	170561	211834	231701	285853	355633	400485	464648	542694	571918	750330	813566	1006306	1148285	1452856	1511672	2746598	8582668	46912421	8233164	0	0	0	0.0988
13	20863141	17796809	17855334	20531671	260	260	0	0	0	1642	13380	19019	19174	20577	22222	25555	29237	31829	39618	46144	54261	72583	76557	89204	118653	174828	217407	236100	291696	357781	407411	468434	545195	575951	751768	815631	1009418	1154480	1469881	1558733	2833694	8719456	46486287	8293149	0	0	0	0.0897
14	20767383	17787775	17792878	20596748	102431	102431	0	0	0	3390	16930	23081	22932	24632	26509	30416	34605	37385	45687	53090	61530	81915	85423	99363	129429	186956	231739	248735	308035	371905	420883	483961	555650	591624	767855	828535	1027103	1178779	1512563	1631413	2950611	8894477	45726156	8251487	0	0	0	0.2329
15	20657973	17963729	17840561	20571522	13430	13430	0	0	0	13151	19162	26069	25719	27557	29291	33939	37853	40159	50104	57344	65461	87156	90008	105423	135433	191881	237692	253431	314668	377885	424915	488791	558772	595637	770201	834745	1033365	1190244	1533787	1667129	3013676	8986627	45413936	8302574	0	0	0	0.1287
16	20690135	17930220	17940893	20484843	1124	1124	0	0	0	3796	25232	34609	34187	36072	38387	43613	49186	51556	62435	71882	81047	107145	109273	128884	158883	189998	237366	253402	314361	376163	424591	488292	555502	598451	772029	836571	1036152	1202192	1553720	1711072	3086141	9116822	44986310	8270769	0	0	0	0.1261
17	20655617	17897892	17968046	20488995	36665	36665	0	0	0	4161	27632	37651	36867	38752	40910	45983	51716	54424	66521	75848	84560	111459	113034	132846	163534	195389	242402	258488	321239	381514	428488	494365	560365	601852	776931	842475	1044537	1212245	1575451	1740810	3140809	9189050	44646190	8272052	0	0	0	0.1782
18	20495514	18090690	17924532	20416210	120269	120269	0	0	0	5539	30755	40012	39353	41651	43700	49162	55425	57593	69883	79734	88315	115717	117446	139152	169003	200762	249175	262454	326048	386036	435579	497609	563038	608120	781785	846755	1049307	1223663	1594123	1777821	3198424	9273678	44209534	8300595	0	0	0	0.2935
19	20545422	18016076	18033729	20354437	97551	97551	0	0	0	16852	38165	44999	41465	43709	45216	51475	57958	59486	72354	82296	90522	118935	119470	142106	173505	203292	253066	266745	331360	387839	437665	502261	565227	612039	783305	849378	1056555	1234724	1609021	1806712	3241812	9347216	43939807	8323127	0	0	0	0.2774
20	20592387	17994448	18041804	20414766	3810	3810	0	0	0	7817	37080	47242	46422	48281	50320	56462	64184	65544	78883	89968	98017	129005	128144	152249	184196	215681	266180	278449	346801	402022	452503	518855	580923	627794	802913	869801	1080019	1265451	1654407	1883088	3356064	9488323	43396847	8273470	0	0	0	0.1591
21	20510615	18124796	18074751	20335608	1445	1445	0	0	0	8417	38488	48396	47806	49805	51768	57976	65683	66542	81201	92541	101430	132202	131078	156363	188554	218801	271124	282115	352975	404858	455970	524157	584446	636236	809561	876896	1088821	1279087	1675116	1910699	3410652	9578038	43082059	8285909	0	0	0	0.1597
22	20582307	18060237	18161654	20241667	1350	1350	0	0	0	9988	43165	52724	51865	54115	56712	62960	71021	72327	87101	98702	107592	140919	138515	166132	199371	227450	281979	292432	365005	414856	468547	536149	593997	648946	824757	892914	1110217	1304806	1713096	1973739	3499594	9680029	42537626	8266517	0	0	0	0.1706
23	20609667	18020578	18142210	20274463	297	297	0	0	0	11626	46920	57070	55717	58181	60273	67736	75994	76538	92591	105473	114246	149528	145556	175493	209499	238152	294838	302899	378949	428487	481746	550850	606119	664670	841790	911715	1131094	1335703	1753187	2045405	3612459	9807706	41915342	8243366	0	0	0	0.1795
24	20478813	18180552	18140583	20232692	14575	14575	0	0	0	12689	50158	60580	58646	61966	63841	71145	79846	80840	97261	109804	118897	154765	150457	181746	216170	244978	301285	308918	386481	435149	488204	560022	612551	672791	850275	921494	1143323	1349466	1775169	2075129	3666365	9868323	41570352	8233554	0	0	0	0.2060
25	20567792	18113560	18227525	20137685	653	653	0	0	0	15035	53879	63642	62453	65372	66470	74767	84323	83913	101976	115023	123634	160581	156412	187635	221745	250336	308464	316085	393473	441744	495519	567615	619816	684770	860890	934481	1160118	1371028	1799089	2111455	3713140	9937651	41178558	8265470	0	0	0	0.1967
26	20548614	18087939	18229127	20181165	370	370	0	0	0	16097	56989	67053	64930	67640	70033	77725	88269	87346	105666	119228	128013	166041	161586	194417	228524	255647	316413	322454	402912	448254	504889	576228	627222	695284	871815	945349	1177078	1393473	1831225	2157804	3785395	10015084	40773446	8247316	0	0	0	0.2037
27	20414287	18226233	18244986	20161145	564	564	0	0	0	18885	64681	74913	72263	76196	77314	86619	97661	96189	116324	130404	139743	181178	173959	210252	246151	273551	336589	340512	426577	468027	526165	603628	650684	724195	905660	980297	1216290	1440140	1892699	2257990	3934550	10132871	39931142	8142352	0	0	0	0.2233
28	20477484	18183203	18306460	20076807	3261	3261	0	0	0	26940	74982	84487	82119	85097	85919	95910	107591	105458	128442	142852	150130	195723	185538	226484	262440	287700	354074	355967	447723	484598	543783	623469	669691	744953	930968	1006715	1247367	1480484	1942749	2325403	4026899	10192661	39312967	8025671	0	0	0	0.2513
29	20487354	18119286	18280755	20125790	34030	34030	0	0	0	25742	78765	87376	83996	88004	88910	99208	111630	108845	131406	146812	154746	200388	190027	232214	267415	292447	360415	362470	453932	492163	552381	630429	673449	755197	939263	1011969	1258911	1491596	1954440	2335879	4043402	10244963	38967799	8096596	0	0	0	0.2972
30	20391469	18258388	18300058	20096515	785	785	0	0	0	25313	79228	88153	84531	88917	89468	99674	112987	110534	133347	148307	156550	202708	192887	235416	269967	296104	364278	365509	457304	495979	556169	634481	680337	761534	945773	1021159	1268697	1508364	1969886	2368767	4088286	10293790	38744555	8107471	0	0	0	0.2559
31	20461525	18183060	18400728	20000264	1638	1638	0	0	0	30175	90254	99414	94650	99081	98858	109921	123660	119179	144781	160414	167651	216752	204524	252192	285532	310389	381148	380951	477047	513994	572397	656019	699898	783332	972256	1051606	1303601	1548562	2024127	2438738	4172418	10350424	38120197	7991435	0	0	0	0.2813
32	20475036	18140283	18376490	20054269	1137	1137	0	0	0	33483	98286	105984	100956	105239	105865	117635	131922	126099	153723	170359	178246	230140	215525	264876	299152	323340	397860	395727	494730	529626	589217	676401	718753	805930	998172	1074997	1335956	1586157	2070805	2508133	4273045	10410218	37512510	7907011	0	0	0	0.2980
33	20360198	18254217	18356901	19988877	87022	87022	0	0	0	38008	106750	113550	107998	111622	111199	123267	137562	131655	159684	176743	183390	236152	220824	271194	305956	328817	403371	402732	503809	535858	596289	681173	724348	814496	1005629	1083546	1343424	1595986	2078504	2512611	4275788	10432411	37181529	7924318	0	0	0	0.4253
34	20429724	18223874	18461536	19930856	1225	1225	0	0	0	43505	118215	124807	117739	121481	120126	132690	148810	141468	171286	188405	194984	250478	232820	288195	322302	344531	421473	417754	523138	554669	616298	705721	745833	840278	1035433	1113566	1382220	1640948	2130312	2589070	4374423	10492242	36548075	7852695	0	0	0	0.3387
35	20383957	18226140	18424663	20011520	935	935	0	0	0	42724	121591	128544	122359	126974	125628	139219	155923	148406	179842	197991	204631	262755	244650	302402	337957	359285	440256	435474	543463	574909	637228	728682	770020	866646	1067893	1149042	1420843	1689364	2191146	2668564	4486430	10535266	35955336	7684837	0	0	0	0.3498
36	20287134	18334694	18450963	19966112	8312	8312	0	0	0	51560	142458	147437	138958	143916	142472	156610	174145	164023	198943	219106	223379	287001	263593	328442	361826	382984	466144	460121	576209	604510	666279	762947	802459	902603	1111003	1192787	1469216	1745679	2256605	2751058	4584912	10563803	35125047	7470668	0	0	0	0.4016
37	20329124	18302089	18549074	19865770	1158	1158	0	0	0	56012	157176	161066	151941	156318	154180	169462	188224	176048	212904	233855	238599	305097	279697	348461	381199	401382	489057	480921	601263	629378	690879	792921	833054	935508	1146863	1230094	1516573	1797880	2311713	2824962	4675789	10571040	34411855	7334686	0	0	0	0.4224
38	20299495	18240145	18501962	19914377	91236	91236	0	0	0	65524	170717	173358	161046	165397	160972	177567	196796	183056	220505	242618	245907	313153	286491	355632	388832	406722	495829	485446	607443	632163	696145	796250	834040	938918	1151554	1231159	1513467	1801894	2308545	2816738	4661781	10569765	34124374	7376175	0	0	0	0.5638
39	20198806	18368276	18486537	19876992	116604	116604	0	0	0	60919	171939	176222	165820	170652	167056	182632	202779	189039	229614	251315	255468	325953	296240	369539	404311	422582	513122	502432	627405	653276	717158	820916	860144	967235	1182851	1266928	1560734	1848364	2365822	2888519	4744697	10585701	33559275	7223952	0	0	0	0.6047
40	20269610	18324334	18603820	19847686	1765	1765	0	0	0	69863	188661	190069	177998	181880	176173	193074	213911	198544	239364	260432	264956	335711	306941	382610	413761	430871	525463	512861	639326	665128	726552	831298	869301	978072	1194795	1275016	1568434	1859924	2380859	2911079	4771980	10597531	33272811	7240201	0	0	0	0.4850
41	20277872	18301224	18579982	19884476	3661	3661	0	0	0	77325	208194	209043	194894	199614	192062	210558	232656	215081	259243	282879	284351	361021	326174	408038	441088	457132	554238	540457	672627	695952	759899	870027	908707	1018408	1243048	1330558	1626427	1924790	2450827	2995780	4860340	10586643	32473413	6972060	0	0	0	0.5290
42	20155649	18422206	18602612	19861212	5536	5536	0	0	0	89667	232512	232731	215125	218768	211056	228781	252532	231322	279110	301843	302891	383521	345521	433409	465432	478883	580501	563777	701658	724160	785208	900466	937533	1049742	1280512	1362491	1664083	1963540	2494631	3045588	4906255	10550154	31809281	6818995	0	0	0	0.5802
43	20198179	18349062	18678256	19803805	17913	17913	0	0	0	99618	258169	253234	232264	235252	224217	243040	266834	243396	290794	316293	314043	396990	357475	446115	476342	489417	591615	574753	712848	734615	796527	910505	945668	1061946	1287836	1370949	1676109	1977708	2502793	3057692	4921787	10539440	31370737	6852281	0	0	0	0.6366
44	20168754	18332179	18642835	19831781	71666	71666	0	0	0	101931	269275	264536	243341	246344	234527	254678	278738	253921	305369	329562	326851	414003	368709	463328	492366	503561	609904	591619	732104	753743	814742	931156	967867	1082449	1315805	1397486	1703884	2010689	2537670	3097076	4958001	10525790	30876309	6718215	0	0	0	0.7309
45	20104944	18463334	18677225	19798015	3697	3697	0	0	0	117806	306916	298379	272023	273402	257970	278920	304973	273609	329791	355338	351980	443422	393581	492642	522123	530927	641119	619470	767021	787343	844598	969842	1005141	1122460	1360589	1442868	1751902	2062208	2596112	3156567	5024208	10468285	30092352	6527631	0	0	0	0.7101
46	20113327	18451868	18739462	19697676	44882	44882	0	0	0	113610	301319	294630	270442	271071	257237	276968	302330	274292	327787	353853	349353	438393	390148	490338	518526	526200	636628	615831	761693	782038	841661	961940	998073	1114416	1350846	1433093	1741989	2056901	2582352	3145723	5008391	10475210	30112879	6626172	0	0	0	0.7554
47	20136763	18384942	18761708	19758550	5252	5252	0	0	0	137096	350155	337747	304158	302381	281384	302956	330455	294037	351123	378333	370677	463564	409804	515271	540886	549204	658682	637136	785555	803420	862640	983786	1022376	1136834	1373056	1452878	1763782	2077528	2601391	3169372	5018662	10428586	29491088	6555960	0	0	0	0.7842
48	19963365	18584045	18771838	19717540	10427	10427	0	0	0	135356	363736	355696	322260	321304	300316	323275	351406	313296	374391	402266	393876	493136	435658	545835	570547	577920	694827	669367	823683	844238	899740	1029713	1067452	1184800	1431708	1511162	1828299	2146406	2673268	3243769	5087359	10345950	28737401	6237372	0	0	0	0.8281
49	20058706	18496536	18830716	19656452	4805	4805	0	0	0	145219	396545	385378	349042	346200	322550	344461	373574	333155	394832	424133	414101	514045	454706	568915	593798	599154	718545	695279	849021	872749	924154	1058465	1094974	1214569	1462151	1542957	1855874	2177999	2698520	3271920	5089541	10278585	28252047	6025252	0	0	0	0.8780
50	19329657	18777441	19403173	19502833	34111	34111	0	0	0	222724	838255	936875	837409	813143	732585	786576	834675	728673	850565	918862	842985	1063731	896418	1138015	1088818	1109095	1312591	1242964	1471166	1542764	1471555	1723883	1755642	1830572	2104429	2210004	2395971	2660030	3086996	3371484	4511960	8287112	18708008	2686569	0	0	0	1.8973
