#Name	E:\SaveData\2016-10-18_10_33_15_1001160101_R0036_A_CL100007977_BGI12297_WESPE_result\\CL100007977\L02\CL100007977_L02_2_2.fq
#PhredQual	33
#ReadNum	77047215
#row_readLen	50
#col	48
#BaseNum	3852360750
#N_Count	1041781	0.027043
#GC%	47.77
#Q10%	97.08
#Q20%	89.51
#Q30%	74.98
#EstErr%	1.066442
#Pos	A	C	G	T	N	0	1	2	3	4	5	6	7	8	9	10	11	12	13	14	15	16	17	18	19	20	21	22	23	24	25	26	27	28	29	30	31	32	33	34	35	36	37	38	39	40	41	Err%
1	23504393	18706694	18511973	16323283	872	872	0	0	0	6733	29620	41253	47765	61420	75021	156456	194513	193601	267154	319615	298413	495183	347150	558966	550833	632747	758594	659553	991894	809142	984791	1128596	1073317	1184471	1510694	1576534	1789147	1968351	2795149	2880456	4696484	10620684	33209282	4132761	0	0	0	0.2866
2	20463769	15946453	19423912	21211701	1380	1380	0	0	0	42329	100652	122057	131583	157412	169955	271373	329862	293360	395107	458247	385137	649375	421713	697238	648288	728108	866426	728552	1106511	871560	1063734	1210945	1125965	1246259	1574115	1632935	1835127	2001258	2858753	2891130	4658190	10528205	31331192	3513182	0	0	0	0.4901
3	19623861	18502280	17230701	21689608	765	765	0	0	0	47589	105578	125080	131655	156558	165458	269000	326482	289121	392998	454359	383143	646366	418163	695237	650074	719685	865352	723158	1100509	873974	1050693	1206468	1126764	1231646	1564904	1621145	1824797	1986905	2842617	2879079	4630570	10538564	31361660	3641099	0	0	0	0.4921
4	19935390	18306102	17599264	21205910	549	549	0	0	0	49992	106995	123215	128867	151404	160219	263936	317614	286030	382232	442095	382168	626075	422043	679520	646493	706037	854274	720133	1080120	880077	1035442	1195484	1124221	1223477	1552498	1607148	1815576	1991707	2803511	2893335	4635359	10530774	31354659	3873936	0	0	0	0.4857
5	20023516	17950968	18030599	21040772	1360	1360	0	0	0	40251	97861	116512	123519	147267	156642	265322	321425	288177	390547	450727	390394	634130	430410	690649	655502	711655	860144	731514	1081797	889299	1043369	1200688	1130860	1240443	1560159	1617187	1837089	2021976	2812190	2958031	4724708	10550790	30461264	4413357	0	0	0	0.4764
6	19573253	18379848	17800708	21291081	2325	2325	0	0	0	55191	114388	131486	135840	159723	165652	274375	332098	291117	398414	456535	390334	648811	426696	700088	660191	714566	868112	726308	1099750	889793	1037471	1206188	1132027	1220899	1559107	1614875	1819917	1990154	2814407	2911937	4660827	10562185	31033779	3841649	0	0	0	0.5083
7	19976938	17923300	18299536	20843322	4119	4119	0	0	0	62500	128679	144558	148899	171733	177336	284619	339414	300628	402947	460212	396446	641391	435609	693239	660789	712265	864404	725074	1081576	889004	1033583	1197487	1128353	1223192	1548417	1602530	1812343	1992029	2785633	2909162	4652216	10528030	30881921	4026878	0	0	0	0.5354
8	19362397	18500221	17369879	21766456	48262	48262	0	0	0	97233	168685	176995	173936	195058	196677	302645	354621	315946	416088	472088	408316	647322	449252	699334	671630	710308	867634	728830	1076634	897094	1030817	1195204	1126285	1225173	1539710	1600334	1811625	1991307	2763021	2917754	4649259	10482601	30495442	4144095	0	0	0	0.6600
9	19375439	18355861	17532270	21770870	12775	12775	0	0	0	59232	126465	143537	148035	170559	176110	284717	341917	299827	405571	462083	399222	641974	438962	698165	664411	707964	861975	726880	1075489	895536	1027096	1193681	1128186	1221686	1548841	1603717	1820289	2004712	2786103	2948261	4697243	10553999	30438807	4333188	0	0	0	0.5438
10	19633918	18233439	17818401	21354989	6468	6468	0	0	0	66605	138654	154345	156497	181042	181856	295503	352321	306088	417660	471799	408311	651581	444883	706569	677575	711607	873513	731220	1086416	908589	1028487	1203772	1141441	1217400	1552743	1607388	1822156	2006664	2787934	2952249	4686845	10547657	30374898	4188479	0	0	0	0.5591
11	19684744	18201340	17773315	21386220	1596	1596	0	0	0	71648	148785	163841	166162	189983	193048	305599	359379	318396	422711	477428	417708	654865	457282	709359	679098	717686	876763	738639	1083006	907086	1034650	1203324	1135499	1229598	1549804	1605347	1823566	2010067	2773121	2949139	4686617	10509733	30210412	4266270	0	0	0	0.5735
12	19563006	18401294	17777048	21304108	1759	1759	0	0	0	86431	167389	179226	178972	201381	201074	315305	369919	323554	430371	484099	422847	658918	462582	710208	684091	717357	877604	741431	1077027	912515	1032424	1199369	1138122	1230102	1549282	1606578	1824280	2011514	2767269	2959190	4688938	10491308	29993587	4351192	0	0	0	0.6051
13	19715618	18279898	17810791	21217398	23510	23510	0	0	0	71232	148888	163415	165555	188881	193325	302757	355519	317302	420050	471617	416888	642332	458524	698253	676467	706649	865981	736370	1069116	909930	1029132	1197094	1132810	1232293	1544037	1602535	1826896	2018539	2759932	2975588	4721867	10511028	30018410	4474493	0	0	0	0.5989
14	19614148	18285176	17828528	21317725	1638	1638	0	0	0	89287	178555	188781	187781	209786	210302	325344	380739	335140	439789	491340	434605	663515	475814	716827	696719	720958	884980	748658	1083624	927508	1039375	1208931	1149823	1241142	1555950	1610645	1836600	2031628	2765705	2986505	4730891	10466940	29577963	4453427	0	0	0	0.6257
15	19439123	18434122	17882204	21255046	36720	36720	0	0	0	118561	210879	215776	208119	228504	226577	339379	396289	346430	450862	502178	444581	669405	483813	722494	701204	723883	886369	754797	1079203	930694	1040690	1207383	1148350	1246715	1552347	1610839	1839481	2040123	2753549	2992885	4715963	10415240	29224145	4582788	0	0	0	0.7269
16	19554711	18376637	17940867	21165980	9020	9020	0	0	0	112069	234497	249056	245139	272366	271301	314290	365735	323958	424985	473701	426167	639182	468481	696303	683557	702324	867717	739033	1058797	918157	1025047	1193794	1142106	1234002	1541789	1600792	1834365	2034685	2747500	3000439	4731869	10446320	29401683	4616989	0	0	0	0.7187
17	19436013	18376153	17969328	21202268	63453	63453	0	0	0	154839	290208	296648	285434	309536	299394	344648	398195	347928	453078	502172	445850	663899	487561	719541	701249	717373	884855	753669	1072164	935180	1037739	1206289	1152944	1245495	1552674	1607327	1843677	2046140	2750250	3020839	4745236	10369792	28730798	4611141	0	0	0	0.8886
18	19382630	18538141	17899428	21209046	17970	17970	0	0	0	123491	220833	239735	239511	264749	266447	310177	360957	321362	420682	469311	423477	632846	467943	688321	679218	699127	859749	737772	1046930	916220	1017571	1185151	1137725	1231295	1538033	1596907	1830628	2037173	2741460	3005535	4745987	10449895	29380682	4742345	0	0	0	0.7212
19	19363125	18501948	18064139	21112646	5357	5357	0	0	0	145223	281789	288178	277603	302030	294012	338438	389059	342462	444584	493983	442531	654138	485044	711310	697696	712353	876265	750674	1058515	930325	1031540	1196711	1150448	1244133	1548859	1606966	1844596	2055290	2747320	3027755	4755955	10387193	28771711	4757169	0	0	0	0.7934
20	19401921	18453964	18025745	21162284	3301	3301	0	0	0	147224	293603	301142	288142	311235	302598	348169	399385	351755	454975	504427	454845	662035	497824	721844	709247	720084	886547	763994	1071506	945394	1038585	1210601	1163508	1256004	1559652	1616380	1860236	2072136	2754546	3062094	4792938	10357913	28413615	4749731	0	0	0	0.8133
21	19276639	18587276	18058323	21065779	59198	59198	0	0	0	176336	333108	334189	312842	333944	320072	365822	418224	364991	469160	516859	463894	673691	506511	729823	718535	724637	894004	770489	1073770	956101	1046513	1219091	1176665	1267295	1570945	1629397	1875366	2097577	2768468	3100127	4835165	10303373	27852206	4788827	0	0	0	0.9503
22	19405853	18537114	18136970	20960336	6942	6942	0	0	0	146935	307514	313161	300017	322916	312877	357245	408952	358698	462014	508686	458900	663170	502740	725203	716407	716710	887525	767275	1068270	956894	1038977	1215592	1177088	1263903	1569245	1630133	1876492	2102782	2769364	3105221	4842005	10334694	28055817	4796851	0	0	0	0.8387
23	19355774	18486415	18164591	21034075	6360	6360	0	0	0	192990	367623	365639	341195	360173	343277	388432	441226	382344	488666	535979	480692	691140	521426	746933	734936	734349	904866	780879	1082630	969521	1054931	1225938	1186421	1276091	1578623	1636996	1884963	2112112	2768502	3117417	4845347	10255517	27436488	4806593	0	0	0	0.9430
24	19206961	18601855	18141505	21051583	45311	45311	0	0	0	250114	381133	382744	350000	369606	348862	398151	447683	386414	497346	541560	487780	695526	526279	751651	742892	737464	910116	789063	1086557	982609	1056253	1234739	1198874	1281249	1590200	1646067	1901245	2131708	2786231	3140273	4858378	10205308	27156718	4751111	0	0	0	1.0435
25	19361968	18584551	18237548	20856187	6961	6961	0	0	0	172684	352374	352552	333584	353048	338403	382819	436391	379602	485594	531719	481320	682207	522298	741120	732393	729807	901561	781732	1073116	972742	1051264	1222695	1187730	1276262	1580690	1636004	1894737	2119074	2768458	3124125	4855485	10255818	27417442	4913404	0	0	0	0.9161
26	19336061	18525675	18244558	20930743	10178	10178	0	0	0	195969	385196	380913	353188	370897	350387	396991	446814	388742	495633	539175	488712	688963	528660	746584	737728	734952	906740	786565	1077523	978438	1055426	1222803	1192273	1283090	1579233	1640228	1891703	2121753	2768027	3123622	4840196	10217758	27203303	4918852	0	0	0	0.9715
27	19170231	18680867	18255080	20928696	12341	12341	0	0	0	220976	425376	418849	380927	395040	371286	417073	469458	404763	512434	557030	504784	705856	544975	765739	754680	747302	919148	803710	1091286	996825	1067742	1241761	1212766	1300346	1598305	1659097	1916215	2156536	2789415	3162574	4873971	10146014	26633654	4868961	0	0	0	1.0430
28	19237666	18649390	18341196	20809364	9599	9599	0	0	0	221478	440808	434504	399335	414007	386174	433590	487542	415078	530610	575092	518351	725516	555384	785616	772739	759455	938144	817359	1109812	1015831	1078967	1259703	1230369	1314701	1619631	1679982	1936938	2179204	2813654	3197718	4907211	10084799	26225267	4773047	0	0	0	1.0723
29	19207714	18613850	18329579	20882820	13252	13252	0	0	0	250586	486838	478740	431490	443434	407001	457587	510601	431280	551655	593919	531486	741018	567040	801246	786244	765230	949478	824762	1118674	1031740	1084811	1271240	1249912	1321506	1634284	1692271	1954697	2201424	2822043	3219294	4910195	10017554	25791308	4703375	0	0	0	1.1547
30	19220878	18689936	18276022	20845888	14491	14491	0	0	0	198256	421822	419145	386362	403900	379940	426503	480074	413492	521280	565281	516106	712489	554396	772914	765566	752572	928887	812885	1094321	1012457	1073487	1251271	1226981	1315911	1615639	1671524	1939005	2185399	2802486	3205330	4922598	10099479	26262374	4922592	0	0	0	1.0432
31	19242921	18656972	18393036	20740520	13766	13766	0	0	0	232660	474398	464520	419849	429877	398263	446557	497662	428004	538309	581607	530080	725483	569152	785047	778662	761681	938426	827316	1106737	1028651	1083806	1263724	1241094	1327707	1628979	1685973	1953631	2205687	2814875	3225135	4924852	10015168	25813043	4886834	0	0	0	1.1234
32	19223570	18620176	18374692	20813164	15613	15613	0	0	0	257800	519195	504959	452773	460711	422736	472189	521770	445063	559660	603659	546887	746629	584374	804902	796576	776869	956987	842675	1120229	1044915	1098088	1279400	1259886	1343136	1644248	1700605	1969529	2221674	2824143	3237167	4918502	9948260	25362471	4782935	0	0	0	1.2022
33	19161458	18741498	18380383	20746993	16883	16883	0	0	0	242213	509875	498860	450611	460352	422895	470043	520759	445266	559810	602797	547356	744795	582748	802006	793246	773989	952209	840871	1112517	1045388	1092980	1272957	1256575	1337354	1638019	1694589	1962942	2220193	2817210	3233354	4919585	9950590	25393923	4861455	0	0	0	1.1886
34	19125468	18727981	18499064	20677583	17119	17119	0	0	0	282998	560166	540562	477833	484873	440446	490011	538456	458340	572932	614311	557005	754096	592248	809276	800001	779795	954490	843133	1116792	1045486	1095690	1272128	1255053	1341216	1634736	1691516	1963007	2215889	2804137	3225152	4902882	9903405	25141768	4870267	0	0	0	1.2673
35	19169467	18671459	18466972	20716452	22865	22865	0	0	0	271437	564961	552304	491214	498014	451837	503684	554999	469647	587244	630845	567996	770124	604388	829595	819290	792914	975560	862164	1135842	1071875	1111726	1300097	1286759	1364299	1668705	1727114	2001540	2259370	2851285	3279167	4943903	9825892	24680142	4718417	0	0	0	1.2920
36	19091642	18788231	18448934	20690160	28248	28248	0	0	0	265164	563884	547329	489245	493869	450589	497221	547835	468623	581278	623159	568286	761705	602544	819917	810745	789190	966941	857340	1123849	1063362	1110328	1285699	1274765	1360342	1654903	1713294	1988695	2247942	2833407	3267280	4945226	9840790	24771799	4832422	0	0	0	1.2886
37	19101937	18773081	18540360	20610659	21178	21178	0	0	0	287981	607149	591428	522007	521934	471968	522483	572457	484129	602386	644161	583513	778672	617325	837005	829078	801843	982838	872142	1139139	1081217	1119153	1302681	1292604	1370538	1669806	1729579	2004004	2264466	2841131	3274579	4927785	9754851	24352122	4771883	0	0	0	1.3536
38	19092218	18725342	18526515	20681020	22120	22120	0	0	0	299396	632474	616163	542694	543241	488447	539851	590902	496148	619211	659390	594483	797205	628681	856287	842005	811496	997491	886056	1156628	1096413	1128613	1320321	1311120	1384831	1692057	1751482	2022714	2285756	2864346	3304370	4954084	9688472	23958461	4663806	0	0	0	1.4014
39	19008280	18827571	18534520	20648424	28420	28420	0	0	0	291542	636440	618758	547603	546707	492961	544652	593520	501977	620014	664326	599777	798226	631890	857362	845693	814843	999501	890201	1157517	1103844	1132162	1325923	1315565	1392589	1696496	1755972	2034407	2298181	2871513	3317307	4965233	9658833	23832788	4664472	0	0	0	1.4130
40	19084526	18778996	18586945	20572341	24407	24407	0	0	0	287165	644641	627546	553369	552624	498294	548269	598492	504666	624152	665953	603576	799804	636458	855790	847413	814807	1001641	891649	1156796	1105190	1133360	1322514	1315443	1393360	1692317	1751575	2029851	2297122	2859673	3307848	4948381	9652307	23798862	4701900	0	0	0	1.4172
41	19023750	18746845	18590731	20654598	31291	31291	0	0	0	316884	686805	664849	582466	577919	516571	567226	614518	520286	639198	680465	616273	812658	646127	867037	856631	825277	1009362	899203	1161584	1112727	1142814	1327055	1323077	1401823	1702439	1759565	2035799	2306594	2864947	3318688	4947746	9590636	23452038	4668637	0	0	0	1.4957
42	19012123	18809131	18549846	20657214	18901	18901	0	0	0	282626	651302	633599	560005	553889	501299	546979	595347	505382	616762	658260	606043	785408	633762	843356	836197	810025	984144	886260	1133192	1093389	1127171	1299532	1301033	1384985	1674424	1729484	2011669	2283687	2833707	3289244	4929633	9663321	23900231	4882967	0	0	0	1.4120
43	18958857	18824983	18716168	20514134	33073	33073	0	0	0	334290	753479	737832	640240	629156	556554	613120	659438	549913	678697	718990	646285	850018	671641	903115	890363	847942	1039697	927008	1193519	1152600	1160037	1358525	1355950	1425132	1730956	1790216	2062002	2333087	2881823	3327597	4923326	9411609	22757982	4502003	0	0	0	1.6136
44	18936615	18787404	18699900	20585700	37596	37596	0	0	0	349986	785425	766016	664480	650495	573199	628626	675800	562106	692904	733222	658473	863081	683003	916830	900053	860032	1052286	937784	1203140	1165640	1170608	1374512	1373228	1439150	1747423	1807787	2080454	2355263	2901249	3352933	4936680	9339428	22378438	4429885	0	0	0	1.6720
45	18906285	18903911	18659268	20553167	24584	24584	0	0	0	319466	743505	721774	635470	623303	556097	603644	652149	548975	670230	709441	644771	837717	672422	891090	881410	844431	1030251	924587	1179988	1143426	1160344	1350983	1349643	1425866	1726280	1785865	2062691	2341034	2883607	3352678	4960253	9420081	22748190	4620969	0	0	0	1.5789
46	19019376	18836450	18684198	20483574	23617	23617	0	0	0	292824	721624	708030	622524	612690	548277	596743	643142	542573	661593	702731	641069	829081	668549	882885	875211	838795	1023858	923536	1170803	1144406	1157356	1346259	1352327	1428810	1724309	1786831	2067010	2348410	2884519	3357227	4970004	9428284	22836268	4685040	0	0	0	1.5394
47	18836652	18853794	18772464	20534835	49470	49470	0	0	0	385294	881023	866542	740876	719439	624787	681356	727379	602117	734933	776423	693039	900755	715617	949467	930972	882788	1078477	964892	1224848	1190759	1186911	1391515	1394059	1455307	1757589	1817045	2086317	2356642	2887057	3333369	4878396	9151459	21680128	4350168	0	0	0	1.8461
48	18731220	18956696	18808720	20479242	71337	71337	0	0	0	422044	939988	936284	796879	771706	665658	730317	774214	635361	779563	819410	725250	945826	743666	993412	967528	913231	1117263	994828	1262866	1233958	1212857	1426777	1430178	1480374	1792512	1852128	2112686	2383761	2903626	3340222	4845506	8959096	20969716	4097187	0	0	0	1.9981
49	18894679	18908470	18789020	20420833	34213	34213	0	0	0	344554	853667	830880	722810	702279	622102	667213	711813	601439	716904	757577	692937	878391	718704	929155	917230	880282	1061718	964482	1201221	1180714	1189544	1373888	1379703	1459729	1748973	1806499	2086541	2370981	2880927	3348753	4914616	9194396	21817648	4484732	0	0	0	1.7664
50	18274245	19114949	19871176	19707597	79248	79248	0	0	0	468979	1594212	1793941	1558305	1484038	1272654	1361777	1410976	1155222	1358271	1422818	1214325	1540382	1209183	1559172	1427464	1357579	1610951	1417385	1703603	1704295	1526227	1795337	1767411	1729238	2003016	2032570	2147250	2311942	2664226	2843077	3724068	6722084	13896661	2179328	0	0	0	3.3735
