#Name	E:\SaveData\2016-10-18_10_33_15_1001160101_R0036_A_CL100007977_BGI12297_WESPE_result\\CL100007977\L02\CL100007977_L02_5_1.fq
#PhredQual	33
#ReadNum	67696023
#row_readLen	50
#col	48
#BaseNum	3384801150
#N_Count	1167494	0.034492
#GC%	46.63
#Q10%	99.07
#Q20%	96.48
#Q30%	88.57
#EstErr%	0.381783
#Pos	A	C	G	T	N	0	1	2	3	4	5	6	7	8	9	10	11	12	13	14	15	16	17	18	19	20	21	22	23	24	25	26	27	28	29	30	31	32	33	34	35	36	37	38	39	40	41	Err%
1	21835379	15732923	16034545	14089882	3294	3294	0	0	0	4252	15105	23308	20658	20696	20321	22709	24590	24558	29760	34071	36323	48957	50914	61470	72019	119863	147383	159312	200426	259098	300433	357826	460618	475618	681707	736131	918879	925494	979935	827203	1521970	5477470	45362539	7271113	0	0	0	0.0948
2	19305188	13283431	16921892	18137129	48383	48383	0	0	0	1521	13192	19906	19074	19688	20460	22421	25093	26562	31714	37220	41681	56008	59084	69804	87336	139839	172290	188594	236169	300116	343146	399379	485926	498319	677150	728758	898124	964312	1124932	1050380	1926909	6432303	43925833	6604397	0	0	0	0.1608
3	18535688	15597543	14908909	18652928	955	955	0	0	0	297	9045	14685	14697	15317	16306	18157	20841	22696	27511	33014	37465	50483	54774	64394	81365	135006	166983	183904	229288	296096	338241	392385	481192	495784	669876	721405	887018	951443	1107931	1056934	1929598	6409135	43803067	6958735	0	0	0	0.0799
4	18777482	15473307	15103256	18341536	442	442	0	0	0	295	7909	13175	13028	13939	14706	16977	19364	21010	25795	30946	35994	48232	52698	61442	79992	133121	165176	183459	227584	295871	336845	392540	478922	493237	667214	716028	882264	956946	1118153	1080476	1967199	6492695	43623460	7028889	0	0	0	0.0758
5	18679848	15254308	15504350	18219533	37984	37984	0	0	0	1341	8728	13259	13013	13748	14693	16935	19167	21088	26169	31005	36400	49318	53714	62603	82332	135451	168749	188228	232158	300195	341308	395340	480999	495740	666854	718077	882775	961998	1140999	1120999	2040849	6651043	43358300	6914464	0	0	0	0.1327
6	18383246	15565032	15266022	18422520	59203	59203	0	0	0	330	7809	12645	12739	13277	14726	16905	19432	21417	26526	31568	37308	50486	54996	63874	85604	137723	171426	190148	235495	303484	345035	400745	482172	499511	667344	718245	885398	970619	1163905	1158757	2110776	6780709	43068642	6877044	0	0	0	0.1631
7	18752312	15224752	15649148	18052458	17353	17353	0	0	0	439	8608	13042	13154	14262	15108	17795	20417	22273	27900	33160	39260	53243	57455	66598	89591	142771	176508	195194	242609	309530	350673	406148	485526	504714	670707	723063	886757	983838	1198221	1212156	2206434	6966180	42677847	6847489	0	0	0	0.1037
8	18318682	15699959	14950761	18726196	425	425	0	0	0	428	8570	13347	13222	14168	15469	18072	20935	22632	28327	33832	39715	53958	58798	67714	91469	145302	181142	199491	247337	313408	355844	409811	488576	508889	671158	725036	890050	990609	1218527	1247548	2272100	7085347	42432109	6812658	0	0	0	0.0795
9	18250557	15512178	15185857	18745250	2181	2181	0	0	0	472	8575	13097	13153	14266	15583	17935	20612	22802	28373	33771	40743	54878	59717	68326	92436	146300	182460	200539	249259	312738	354677	410119	485098	507490	670378	724018	891780	998107	1235753	1274972	2319965	7186731	42214145	6824574	0	0	0	0.0822
10	18468643	15396933	15428456	18401108	883	883	0	0	0	674	9686	14478	14456	15403	16982	19683	22550	24992	31117	37044	43636	58997	64313	73678	98904	152147	189644	206959	257058	320230	361680	419635	489311	514210	676093	731873	899573	1013073	1268527	1330133	2414088	7346396	41708772	6849145	0	0	0	0.0846
11	18458706	15326445	15398849	18350142	161881	161881	0	0	0	4289	11884	16798	16676	17867	19350	22689	25802	27940	34428	40610	47324	64127	67802	78751	105103	159089	196718	212293	265621	324584	367604	423978	491171	518042	678120	734871	902775	1023056	1291599	1370000	2485356	7468268	41156057	6863500	0	0	0	0.3307
12	18415657	15515976	15442010	18314148	8232	8232	0	0	0	1921	11587	16505	16946	18018	19638	22963	26512	28359	35402	41269	48631	65708	70378	81077	107735	161942	201599	217608	270105	329218	372820	428761	495113	524447	682239	739193	909940	1036295	1315354	1408449	2548275	7578231	40973299	6882254	0	0	0	0.1032
13	18525006	15441321	15501857	18227822	17	17	0	0	0	1212	12482	17446	17999	19363	21158	24354	27884	30447	37598	44858	51468	69811	73423	85177	112853	167296	206849	222815	275553	334153	377004	434472	497638	528692	687061	742708	913265	1043936	1333670	1452862	2627568	7707718	40567479	6927734	0	0	0	0.0942
14	18416871	15441765	15475465	18272584	89338	89338	0	0	0	3046	15670	21709	21383	23538	25172	28788	33168	35499	43524	50714	58486	78701	81716	95007	124319	178485	220839	234061	290869	346745	390131	448499	508219	544679	700887	759268	933088	1070918	1376512	1520578	2730730	7860078	39859262	6892397	0	0	0	0.2377
15	18347452	15585487	15520979	18235717	6388	6388	0	0	0	5577	17794	24088	24232	25838	27628	31723	36418	38187	47614	54540	62512	84292	86340	100904	129618	183411	226014	238129	298953	352837	395194	454716	512683	547471	707894	765735	940061	1082345	1396737	1558744	2796002	7952102	39554071	6929231	0	0	0	0.1232
16	18381245	15551891	15606376	18155573	938	938	0	0	0	3928	24472	33005	32556	35242	37038	41915	47636	49692	61436	70365	78726	103881	106503	124349	153428	182729	227200	240044	298947	353131	396034	455245	511885	551544	709397	768471	945563	1095374	1420185	1595464	2858656	8062109	39117081	6901854	0	0	0	0.1359
17	18348420	15536069	15619734	18159453	32347	32347	0	0	0	4183	27047	35974	35787	37498	39643	45022	50966	52750	64486	73584	81971	108565	108997	129992	159241	187550	233485	245602	305129	356705	400175	461416	516465	557503	714509	773789	955753	1108622	1439010	1625841	2907779	8124280	38798784	6895573	0	0	0	0.1893
18	18193275	15695073	15605122	18097776	104777	104777	0	0	0	5638	29554	38267	38687	40364	42123	47865	54278	56409	67972	78047	86372	114203	113998	134364	165004	192716	238452	250404	312873	361772	406844	467389	520443	564259	719349	780065	963303	1122042	1461772	1657932	2959678	8210207	38365401	6923200	0	0	0	0.3039
19	18250517	15639102	15694137	18027414	84853	84853	0	0	0	15568	36541	43451	41082	42526	44322	50113	56816	58049	71630	81326	88980	117259	116502	139892	169066	196577	243906	253382	316938	363151	410338	471260	521183	566639	722286	786254	971823	1130832	1478061	1686999	3002899	8275144	38099117	6941258	0	0	0	0.2892
20	18271322	15629775	15699356	18092290	3280	3280	0	0	0	7828	36363	46300	45045	47171	49507	56100	63036	64177	77678	88395	96260	127188	124958	148865	180224	207338	257512	265221	331008	377854	423611	485085	536158	584112	742203	804437	992138	1162684	1521825	1749983	3099707	8395065	37592182	6905525	0	0	0	0.1737
21	18206851	15725840	15734900	18027166	1266	1266	0	0	0	8803	37843	47020	45940	49447	50608	57245	65305	65879	80518	91536	99069	131103	127994	153608	184312	212129	261085	269296	337588	381807	429782	491281	539893	590610	749377	812221	1004861	1173965	1539691	1782972	3152139	8481008	37274771	6914051	0	0	0	0.1751
22	18263094	15695909	15805963	17929868	1189	1189	0	0	0	10358	42305	51116	50581	53143	55141	62525	70251	71406	86760	97529	105540	139160	134641	163123	194403	220855	273153	278279	350025	391680	439596	504353	550852	605034	764066	828696	1024402	1199276	1575786	1832079	3230062	8571461	36770036	6897161	0	0	0	0.1872
23	18292443	15639577	15791878	17971850	275	275	0	0	0	12140	46576	55815	54554	57508	59500	67421	75864	75666	92284	104764	112281	147449	142878	172926	203854	230161	283316	289731	363277	401685	452498	518290	562033	618780	780226	847696	1044359	1228825	1612878	1897921	3331605	8675011	36192000	6883976	0	0	0	0.1984
24	18176884	15798991	15802732	17904297	13119	13119	0	0	0	13154	49387	59134	58103	60828	63195	70637	78997	79285	96683	109203	117548	153903	147635	179044	210349	235573	291549	294716	372799	409000	459382	526039	567526	628191	789641	857183	1055290	1242224	1633263	1927931	3372141	8725392	35875125	6872854	0	0	0	0.2261
25	18244216	15750442	15869454	17831324	587	587	0	0	0	15527	53785	62468	60885	64782	66464	74530	83966	83004	101742	114171	122278	159092	153382	185063	217024	241883	298530	301077	379602	416241	465473	534264	574280	640304	799025	866570	1071917	1262449	1656237	1961508	3413471	8784871	35512500	6897071	0	0	0	0.2181
26	18234777	15705841	15877808	17877252	345	345	0	0	0	17000	56757	65988	64770	68069	69102	77596	87646	86843	106070	118967	126544	164653	158350	192431	223674	248435	306899	308411	388319	424048	475065	543147	583386	650337	814902	879382	1087625	1282935	1684177	2000961	3465738	8850822	35132705	6883924	0	0	0	0.2270
27	18124722	15837690	15878372	17854711	528	528	0	0	0	19967	65161	73611	71783	75106	77250	86222	97269	95830	116330	129766	137187	179835	170307	207289	240505	264690	325509	326159	409832	443034	495545	567217	605129	675618	842276	911055	1126695	1327963	1741552	2088128	3601605	8945663	34358334	6796073	0	0	0	0.2490
28	18167844	15806336	15948010	17772714	1119	1119	0	0	0	25238	74396	83440	80372	84040	84438	95057	107071	104301	126479	141293	148018	193130	181883	222745	254365	278571	341808	338963	429285	458239	511884	586515	622894	694054	864522	934298	1153831	1361433	1785220	2144832	3677410	8994933	33804957	6704989	0	0	0	0.2746
29	18181677	15742162	15917467	17824876	29841	29841	0	0	0	26936	78611	86509	83792	87884	88352	98664	111307	108062	130758	145403	152923	198734	185917	228792	261452	282689	347487	345634	434675	464799	518974	593489	627709	704861	873717	940804	1163772	1372956	1795877	2152253	3688916	9037808	33484754	6760912	0	0	0	0.3269
30	18100552	15868638	15933396	17792743	694	694	0	0	0	26316	78728	87773	84723	88687	89720	99805	112335	109342	132143	147583	154815	200819	189036	232245	264351	286731	351091	349643	439328	468458	523006	599029	633757	712628	879893	951258	1174063	1389182	1811215	2183217	3724376	9078423	33268500	6773110	0	0	0	0.2861
31	18156855	15805579	16017297	17714829	1463	1463	0	0	0	31115	90412	97998	93862	98688	98641	110130	123083	118125	143300	159106	165314	215078	199919	246844	278572	299934	366600	362932	457119	484156	539942	616339	651565	729513	904936	974580	1204911	1421886	1856394	2237420	3796642	9122667	32714653	6682184	0	0	0	0.3141
32	18159419	15774751	16001655	17759140	1058	1058	0	0	0	34671	98109	104607	100413	104568	104228	117632	130982	126229	152279	168378	174688	225801	210359	259958	291352	312432	383374	376681	474408	501026	556504	636156	668670	752733	928462	1000548	1232285	1457703	1895360	2294083	3882170	9162927	32156894	6618295	0	0	0	0.3328
33	18051101	15859126	16004658	17704919	76219	76219	0	0	0	39706	105838	112113	106894	110839	110580	122168	137249	130631	158709	174367	179669	232471	214675	266765	297223	317839	389056	381709	480290	506014	561755	641939	676202	760467	935856	1002860	1237964	1465795	1902690	2303043	3878088	9175651	31866674	6636015	0	0	0	0.4615
34	18106522	15862867	16080421	17645095	1118	1118	0	0	0	44979	118022	122734	115631	121097	119434	131910	147354	139449	169234	186475	191699	247046	226844	281924	313417	332250	406300	397629	499772	522289	579938	662852	696325	783531	962225	1030569	1271900	1503696	1950452	2360658	3958276	9221842	31303240	6573912	0	0	0	0.3782
35	18086676	15856951	16041800	17709745	851	851	0	0	0	44475	121959	128146	121228	126246	124792	138631	154880	146234	177383	195486	201242	259152	237790	295406	326884	345437	422929	413117	520916	541003	598673	685868	716684	807433	991568	1063477	1307745	1546599	2001894	2431616	4050784	9253315	30764352	6431828	0	0	0	0.3919
36	18002559	15940053	16062689	17683427	7295	7295	0	0	0	53527	141602	145956	137811	142249	140227	154977	172577	161408	196336	214683	217759	281709	256093	320636	349796	367720	447772	434156	549048	566456	624353	716010	746041	838546	1029142	1101812	1352191	1591759	2054947	2500779	4125793	9262415	30034943	6257499	0	0	0	0.4472
37	18040769	15919799	16155528	17578797	1130	1130	0	0	0	59091	156107	159504	150829	154435	150715	166938	185711	173292	209569	229901	232050	297973	270513	339605	367582	384817	467358	453246	570627	587915	646435	741537	770948	865293	1060156	1134960	1389405	1637348	2103367	2559684	4199397	9271682	29400568	6146335	0	0	0	0.4720
38	18003324	15862702	16107418	17641367	81212	81212	0	0	0	66851	169378	170410	158407	163637	158650	174390	193648	178992	216644	236214	238754	305579	276094	344965	374496	389491	473575	458179	577600	593758	652937	745139	772975	870355	1063422	1132981	1390540	1638288	2097940	2551924	4189668	9261602	29141205	6186123	0	0	0	0.6157
39	17914590	15984230	16090345	17604719	102139	102139	0	0	0	63606	170970	173758	163017	168966	164188	180664	200727	185403	225284	246814	247865	317282	286915	359084	387502	403804	489152	474274	596233	610279	670814	767838	795950	895766	1091940	1165135	1423072	1677376	2144650	2613546	4252598	9269632	28648114	6061666	0	0	0	0.6568
40	17987506	15945094	16183367	17578561	1495	1495	0	0	0	72441	187447	186989	175064	179349	173493	189878	210778	194451	235034	255077	256955	327907	294826	369126	398602	410920	498394	482686	606074	620062	679148	775753	803267	905333	1101532	1172500	1435817	1688160	2154689	2629041	4269820	9282707	28392649	6078559	0	0	0	0.5403
41	17979530	15921836	16185927	17605325	3405	3405	0	0	0	80821	205977	206671	191906	195582	188543	206435	228930	208600	252758	275991	273953	350287	312881	396007	421331	433184	525215	506106	636469	647604	707159	811195	838763	940171	1145890	1217895	1482218	1744655	2216283	2697792	4337515	9259178	27696420	5852233	0	0	0	0.5890
42	17890015	16025025	16196625	17582191	2167	2167	0	0	0	89133	229180	226930	210505	213744	205325	223432	247155	223854	271320	294448	291135	372174	328898	416789	442949	453065	551633	527409	661262	672205	728020	836944	863985	964810	1173526	1249987	1513397	1776923	2253235	2737299	4380376	9223262	27106310	5733237	0	0	0	0.6363
43	17916109	15968282	16253860	17541761	16011	16011	0	0	0	101988	253108	246345	226611	228803	217115	236442	259947	235379	282220	306396	302999	383214	340607	429479	453112	463314	559669	537194	671440	681674	739532	843913	871726	975617	1181662	1252032	1523595	1785443	2257977	2744172	4380760	9205795	26737585	5763147	0	0	0	0.7015
44	17886115	15954930	16225793	17566877	62308	62308	0	0	0	104553	264941	258504	236723	239429	227314	247702	272676	244523	295097	318817	313630	398582	351602	444719	469222	475467	575431	550835	689636	697949	756142	865180	891740	995100	1205846	1275636	1546605	1813856	2287169	2776122	4411989	9177882	26302158	5650938	0	0	0	0.7975
45	17819190	16066957	16273185	17533228	3463	3463	0	0	0	120250	300395	290824	264543	265343	248955	270659	295698	264687	319334	342700	334733	424351	373875	471376	494932	498439	605714	577431	720831	727863	782598	895868	920439	1025265	1241205	1314488	1587618	1853611	2331152	2825290	4461455	9116630	25635822	5488186	0	0	0	0.7833
46	17833324	16061335	16321648	17440029	39687	39687	0	0	0	117380	296311	287956	262232	262893	247876	269302	294414	263482	316449	340726	333038	421560	371734	469621	491782	495786	600519	574271	713517	724217	776540	888755	917092	1019539	1234964	1302990	1578403	1846628	2317966	2814312	4445069	9136806	25650621	5571585	0	0	0	0.8293
47	17850481	15997576	16331462	17511298	5206	5206	0	0	0	140049	342357	328304	294939	293147	272524	293192	318433	282097	338793	362754	352453	443532	388392	492588	512105	514803	620631	589856	733601	742413	795392	909030	932353	1038021	1251332	1316735	1595751	1863763	2331786	2832587	4448364	9083356	25119768	5515616	0	0	0	0.8647
48	17715714	16173261	16329958	17467604	9486	9486	0	0	0	138670	356969	345315	311968	310952	288909	310682	337847	301242	359804	386137	373723	470229	411340	517713	539274	540471	651466	622000	769131	778019	827229	947756	973770	1079293	1299071	1369702	1650135	1923534	2391733	2890446	4500121	9009684	24451469	5250733	0	0	0	0.9110
49	17803744	16093323	16391418	17402895	4643	4643	0	0	0	149282	388307	372020	336816	332576	308567	331442	358641	318171	377491	404454	392560	490037	428513	539273	559063	560228	672681	640218	789920	800121	849711	971300	994938	1103154	1326460	1395960	1674444	1950366	2414143	2909207	4501764	8944503	24035585	5069464	0	0	0	0.9645
50	17189022	16322795	16859656	17289529	35021	35021	0	0	0	231664	780656	859322	762493	743063	659151	716177	765702	650556	780577	837849	753969	967029	796295	1034363	986568	987449	1183256	1102668	1326845	1376224	1304909	1542593	1564145	1612771	1875677	1961060	2121796	2351030	2736280	2984584	3979840	7197645	15882530	2244266	0	0	0	1.9947
