#Name	E:\SaveData\2016-10-18_10_33_15_1001160101_R0036_A_CL100007977_BGI12297_WESPE_result\\CL100007977\L02\CL100007977_L02_5_2.fq
#PhredQual	33
#ReadNum	67696023
#row_readLen	50
#col	48
#BaseNum	3384801150
#N_Count	904751	0.026730
#GC%	47.35
#Q10%	97.08
#Q20%	89.44
#Q30%	74.88
#EstErr%	1.069163
#Pos	A	C	G	T	N	0	1	2	3	4	5	6	7	8	9	10	11	12	13	14	15	16	17	18	19	20	21	22	23	24	25	26	27	28	29	30	31	32	33	34	35	36	37	38	39	40	41	Err%
1	20876747	16393688	16148610	14276561	417	417	0	0	0	5142	27435	38431	44099	56394	69398	146059	181782	177011	251338	299123	272135	467154	310068	522033	502970	583537	690458	597504	917115	729498	892384	1023344	972806	1053122	1366455	1417035	1596739	1738966	2537639	2481900	4029529	9378526	29136654	3181823	0	0	0	0.2990
2	18210425	13957839	17047529	18479148	1082	1082	0	0	0	27063	74965	94595	103497	127634	136977	233949	290828	253073	354275	410346	342558	588995	368591	633230	579745	653213	772097	649707	993770	773995	939003	1074612	1000611	1096521	1394412	1438374	1615709	1761144	2520181	2530808	4062325	9378125	27006604	3413409	0	0	0	0.4668
3	17427547	16301998	14942360	19023375	743	743	0	0	0	42177	94103	113238	119900	142256	149907	247235	301193	263029	362119	416960	348961	594629	376104	637302	586933	650343	780089	648675	994052	780001	933802	1076740	1000788	1089782	1390566	1437411	1611292	1750803	2521667	2510605	4018086	9316293	27188099	3200140	0	0	0	0.5077
4	17759362	16174401	15105973	18655823	464	464	0	0	0	45124	98622	113088	118273	138946	147271	244720	292929	265660	352646	403809	353393	566726	390168	617404	586877	629455	769497	642305	957442	786885	916747	1062259	992180	1084954	1368647	1418388	1605140	1761411	2454863	2553734	4069853	9300960	26789257	3795926	0	0	0	0.5049
5	17752950	15749457	15513962	18678422	1232	1232	0	0	0	54524	110174	124990	129772	151542	158526	256671	306714	275019	363993	418833	357420	585504	392387	631933	593671	641670	778513	649090	973775	790425	921237	1068760	998615	1086107	1372877	1421669	1602199	1756828	2464764	2529207	4028921	9277494	26850898	3570069	0	0	0	0.5377
6	17374008	16055424	15363747	18900886	1958	1958	0	0	0	43558	97134	112185	117894	139277	146194	247152	296761	265010	359743	410646	355351	577078	390348	627103	591457	638756	772409	651140	967470	790527	924183	1066604	999026	1092745	1374508	1425441	1611825	1772957	2477793	2577569	4105727	9329088	26401388	3938018	0	0	0	0.5079
7	17731559	15625902	15848293	18486614	3655	3655	0	0	0	56369	116484	130654	134864	155956	160681	259994	310542	274644	369209	420998	359704	586504	392224	632728	595590	639651	776618	647896	972217	790356	917326	1066637	997272	1080880	1370815	1418412	1602010	1751493	2461813	2538987	4040723	9302469	26760305	3599343	0	0	0	0.5518
8	17127934	16205391	15037869	19282798	42031	42031	0	0	0	88568	153335	161204	159214	178104	180059	279889	327439	292727	379701	430401	375395	585725	412383	631882	606097	637237	780013	652158	957476	798315	915273	1060793	996923	1084927	1360093	1411505	1598677	1761295	2427643	2572250	4077838	9271106	26088279	3960068	0	0	0	0.6812
9	17184835	15985527	15241676	19272867	11118	11118	0	0	0	49205	109285	126888	130119	151667	157088	258859	311026	273533	368850	419381	362807	581587	395547	629742	596286	633183	773301	648647	963092	796320	911560	1062018	1000923	1084822	1368464	1416775	1608511	1767641	2458251	2584470	4104066	9328235	26243070	4009686	0	0	0	0.5503
10	17389568	15887250	15486030	18927470	5705	5705	0	0	0	59980	124387	139152	142025	162789	164181	269067	320453	277439	380715	430711	367481	594124	398153	641759	607737	636996	783645	650944	975301	809022	910374	1069928	1012676	1073419	1374347	1418834	1604281	1761930	2464289	2571705	4070825	9327301	26363494	3730854	0	0	0	0.5738
11	17400719	15867614	15449584	18976721	1385	1385	0	0	0	64607	132991	146474	148904	171044	172945	277240	327314	287369	383214	433240	374091	592864	409047	641254	610007	641664	784675	656227	967838	805901	916292	1068247	1005477	1084343	1369133	1418187	1605149	1759980	2448073	2569372	4073542	9299161	26234754	3814018	0	0	0	0.5864
12	17314159	16031838	15449657	18898766	1603	1603	0	0	0	77322	147761	158497	159219	179323	180333	284562	333526	293523	388879	438638	380335	595250	413047	642907	613120	639794	784626	656492	964428	807297	914900	1067793	1008639	1083029	1368347	1414274	1604972	1767750	2439075	2579099	4076872	9279251	26064674	3886866	0	0	0	0.6156
13	17433001	15937469	15502441	18802561	20551	20551	0	0	0	62168	132280	145283	147497	168693	172379	274022	323595	286830	379119	426730	373577	581464	408907	631037	604327	632337	775007	653048	955009	803943	909650	1060189	1001706	1083359	1362687	1412036	1603456	1771881	2435139	2591407	4112771	9307793	26072088	4014058	0	0	0	0.6085
14	17334119	15938750	15523155	18898477	1522	1522	0	0	0	79636	157530	168297	166686	186592	187710	293736	343691	300475	396486	443696	388985	598300	424451	648239	622463	644210	791787	664473	967538	819721	919554	1071158	1015486	1092271	1372086	1421742	1612841	1780038	2435276	2605230	4111453	9266023	25716744	3979897	0	0	0	0.6359
15	17191693	16060350	15576707	18835196	32077	32077	0	0	0	106318	187400	191802	185889	204362	202365	307417	357622	312029	407105	453257	398113	604313	430907	650825	627413	644574	791463	666400	960791	821072	920296	1065762	1014583	1094723	1368228	1416613	1615183	1781849	2424023	2608472	4105125	9219130	25398279	4120243	0	0	0	0.7388
16	17289187	16019701	15631926	18747360	7849	7849	0	0	0	100607	209915	223994	220342	244030	242459	281745	328885	291191	382326	428329	380198	576939	417646	626816	608372	626584	772398	654140	942726	812806	905916	1058750	1006121	1086067	1359603	1408669	1606809	1780724	2420822	2613656	4113168	9246236	25572850	4136335	0	0	0	0.7326
17	17205334	16009986	15662696	18762763	55244	55244	0	0	0	140244	258889	266191	255326	278385	269252	309582	358478	312008	406441	451104	398469	598824	432840	646681	625776	640037	788114	666204	955513	824563	913838	1065334	1017824	1094365	1364082	1416152	1616453	1791536	2418234	2627380	4127310	9179242	25006137	4119971	0	0	0	0.9040
18	17167419	16166921	15594237	18758335	9111	9111	0	0	0	96421	195424	212660	213828	237587	239033	278814	323869	287589	378307	422065	378043	568597	415857	619592	606264	620611	767187	651280	933065	809752	898593	1051174	1002425	1081265	1351807	1402254	1604888	1779687	2411186	2618466	4130979	9255762	25578901	4263680	0	0	0	0.7139
19	17152101	16127324	15739170	18673804	3624	3624	0	0	0	129133	251387	257318	248931	270711	263892	303126	349533	307963	398986	443687	394945	586703	430565	635887	619696	632664	776421	664061	942684	820981	908041	1059860	1012758	1091290	1362157	1411056	1617633	1795871	2416923	2638376	4141173	9199480	25023390	4285117	0	0	0	0.8049
20	17175435	16078094	15699895	18739565	3034	3034	0	0	0	132636	261649	268811	256950	278266	270762	312184	358530	314784	406433	450129	403066	593567	441220	644686	630418	637961	787257	672787	950640	832534	916307	1069028	1025064	1102390	1369550	1422946	1630929	1814509	2426426	2663968	4168307	9170578	24751056	4256661	0	0	0	0.8264
21	17088422	16180876	15730475	18644277	51973	51973	0	0	0	154188	290944	293490	277673	298209	285693	327385	373565	324691	419597	462601	413565	601961	448723	653809	636773	642831	795347	680059	952760	844127	921718	1075972	1034541	1115941	1384344	1435031	1647815	1839698	2438936	2707384	4215749	9123349	24220936	4304645	0	0	0	0.9562
22	17191960	16140649	15797092	18560218	6104	6104	0	0	0	128816	269690	278001	265428	286951	277951	318317	364988	317286	412998	454847	407337	594570	443507	646774	636152	636476	790142	674749	948891	843471	914384	1071836	1035057	1104630	1381544	1428802	1642385	1833775	2439735	2704165	4210562	9163297	24465484	4296921	0	0	0	0.8450
23	17132255	16101380	15830905	18626504	4979	4979	0	0	0	171404	327110	325201	304415	322249	305692	346667	393402	339766	436597	477923	426298	615735	460856	665312	650067	649097	801086	687476	958143	854315	925263	1079792	1041581	1115976	1386486	1436031	1652804	1845601	2436127	2713757	4213385	9092467	23912579	4320384	0	0	0	0.9538
24	17022641	16217425	15812771	18611046	32140	32140	0	0	0	204647	333860	336235	310465	327902	309610	351847	399122	341306	442566	482488	430949	621857	463323	670934	658254	651319	808486	691762	962682	863877	927535	1085886	1054042	1121679	1396398	1445024	1663510	1860958	2451005	2735290	4236036	9051363	23725108	4246558	0	0	0	1.0280
25	17155579	16184553	15882957	18466886	6048	6048	0	0	0	153177	311167	313512	296203	313187	300219	341400	387952	335944	431715	473234	424833	609598	460116	660090	647368	645353	796683	688004	949725	853790	920812	1076513	1041944	1115819	1383605	1433049	1654074	1849676	2432295	2718653	4226569	9091868	23934911	4416917	0	0	0	0.9242
26	17116189	16143856	15886478	18540191	9309	9309	0	0	0	176277	340833	337971	313035	329052	310471	350748	399132	343606	439784	480741	431149	614075	465928	664009	653000	649062	800152	691623	953348	856582	924031	1079062	1043941	1118933	1384986	1435225	1652765	1853598	2426614	2716808	4217197	9070799	23744502	4417675	0	0	0	0.9816
27	16978783	16289136	15913296	18503806	11002	11002	0	0	0	197035	377343	369282	336473	349996	328914	369923	415520	357912	455332	493821	446073	628555	479139	677884	666259	658922	814032	704769	965490	876236	934676	1094089	1063629	1137075	1403928	1451323	1675499	1880858	2449572	2751112	4246280	8997914	23258464	4371692	0	0	0	1.0512
28	17072459	16249688	15966703	18399338	7835	7835	0	0	0	194940	389471	384948	351593	365799	340225	383977	430222	367542	471711	511429	458157	645762	489297	696025	681917	668300	829199	714844	979873	892437	943574	1106604	1079760	1145089	1421114	1472770	1696888	1901897	2469614	2789187	4275101	8939580	22913476	4285866	0	0	0	1.0770
29	17029236	16201197	15966704	18486983	11903	11903	0	0	0	223253	429481	422496	379787	390681	356965	404921	450848	378920	487175	526126	468151	657365	497594	707611	695032	674679	839682	723357	989185	906077	948317	1115146	1093715	1153967	1431915	1481233	1709593	1919269	2479130	2800534	4279617	8876213	22566699	4219386	0	0	0	1.1603
30	17039879	16265283	15932102	18446395	12364	12364	0	0	0	176370	369476	367748	342160	354729	334562	376857	422791	363645	462898	501221	453640	631935	487690	683592	675604	663159	817871	712831	966124	888564	940165	1100989	1075433	1145979	1414567	1463980	1690380	1907301	2458797	2788948	4290402	8956827	22976685	4419739	0	0	0	1.0455
31	17056474	16242689	16027392	18357497	11971	11971	0	0	0	207009	416815	408237	369335	380493	350553	393721	439201	377523	475889	515367	464826	642600	498624	693841	684720	669922	826993	724716	974700	900188	949804	1109042	1087833	1158295	1424144	1475786	1706898	1926286	2473388	2812809	4299793	8890022	22558424	4396255	0	0	0	1.1268
32	17030211	16207856	16017552	18426519	13885	13885	0	0	0	229817	455306	444180	397107	404608	371013	415880	461236	392680	494583	533327	481392	660734	513466	711330	700407	681728	842672	735252	987584	916097	959819	1122940	1100824	1170339	1438009	1488701	1718046	1936665	2478246	2818105	4294760	8827850	22201463	4295972	0	0	0	1.2050
33	16983147	16314696	16004505	18378427	15248	15248	0	0	0	215859	447384	438633	395582	403357	371527	414805	457845	391005	494041	529721	479556	657608	508673	708553	698155	678483	837157	732997	981601	911053	952737	1116447	1099175	1164159	1433073	1478924	1712613	1932391	2471935	2813730	4293927	8835513	22250016	4372540	0	0	0	1.1907
34	16945104	16300691	16107701	18327078	15449	15449	0	0	0	252559	492528	474998	420794	425624	387418	430541	474931	403710	503851	540768	487749	664593	516861	714048	703439	683452	840391	735965	981513	912579	956208	1115285	1096800	1166384	1431816	1477664	1711058	1929105	2462966	2805372	4275178	8795746	22017822	4390858	0	0	0	1.2708
35	16976456	16263035	16083104	18352780	20648	20648	0	0	0	241209	492780	483214	428471	435495	396174	441552	487300	410839	518370	555266	497581	679560	526632	730574	718185	693828	856642	750425	1001503	936780	969412	1137306	1124108	1187658	1456337	1512143	1746734	1969355	2496675	2855855	4313872	8727745	21655552	4240243	0	0	0	1.2900
36	16907253	16363704	16055591	18344513	24962	24962	0	0	0	235529	491063	478297	426880	432357	394972	437862	480052	410240	510500	548553	497692	672327	527959	722064	711035	689574	848962	748543	986698	927690	967307	1128914	1112849	1182356	1447061	1496558	1736706	1959903	2481338	2846697	4313339	8744949	21729091	4345144	0	0	0	1.2855
37	16943563	16336211	16146237	18250752	19260	19260	0	0	0	255477	530175	516646	454494	456408	412092	457663	502764	423656	527343	565350	507932	686615	539218	736821	724404	700515	861167	759152	999454	945406	973691	1139829	1127017	1192113	1460189	1511802	1747861	1971191	2492050	2855085	4303281	8670515	21375666	4293721	0	0	0	1.3500
38	16906354	16310161	16147602	18312016	19890	19890	0	0	0	266001	553865	539929	474076	475387	425928	472500	516153	434000	542502	580102	519315	701014	547903	752415	739993	708687	874872	768876	1016317	958574	983437	1155437	1144520	1206046	1475399	1529366	1769310	1995128	2513236	2883129	4326084	8603204	21024060	4199368	0	0	0	1.3990
39	16867916	16394188	16125821	18282832	25266	25266	0	0	0	255873	554159	539032	476765	478649	430076	476658	520224	438008	545593	583957	524393	702818	551376	753716	740832	712408	877892	774308	1015589	963197	988170	1159498	1149285	1211733	1482998	1535826	1774086	2005200	2514792	2890827	4333982	8584759	20931453	4192625	0	0	0	1.4058
40	16934155	16353328	16169281	18217286	21973	21973	0	0	0	254378	559353	546593	482656	483437	434293	478684	522353	439022	547964	582984	527430	703445	554504	751101	742510	710820	875320	775223	1011150	967212	988178	1156773	1148986	1212367	1478226	1528880	1768824	2004012	2511902	2881536	4322655	8578613	20899993	4242673	0	0	0	1.4098
41	16869055	16315615	16179249	18303442	28662	28662	0	0	0	282008	599206	578571	507725	503468	448616	494633	538226	451125	559673	594674	536543	713028	563030	760943	750151	720814	883453	783700	1018685	970451	993021	1157974	1153295	1220541	1485067	1535995	1777565	2010742	2514221	2892973	4326235	8522673	20615134	4203202	0	0	0	1.4898
42	16866147	16390541	16142307	18280156	16872	16872	0	0	0	250082	565904	551327	485947	482352	435711	476822	518408	438434	540064	575793	526104	686836	551215	737515	731309	704370	859097	768252	992852	953786	980660	1138020	1136289	1201310	1460485	1508852	1752704	1989832	2486619	2868342	4310531	8592136	21017102	4404089	0	0	0	1.4016
43	16808355	16400540	16276272	18181021	29835	29835	0	0	0	296799	654894	641749	557008	549005	484193	533676	576476	478306	593198	629078	560348	744180	584266	791347	777549	739221	910562	805483	1042779	1006548	1010287	1188178	1184597	1236801	1509315	1562914	1798893	2034526	2529835	2901243	4302259	8373390	20020870	4056415	0	0	0	1.6043
44	16798026	16370924	16253275	18240036	33762	33762	0	0	0	309067	680955	664584	575637	564681	497452	548191	589869	489873	605106	639052	571806	754442	593378	804255	787161	748362	919904	814894	1053686	1014239	1017932	1200525	1196958	1252603	1524155	1579438	1816217	2056444	2542170	2928108	4320083	8310644	19701538	3988852	0	0	0	1.6581
45	16774753	16463237	16227474	18208990	21569	21569	0	0	0	281891	645952	626244	549149	541624	481273	525850	568813	476174	585542	620665	559596	734517	583616	781663	769612	734151	899571	803835	1031417	993999	1006696	1178634	1177542	1239562	1504882	1556751	1800254	2043599	2529351	2919640	4340980	8387613	20024867	4168929	0	0	0	1.5643
46	16899045	16400392	16239770	18135734	21082	21082	0	0	0	257598	625355	613052	539518	531090	475593	517866	557163	470364	576344	612973	554159	723629	579800	773451	764482	729584	892159	799855	1023925	994671	1004036	1175003	1177483	1237763	1503886	1559183	1802916	2049022	2534348	2930477	4345008	8398238	20118606	4226341	0	0	0	1.5229
47	16714818	16421113	16319198	18195918	44976	44976	0	0	0	341152	766151	752970	641994	624437	542139	592582	633512	521495	640303	675784	601433	785008	619894	830670	810836	769759	942599	838607	1068866	1039434	1031255	1213847	1212651	1264780	1531721	1585865	1821184	2057091	2534818	2908674	4272879	8154239	19098731	3923687	0	0	0	1.8328
48	16631654	16509957	16369909	18126927	57576	57576	0	0	0	364136	818998	812613	690129	669103	576059	631828	674092	549232	678836	714821	627459	825087	646535	866997	841128	792589	975702	864526	1103921	1076170	1053815	1248524	1245835	1286679	1565687	1619091	1848025	2079358	2550473	2922499	4247300	7985933	18491253	3694014	0	0	0	1.9676
49	16775703	16465026	16337236	18087602	30456	30456	0	0	0	304528	739186	720187	625012	607226	538896	578821	618060	519707	624577	660500	601880	765470	622926	811748	799059	764934	923376	839955	1047820	1026559	1035194	1197758	1203350	1270137	1526909	1577646	1823820	2070826	2527471	2926007	4305031	8187909	19223932	4049150	0	0	0	1.7475
50	16272900	16613017	17221786	17514973	73347	73347	0	0	0	418316	1389748	1567544	1356963	1295804	1105914	1193160	1236887	1006231	1192942	1248315	1059752	1353903	1057751	1376982	1254514	1189102	1420318	1245441	1503871	1501878	1339601	1586594	1559478	1518499	1766948	1793596	1890492	2036993	2352742	2492829	3267108	5981169	12124261	1937030	0	0	0	3.3647
