#Name	E:\SaveData\2016-10-18_10_33_15_1001160101_R0036_A_CL100007977_BGI12297_WESPE_result\\CL100007977\L02\CL100007977_L02_1_2.fq
#PhredQual	33
#ReadNum	75247801
#row_readLen	50
#col	48
#BaseNum	3762390050
#N_Count	1175535	0.031244
#GC%	47.40
#Q10%	96.94
#Q20%	88.93
#Q30%	73.92
#EstErr%	1.123763
#Pos	A	C	G	T	N	0	1	2	3	4	5	6	7	8	9	10	11	12	13	14	15	16	17	18	19	20	21	22	23	24	25	26	27	28	29	30	31	32	33	34	35	36	37	38	39	40	41	Err%
1	22697582	17705223	18055144	16789051	801	801	0	0	0	7706	31974	44815	51915	66049	81482	174138	217031	212067	300005	356758	324586	556358	367385	621750	593943	687939	814794	697143	1077754	846003	1034580	1190749	1117608	1214456	1572536	1623579	1825348	1978659	2873252	2824005	4556828	10373462	31465478	3464865	0	0	0	0.3178
2	20311421	15726594	18766539	20442022	1225	1225	0	0	0	47805	111351	133557	143319	172029	183484	297991	362959	320085	431610	499595	416443	703203	449537	753872	687407	766528	912860	756160	1159522	898608	1088047	1243593	1144903	1259979	1591784	1645630	1835750	1990511	2832601	2850284	4531971	10276007	29268258	3479333	0	0	0	0.5422
3	19349184	17999804	17025869	20872183	761	761	0	0	0	51316	112397	133589	140812	168322	177720	292940	357453	313851	426746	494100	412319	701062	444101	751878	686421	760812	909356	750647	1154026	898011	1078251	1238464	1144767	1251123	1590488	1642464	1832033	1982975	2840584	2843213	4521843	10275106	29368225	3499625	0	0	0	0.5384
4	19439066	18024711	17175684	20607748	592	592	0	0	0	54397	115802	133070	139202	163686	173178	289189	348106	311272	418611	483299	411626	682720	448641	738132	686153	747469	901534	747847	1133842	906179	1065051	1232545	1145232	1246132	1575807	1630162	1825439	1988655	2805522	2857256	4532829	10266376	29310101	3732147	0	0	0	0.5347
5	19548177	17659268	17366090	20673009	1257	1257	0	0	0	44691	105019	124792	132858	158790	168262	289281	352332	310632	427525	491398	416541	691191	452465	750651	695078	752202	909199	756143	1142827	915905	1069790	1239025	1157917	1252039	1584189	1633997	1837175	2004448	2811973	2907554	4596108	10304314	28673362	4086871	0	0	0	0.5225
6	19072678	18058421	17217938	20896488	2276	2276	0	0	0	67919	134422	148551	154208	178082	185752	303113	361483	323726	429031	492298	420545	684522	459117	740394	694084	745797	906893	750778	1128109	908575	1060987	1229952	1140205	1242586	1566631	1621761	1817395	1984860	2781923	2867829	4537975	10276673	29057725	3841624	0	0	0	0.5725
7	19426037	17609956	17664808	20542907	4093	4093	0	0	0	65652	138520	155331	159207	184240	189061	308812	369369	326901	437349	499231	427851	690748	464867	744606	699543	747947	905479	754857	1129104	913812	1060665	1228007	1146881	1245661	1569702	1621937	1826886	1999455	2780538	2908366	4590466	10302658	28469162	4180837	0	0	0	0.5846
8	19017431	18018998	16866454	21297801	47117	47117	0	0	0	85421	153020	169276	169127	194060	194592	317365	381831	325568	451362	511219	427129	712851	456519	766301	710180	752536	921629	752254	1153113	924638	1056716	1241149	1160613	1225204	1579178	1625803	1816496	1978934	2802861	2881788	4541151	10302563	28794360	3663877	0	0	0	0.6740
9	18959621	17941176	17020906	21313447	12651	12651	0	0	0	80940	155624	170516	172406	197208	202315	321048	378107	336661	444420	500291	436283	684928	475402	740642	703644	739246	903030	754053	1113577	919591	1049954	1222471	1143699	1240426	1554906	1610540	1819062	1992766	2743907	2909602	4579109	10266218	28442837	4229721	0	0	0	0.6287
10	19258844	17736122	17193725	21052970	6140	6140	0	0	0	65131	140858	158341	161082	186374	190153	314735	376528	328519	447737	504993	435719	695794	471463	753976	711071	746003	910223	759478	1129711	932717	1056165	1232158	1160240	1244144	1573089	1622560	1835663	2013036	2782861	2930493	4607995	10277593	28243117	4241941	0	0	0	0.5941
11	19264079	17694284	17153135	21134656	1647	1647	0	0	0	74984	153621	170099	172582	199045	203471	325734	387711	339973	452879	513299	441011	703537	477273	755441	715008	749252	917033	761898	1131157	927858	1059732	1234201	1153858	1242645	1567576	1617646	1824441	1994727	2768743	2900713	4571232	10266271	28423433	4048070	0	0	0	0.6157
12	19105556	17887180	17142374	21107517	5174	5174	0	0	0	97932	173801	186898	185797	209931	211396	336920	396756	345619	459658	520202	447598	704020	484957	759675	718491	748025	917059	763397	1128278	934038	1055955	1231927	1155201	1242634	1565742	1618467	1826572	1999641	2756971	2909282	4572653	10232442	28207772	4136920	0	0	0	0.6581
13	19226590	17763890	17168248	21054490	34583	34583	0	0	0	97024	155381	171733	173294	197871	201849	324323	382091	338661	449606	506215	441180	688675	480505	743675	709211	739812	905909	757426	1112785	928189	1047662	1225052	1152173	1243119	1559125	1611287	1824365	2006597	2754237	2929764	4606551	10268708	28201814	4277349	0	0	0	0.6694
14	19159598	17780653	17198751	21107024	1775	1775	0	0	0	92439	181850	194994	192977	217839	217512	344656	404675	352727	468714	526100	453455	709006	494057	763070	727933	750099	923721	769466	1130135	945547	1057898	1237123	1164517	1248060	1568356	1622238	1832245	2011756	2755008	2937040	4600513	10237975	27911199	4201126	0	0	0	0.6659
15	18988471	17920320	17268942	21034702	35366	35366	0	0	0	123334	216793	223274	214803	237913	234949	360013	420275	366015	480113	534544	466003	711546	502693	768095	731115	749685	922468	775080	1119026	947604	1055965	1229762	1162001	1251744	1563207	1615617	1833196	2018138	2739392	2935751	4595409	10186804	27538474	4381634	0	0	0	0.7707
16	19095914	17887893	17316039	20938999	8956	8956	0	0	0	118643	245442	261180	257928	286396	284534	331597	387950	340782	449355	504414	444108	678100	485825	735503	709878	729024	901390	757437	1099299	935823	1043278	1219541	1154678	1240932	1554539	1607588	1825872	2015774	2735589	2942242	4603374	10218984	27733137	4398709	0	0	0	0.7704
17	18995940	17881108	17345981	20963563	61209	61209	0	0	0	164539	301838	309571	297897	325197	315371	363582	419050	365114	478258	529858	463878	702904	503910	758376	728319	743230	916349	771458	1108311	948635	1050164	1226459	1162792	1247850	1560371	1612629	1836048	2022447	2732858	2960779	4621100	10140984	27103316	4393150	0	0	0	0.9442
18	18907121	18010585	17265461	21028330	36304	36304	0	0	0	162650	232204	254000	251863	280692	281917	331129	384908	339200	449555	500684	444068	674125	484225	731638	709363	723959	894021	754480	1091156	934380	1034881	1210124	1150725	1233299	1546429	1599734	1818950	2006440	2728203	2942149	4610534	10221367	27731833	4466612	0	0	0	0.8175
19	18910026	18011994	17433614	20879651	12516	12516	0	0	0	169100	294325	303922	291653	317408	308806	357288	412351	360800	471436	522929	461017	691470	500444	749094	724687	733869	908289	765943	1096982	946947	1046850	1220169	1160437	1243495	1555122	1609326	1833973	2026324	2729499	2961868	4622510	10153867	27169429	4513656	0	0	0	0.8685
20	18950124	17973816	17400717	20919637	3507	3507	0	0	0	154852	305090	312596	301272	325779	316692	365143	420541	369079	478294	530344	471792	697849	513849	756449	735958	740296	917113	774850	1105618	960155	1054083	1232004	1174261	1256892	1566746	1618465	1847057	2048100	2734613	2995670	4665950	10130029	26841020	4525793	0	0	0	0.8674
21	18846502	18080006	17439217	20824175	57901	57901	0	0	0	183757	342369	345068	325159	347619	334302	382807	439019	379859	491945	543766	482581	708455	522825	764781	742229	745784	922606	784878	1104620	970137	1058079	1236056	1183041	1268725	1575379	1629895	1863361	2072823	2747238	3033755	4700273	10067728	26316681	4572300	0	0	0	1.0038
22	18976909	18047600	17493450	20723097	6745	6745	0	0	0	152562	316742	325722	311131	336094	325171	373510	428648	373114	485886	533480	477337	699615	517419	758572	741422	739715	918436	780014	1101716	971226	1051725	1233323	1184659	1264020	1575077	1626662	1862099	2074820	2747369	3038421	4711550	10110281	26510247	4583271	0	0	0	0.8897
23	18913744	17991509	17498218	20832447	11883	11883	0	0	0	213205	379036	379082	353319	374536	355673	406167	460237	397811	511961	558702	498429	722086	535991	777954	758751	753842	931648	793463	1111880	979804	1062741	1242677	1192478	1275649	1581643	1633251	1868799	2083395	2749893	3045370	4706422	10021318	25932372	4586333	0	0	0	1.0131
24	18757471	18068576	17478095	20880023	63636	63636	0	0	0	290891	392702	396745	365023	384616	363180	416202	467183	402031	519503	564750	503852	728316	539416	782450	764951	756715	936321	799800	1116564	991452	1064126	1246723	1202796	1277587	1588761	1639089	1882661	2095683	2758918	3066478	4718831	9964378	25659826	4535645	0	0	0	1.1453
25	18927250	18068333	17595474	20649820	6924	6924	0	0	0	179900	363085	364659	344454	368032	351075	400246	455936	393143	505389	554099	495704	715101	533744	774757	753128	747851	927693	791808	1102867	981539	1058499	1235789	1191807	1275361	1575836	1629935	1872176	2084397	2740554	3055807	4721578	10038276	25959564	4697088	0	0	0	0.9698
26	18891914	18037132	17600035	20708080	10640	10640	0	0	0	205841	396208	392277	363854	383926	362478	411573	467012	400390	514738	561816	502019	718462	542077	777872	758823	751257	928594	795294	1104633	986659	1059772	1238384	1193959	1274231	1577044	1629563	1869988	2084324	2735803	3049602	4705896	10011915	25773335	4707542	0	0	0	1.0272
27	18743686	18193278	17603697	20694466	12674	12674	0	0	0	230766	437026	427260	391137	408299	382078	430614	485093	416225	532842	577800	518716	734382	555301	792760	774097	762423	942399	810166	1116498	1004747	1072968	1252258	1212404	1291916	1596526	1650235	1895441	2115651	2755490	3083170	4731955	9928685	25256964	4660835	0	0	0	1.0983
28	18804093	18131676	17694480	20604400	13152	13152	0	0	0	235975	452556	446046	408927	426083	397541	449725	505658	429968	550757	596341	530831	750761	567220	809211	791169	772435	960637	821199	1130643	1021848	1080829	1271208	1231462	1304805	1613559	1668033	1913459	2139553	2778116	3120931	4761623	9865897	24862179	4567464	0	0	0	1.1363
29	18787833	18110188	17685186	20650867	13727	13727	0	0	0	260690	499209	490352	441476	455491	416443	470992	527138	441650	568975	614322	542180	766880	574557	826805	806237	777098	969992	829736	1139847	1037128	1084464	1277734	1245853	1310140	1627208	1678547	1927436	2155981	2784590	3137123	4763386	9802333	24475731	4506350	0	0	0	1.2130
30	18803230	18189405	17650233	20590776	14157	14157	0	0	0	207054	432928	427884	397543	416655	390805	440178	493198	424907	540301	585213	527361	737987	567116	798282	784371	765489	949604	819867	1116665	1017692	1078609	1258902	1226035	1305210	1607703	1660020	1913048	2142841	2762755	3126496	4781556	9884472	24922178	4722719	0	0	0	1.0963
31	18809412	18148268	17744705	20528448	16968	16968	0	0	0	248437	485063	476712	429863	442624	410172	461375	513124	439537	555418	600247	540278	751812	577654	808345	794877	773668	958039	831130	1123207	1031246	1085753	1270648	1240792	1315396	1618073	1669765	1923919	2163486	2774010	3142344	4782530	9803341	24500130	4687818	0	0	0	1.1875
32	18789908	18125844	17719765	20596152	16132	16132	0	0	0	268964	529242	513241	460408	471674	433835	484538	537034	456788	575642	620427	557831	768960	594402	827779	812253	786931	974556	844043	1138981	1049194	1098304	1282054	1254094	1330379	1632354	1684501	1938536	2175164	2783015	3150068	4778447	9733709	24093246	4591075	0	0	0	1.2589
33	18736292	18232412	17722836	20538911	17350	17350	0	0	0	251660	518729	507825	458897	470503	433485	484452	536322	454613	575765	619627	556043	765908	591030	823995	809068	783419	967776	841465	1132334	1045121	1091603	1278402	1251336	1322952	1626039	1676421	1935210	2173200	2773645	3149708	4774418	9748254	24136288	4664938	0	0	0	1.2434
34	18706436	18222910	17804335	20495199	18921	18921	0	0	0	295930	571537	551385	488455	495902	450112	500707	553932	467475	587356	630695	565555	773657	598514	829930	815561	788940	969687	846801	1131063	1042868	1092591	1275279	1249106	1323711	1620866	1671073	1930298	2164049	2762262	3138887	4760340	9697917	23904213	4682226	0	0	0	1.3292
35	18733082	18191721	17765397	20534277	23324	23324	0	0	0	282936	573412	559256	498286	505753	459062	513722	566396	474985	602105	645806	576302	790845	609265	848864	830594	798879	988954	859247	1154041	1068685	1108388	1301282	1277382	1346001	1653418	1706972	1964807	2209081	2805326	3191399	4798536	9621362	23495900	4537228	0	0	0	1.3463
36	18659622	18289122	17758886	20512025	28146	28146	0	0	0	276757	571852	554891	495515	501947	458863	509911	560223	476370	594996	635807	575454	779270	608047	837337	823327	795530	977601	856813	1137907	1059613	1103156	1286851	1264402	1338519	1640111	1691788	1953518	2198374	2785397	3177629	4801320	9649438	23592562	4648559	0	0	0	1.3424
37	18675084	18258754	17853718	20438024	22221	22221	0	0	0	297817	614695	599436	527185	530939	478350	529402	582321	490558	613859	656385	587641	795569	620503	853531	836760	804800	993739	868336	1150135	1076927	1109370	1300898	1282211	1352706	1652518	1707047	1966041	2212903	2793574	3184177	4786394	9568664	23209739	4590450	0	0	0	1.4073
38	18636226	18219619	17842189	20517910	31857	31857	0	0	0	324163	642571	626422	549946	550315	494654	550430	602346	503239	631188	672946	600649	812024	630327	869620	851764	815920	1007268	878869	1162813	1094639	1121628	1314667	1297336	1361040	1673208	1723997	1988188	2233798	2812029	3211568	4803419	9486002	22828277	4488674	0	0	0	1.4783
39	18592468	18326127	17846679	20454249	28278	28278	0	0	0	299682	643547	624171	552428	553108	499539	551877	604769	506472	632104	673553	607026	812721	634860	872345	856224	818204	1009148	883685	1166791	1099573	1123733	1319068	1304098	1369915	1675272	1732109	1995769	2246951	2819561	3223851	4817627	9469103	22725265	4495374	0	0	0	1.4639
40	18663486	18269656	17898402	20391237	25020	25020	0	0	0	296976	650890	633862	559431	558165	503013	554854	607369	509249	634529	675933	608122	812078	638214	870540	856615	816184	1007048	885352	1163291	1099707	1125147	1317009	1300946	1369938	1673998	1724677	1991712	2243077	2809507	3213930	4804216	9465944	22710571	4530687	0	0	0	1.4691
41	18599494	18252922	17886339	20475535	33511	33511	0	0	0	331239	693771	670498	587569	583420	521238	574580	622942	522922	647516	689250	620061	823845	648490	880305	863738	824759	1014372	893956	1168824	1105697	1130444	1322043	1305018	1377556	1677231	1733797	1996410	2250608	2813159	3225177	4805991	9395804	22393220	4498840	0	0	0	1.5534
42	18593670	18325644	17832497	20472308	23682	23682	0	0	0	301528	658374	639045	564214	560693	505215	553927	602266	510257	628564	666183	607390	797603	636334	853414	844333	810301	989795	879963	1139768	1085738	1116371	1293695	1284494	1357783	1652307	1702538	1972710	2226983	2783550	3196080	4798194	9475285	22814831	4714393	0	0	0	1.4734
43	18543587	18314994	17967107	20378598	43515	43515	0	0	0	360577	760079	743120	644791	635483	559029	617913	666879	552816	686331	725760	647279	860025	671461	913292	895568	847877	1044558	918938	1196910	1141572	1146976	1348516	1340670	1395718	1704066	1759111	2020515	2276361	2825951	3231106	4771025	9226309	21727708	4339996	0	0	0	1.6898
44	18537408	18284589	17951898	20435173	38733	38733	0	0	0	362350	790878	766189	665297	652117	573977	631348	680900	563419	698221	736939	657534	871664	682969	925020	905369	856643	1055091	928831	1204817	1153452	1158284	1361385	1351975	1409703	1718525	1775564	2036640	2296094	2841287	3257674	4798496	9167195	21395467	4277754	0	0	0	1.7241
45	18522704	18387226	17930309	20382734	24828	24828	0	0	0	329456	749798	725315	636721	627908	558195	609313	659015	549646	675713	716402	643771	846398	668667	901122	886121	840330	1031404	914677	1178801	1129722	1145193	1338836	1329887	1395791	1698241	1754422	2022021	2286938	2829068	3256189	4820214	9245139	21755210	4467329	0	0	0	1.6293
46	18651847	18317706	17946636	20307231	24381	24381	0	0	0	303630	727369	708660	624181	617213	549122	599098	647335	542947	667089	707158	638590	836122	665381	892911	878551	835001	1022593	909525	1170572	1130623	1138080	1334660	1331488	1394375	1699149	1753003	2023479	2290264	2830271	3261705	4825809	9259807	21876529	4531130	0	0	0	1.5876
47	18450989	18344236	18028496	20372989	51091	51091	0	0	0	398610	886519	868547	738033	719140	622955	682918	731642	601008	738206	778358	691546	903437	709891	954713	930187	878433	1077323	951372	1220814	1178555	1170543	1375120	1370460	1422096	1726653	1780085	2040199	2296390	2825546	3236744	4739223	8993949	20755375	4202120	0	0	0	1.9010
48	18337473	18404759	18043902	20366491	95176	95176	0	0	0	462790	945842	935786	794043	771846	662588	731401	775097	630845	781835	819081	719086	947968	736811	993197	966116	905242	1111148	977172	1255485	1216964	1190685	1412169	1405494	1444362	1759296	1812383	2064521	2317636	2843130	3245367	4702648	8789603	20067932	3957056	0	0	0	2.0984
49	18520707	18381245	18045547	20265667	34635	34635	0	0	0	356630	856602	826139	721299	701023	619787	667012	712695	599296	720060	759034	688644	880867	712186	930188	913475	872582	1057103	952145	1197855	1164413	1172900	1359137	1357730	1430385	1720439	1771213	2042140	2313401	2821032	3256464	4773072	9035523	20905171	4345524	0	0	0	1.8128
50	17990368	18536027	18984572	19648457	88377	88377	0	0	0	495736	1586416	1774506	1532094	1463725	1240360	1346700	1398377	1125091	1346672	1409142	1184167	1529087	1177055	1549877	1415648	1327288	1595725	1386247	1688406	1680785	1485881	1775091	1737368	1682601	1967713	1996775	2103745	2258370	2615364	2765746	3617854	6596032	13235979	2067801	0	0	0	3.4418
