#Name	E:\SaveData\2016-10-18_10_33_15_1001160101_R0036_A_CL100007977_BGI12297_WESPE_result\\CL100007977\L02\CL100007977_L02_6_1.fq
#PhredQual	33
#ReadNum	65012128
#row_readLen	50
#col	48
#BaseNum	3250606400
#N_Count	1115286	0.034310
#GC%	46.18
#Q10%	99.03
#Q20%	96.33
#Q30%	88.24
#EstErr%	0.397004
#Pos	A	C	G	T	N	0	1	2	3	4	5	6	7	8	9	10	11	12	13	14	15	16	17	18	19	20	21	22	23	24	25	26	27	28	29	30	31	32	33	34	35	36	37	38	39	40	41	Err%
1	21275385	14847400	15312422	13573810	3111	3111	0	0	0	3979	14269	21894	19420	19632	19446	21572	23473	23462	28621	32997	35008	47938	49688	59957	69959	116043	142833	154637	196218	252583	293959	351320	451116	464504	661519	707703	870692	869660	914772	801973	1472423	5110630	43877581	6807536	0	0	0	0.0944
2	18705503	12636515	16089791	17534402	45917	45917	0	0	0	1475	12826	19346	18246	18790	19282	21584	24274	25825	30515	36039	40873	54911	58228	68250	85422	137417	169385	185073	232186	294371	336734	390439	473223	486161	657015	700514	857470	913673	1062799	1029373	1889870	6066774	42410850	6136998	0	0	0	0.1606
3	17965692	14847885	14145133	18052520	898	898	0	0	0	321	8919	14186	13976	14870	15618	17916	20369	22062	26883	32004	36881	49779	54480	63023	80507	131899	163661	181146	224794	288814	331291	385002	470099	482902	650977	695306	845273	904568	1050299	1036803	1890124	6054373	42286869	6465236	0	0	0	0.0807
4	18201944	14700024	14358417	17751293	450	450	0	0	0	286	7741	12707	12400	13133	14150	16489	18802	20794	25203	29774	34784	47803	51788	60360	79676	130518	162447	179971	222781	290003	330945	384080	468017	482538	646039	692655	842163	908193	1061839	1059516	1933522	6141677	42095268	6533616	0	0	0	0.0765
5	18104118	14506255	14755954	17607882	37919	37919	0	0	0	1374	8445	12822	12357	13245	14348	16327	18674	20838	25460	30468	35677	48468	52748	61083	81487	133376	166088	184327	229054	294718	335243	387602	469235	483245	646749	692590	844921	916790	1089173	1104590	2012807	6316566	41783058	6430256	0	0	0	0.1357
6	17826382	14799866	14521476	17808711	55693	55693	0	0	0	329	7671	12219	12237	13286	14358	16574	18881	20755	25848	30830	36122	49626	54166	62476	83843	136152	168420	187139	232476	296819	339804	391956	471228	485229	647971	694693	848650	925442	1112343	1142310	2082336	6447773	41488845	6397628	0	0	0	0.1623
7	18178329	14477468	14875237	17464628	16466	16466	0	0	0	472	8464	12801	12885	13571	15049	17484	20170	22044	27556	32501	38287	52274	57198	65286	88547	140452	175049	192471	239005	303712	343955	397621	473731	490285	650728	699810	853840	943160	1147089	1196333	2177744	6631513	41090894	6363681	0	0	0	0.1046
8	17746704	14934356	14219198	18111482	388	388	0	0	0	422	8483	12887	12873	13728	15234	17659	20309	22566	27706	33182	39289	53090	58276	66994	90560	143441	178659	196649	243242	306189	348202	401921	475080	493621	651367	701337	857926	951357	1168156	1229321	2241565	6755703	40824440	6350306	0	0	0	0.0806
9	17676047	14760392	14446648	18126986	2055	2055	0	0	0	511	8614	12786	12759	13870	15148	17660	20423	22738	28560	33316	39897	54282	58723	67500	91633	145023	179938	196778	245080	306580	348160	401724	475049	495229	649802	702037	859282	960127	1188965	1256147	2290304	6860992	40589666	6360770	0	0	0	0.0836
10	17887365	14667438	14662554	17793999	772	772	0	0	0	740	9433	13918	14079	15168	16440	19179	22416	24401	30726	35939	42797	58028	62492	72477	97976	150592	188252	204549	253420	314505	355587	409649	478252	501995	656061	709213	870366	978933	1223595	1311672	2381237	7017647	40082479	6387143	0	0	0	0.0857
11	17884669	14597716	14634241	17742286	153216	153216	0	0	0	4100	11685	16452	16430	17287	18834	22381	25251	27607	34563	39762	46848	63355	67883	77322	103799	156531	194480	209437	261506	318721	361180	415268	480398	507951	658906	712541	873560	989132	1248375	1354489	2452805	7145185	39526427	6398461	0	0	0	0.3288
12	17850484	14775202	14676073	17702726	7643	7643	0	0	0	1781	11514	16290	16438	17929	19280	22236	25989	28117	35141	41166	48916	65476	69266	79986	107055	159630	199670	214656	266627	324683	365379	420498	483201	511337	665147	718517	883456	1002474	1274025	1392825	2515853	7260407	39318901	6420619	0	0	0	0.1046
13	17970207	14695945	14724459	17621498	19	19	0	0	0	1259	12422	17333	17765	18922	20746	24032	27610	29883	37242	44138	51428	68954	72631	85014	112635	165483	204783	219141	273716	327603	370587	424959	487199	516570	667889	724736	888562	1013517	1295059	1436713	2592363	7390650	38899309	6471256	0	0	0	0.0963
14	17855380	14703067	14702631	17665720	85330	85330	0	0	0	3031	15581	21146	21162	23049	24817	28898	33198	34887	44008	50501	58382	79130	81181	94779	123134	176882	219145	230403	287684	340328	384531	440670	496389	532585	683428	741044	905461	1039267	1339565	1500506	2694657	7544686	38185123	6447560	0	0	0	0.2396
15	17792538	14819129	14763125	17632303	5033	5033	0	0	0	4293	17441	23573	23404	25270	27105	31922	36258	38058	47539	54978	62605	84178	85391	100712	129754	181928	224563	236305	295961	345828	389006	446644	501942	537291	689992	746484	914412	1054934	1358540	1536447	2758366	7636612	37871544	6487815	0	0	0	0.1233
16	17830838	14796994	14818850	17564515	931	931	0	0	0	4059	24528	32567	32374	34666	36737	42217	47542	49967	60927	70174	77976	104590	105083	124633	153769	181441	225902	237187	296875	345557	390304	448420	502511	540914	691180	749855	922693	1068176	1386083	1574864	2818451	7745168	37428455	6455352	0	0	0	0.1400
17	17785425	14778351	14853273	17564162	30917	30917	0	0	0	4515	27038	35492	34799	37534	39510	44618	51194	52888	64604	74192	82229	109302	108620	129463	159593	186672	231527	241528	303493	351954	394869	453735	506030	545590	698069	757551	931395	1080307	1404072	1606102	2862380	7809436	37100803	6460107	0	0	0	0.1935
18	17642296	14920613	14837191	17512088	99940	99940	0	0	0	5978	29683	38175	37961	39918	42380	47755	54484	56805	68758	78643	86408	114099	114148	134810	165138	191785	237861	247749	310021	355583	401093	460647	509082	554019	704389	764666	940618	1094202	1426119	1641687	2916102	7891666	36662579	6487177	0	0	0	0.3080
19	17696545	14866248	14933850	17435237	80248	80248	0	0	0	15695	36742	42734	40464	42546	44316	50240	57270	58498	71614	81347	89460	118257	115754	139537	169208	195535	242232	250082	315377	359307	405156	464280	512372	558072	707118	769221	948116	1104752	1443758	1667213	2957740	7965979	36390041	6501847	0	0	0	0.2928
20	17723034	14860239	14928635	17496936	3284	3284	0	0	0	8388	36411	45075	44670	47301	49676	56459	63280	64366	78612	89060	97123	128211	125016	150191	180350	207020	255834	262972	330733	372868	418181	479761	524617	574681	727907	789556	972271	1135144	1486279	1728347	3049364	8081820	35873079	6474221	0	0	0	0.1799
21	17660307	14962990	14963468	17424112	1251	1251	0	0	0	9241	38607	46918	46364	49028	51331	57994	65399	66324	80948	92323	99529	131286	128150	154370	185061	211479	261087	267170	335338	376926	424599	486394	530073	582242	735688	796035	981665	1149349	1506253	1759716	3098134	8163293	35554222	6488341	0	0	0	0.1823
22	17710728	14927834	15033071	17339305	1190	1190	0	0	0	10690	42723	51839	50883	53656	55417	62839	70688	71449	87077	98041	106358	140596	135558	164937	194495	219781	272263	276181	349358	387458	436073	498389	540736	595740	750289	812390	1001831	1175946	1540163	1808118	3170357	8251604	35051250	6475765	0	0	0	0.1952
23	17739762	14877326	15020536	17374235	269	269	0	0	0	13048	47054	55997	54844	58094	59809	68020	76661	76750	93839	105738	113208	149013	143208	173625	204638	229837	284271	286724	361935	398612	446902	512375	551766	609552	765836	829519	1024442	1203112	1579338	1868126	3264340	8349254	34485639	6466733	0	0	0	0.2072
24	17632464	15021587	15029357	17316355	12365	12365	0	0	0	13912	50316	59281	58719	61473	63162	71384	80113	80661	98227	110193	117667	155103	148251	179922	211317	235692	292173	293450	371110	403962	454190	519448	558183	619738	775936	840105	1036556	1216683	1599785	1896216	3309089	8403495	34151805	6462446	0	0	0	0.2352
25	17688495	14985866	15090516	17246672	579	579	0	0	0	16286	54725	63081	62086	65485	66388	75189	85216	84357	102911	115553	122459	161423	153372	187486	218494	242070	297883	299478	378164	412517	461659	528018	566080	628475	787660	851605	1052049	1236403	1621530	1929018	3349033	8456101	33799931	6479364	0	0	0	0.2285
26	17661414	14969085	15101853	17279417	359	359	0	0	0	17704	58056	66248	64834	68527	70473	79386	88846	88065	107704	119878	127348	166738	159451	193642	224963	246992	305715	306212	386866	419638	469265	536743	572784	640436	799595	864756	1067141	1258492	1648606	1967030	3401270	8523215	33423056	6472094	0	0	0	0.2377
27	17568310	15071507	15097835	17273953	523	523	0	0	0	20978	66072	74423	72293	76550	77922	87314	98674	96509	117761	131014	138434	181937	170875	210317	241244	263816	325030	324254	408519	436942	489891	560838	594791	666426	828834	895007	1103050	1299849	1706143	2050256	3522105	8608898	32667144	6397495	0	0	0	0.2610
28	17624113	15037829	15160681	17188653	852	852	0	0	0	25852	75586	83886	80985	85633	86774	96626	109619	105249	128737	142926	148775	195671	181639	224661	255024	277683	341210	337027	426847	453196	504561	579739	613473	683295	850183	919542	1130853	1332372	1746743	2104161	3594017	8656771	32122022	6309938	0	0	0	0.2877
29	17640283	14978669	15134443	17230123	28610	28610	0	0	0	28134	80818	87428	84227	89196	89772	100128	113227	108903	133083	147469	154402	200484	187599	231292	261818	283302	346456	343237	434757	459947	513586	587463	617757	695239	859993	925704	1140002	1343710	1756658	2111042	3601802	8695483	31802455	6366945	0	0	0	0.3414
30	17560974	15070217	15156193	17224057	687	687	0	0	0	27903	81276	88576	85768	90113	90941	101422	113631	110425	134974	149599	156884	203663	190751	233424	265446	286242	351948	347139	439387	462543	518992	590225	622987	700010	868267	933153	1154001	1359351	1775718	2137268	3638733	8737326	31580066	6383289	0	0	0	0.3014
31	17610677	15037727	15239922	17122414	1388	1388	0	0	0	32649	92425	99267	95236	100091	100604	111300	124492	119671	145500	161943	167119	216846	201461	249572	279913	300056	367189	360289	456015	478466	533510	611336	640974	721122	887684	958312	1180177	1390861	1813388	2193206	3700746	8777132	31040837	6301351	0	0	0	0.3305
32	17613879	15004500	15213206	17179564	979	979	0	0	0	36650	99479	106195	102427	107000	106393	118864	133663	127427	154899	170873	176763	229320	210802	261521	292684	311822	382087	374426	474680	493445	551224	627828	658960	740864	914227	980202	1207399	1425477	1853164	2242764	3776016	8817572	30500590	6243442	0	0	0	0.3506
33	17526151	15081198	15208757	17123518	72504	72504	0	0	0	41592	108601	113442	107679	112359	112081	124165	139314	131797	160825	176650	181126	234824	216435	268940	298475	317179	388075	379690	480030	499538	555081	634704	662842	747829	919415	984946	1214818	1432543	1861553	2248807	3774993	8830016	30222147	6257113	0	0	0	0.4789
34	17568990	15077028	15291674	17073326	1110	1110	0	0	0	47108	120654	124395	117834	122328	120432	134281	149682	141598	171062	189073	192863	249063	227888	283786	313042	331507	405297	394598	497603	517161	573314	655316	682713	771320	946243	1011953	1247322	1467958	1903858	2306190	3852217	8869178	29668635	6203546	0	0	0	0.3984
35	17524865	15083583	15268432	17134411	837	837	0	0	0	47229	124680	129873	123855	128709	126756	141006	157906	148328	180359	198381	201961	261702	237955	298148	328379	345026	421616	408398	516724	533018	590579	678061	702978	794813	972751	1041909	1280614	1510037	1952983	2372879	3934434	8892817	29152669	6073758	0	0	0	0.4138
36	17457355	15162284	15279065	17106453	6971	6971	0	0	0	55792	144518	147975	140298	144301	142384	157725	175598	163786	199175	217679	219060	282910	256076	321878	350483	365034	446968	430330	546317	558647	616895	706226	731699	822237	1008410	1078374	1317997	1553766	2005996	2435643	4012698	8906384	28428813	5913085	0	0	0	0.4707
37	17501127	15128528	15361257	17020197	1019	1019	0	0	0	61975	159203	161808	152231	156818	152390	169530	188191	174824	213050	232116	233339	300453	270059	340709	367658	382432	467768	450171	568053	580507	639187	729647	753864	852107	1039309	1109978	1357732	1596572	2049589	2490277	4072504	8903691	27828797	5804570	0	0	0	0.4969
38	17443161	15091930	15332230	17067240	77567	77567	0	0	0	70308	173082	172602	161425	165942	160044	176410	196278	180099	219953	237813	240122	306936	276128	346194	373656	386969	471882	454772	572811	582741	641450	732408	758965	854001	1040406	1110069	1356187	1593889	2043705	2483394	4057245	8892134	27591734	5852807	0	0	0	0.6418
39	17383539	15198640	15309786	17022589	97574	97574	0	0	0	66318	175209	176252	166456	171161	166273	183536	202896	188157	227316	249126	249106	319595	287159	361063	387307	400882	488282	469421	590174	602054	659503	753411	778709	878808	1069120	1137453	1389725	1635121	2089658	2540118	4121382	8896556	27109305	5727942	0	0	0	0.6837
40	17442091	15154604	15411072	17002903	1458	1458	0	0	0	75327	191269	189994	177359	181951	175393	191821	213860	195765	237439	256760	257995	328982	295090	371692	397188	409478	496674	477322	600584	609791	669041	764921	789124	886934	1079605	1146508	1400535	1647228	2098485	2549918	4132835	8905963	26857798	5750041	0	0	0	0.5689
41	17440821	15146814	15394777	17026363	3353	3353	0	0	0	83141	210963	207950	194256	199058	190416	210121	231504	210637	255407	277020	275028	352239	312089	394872	420145	430533	522766	499653	630291	638329	695330	796671	819157	918691	1120097	1189541	1444771	1697605	2154868	2613059	4200226	8884510	26191771	5536060	0	0	0	0.6195
42	17343948	15235660	15420947	17009551	2022	2022	0	0	0	92654	234792	229566	213065	217343	207027	225934	249960	225785	273643	295310	291267	372352	328197	417109	441825	448704	544030	519669	652684	660790	715375	821613	844967	944923	1146450	1218419	1474572	1729049	2185882	2650755	4230674	8845601	25636706	5423414	0	0	0	0.6697
43	17378871	15188648	15463673	16965872	15064	15064	0	0	0	106370	258018	249483	229280	231759	218937	238519	261507	236602	284409	307391	302253	383978	339661	427522	452154	458247	554638	529172	663019	669814	726104	828118	851211	953671	1153215	1220116	1482025	1732744	2187696	2657274	4234339	8824739	25289673	5453406	0	0	0	0.7363
44	17329730	15171846	15453555	16997210	59787	59787	0	0	0	109347	270248	262488	240333	243385	229808	248468	273794	245247	297338	319625	312065	398938	350696	443181	464843	471051	571169	542996	681189	685709	740720	847603	870683	971490	1176375	1243233	1505710	1757712	2217600	2684082	4256686	8797636	24868096	5352797	0	0	0	0.8349
45	17274728	15275102	15472994	16985734	3570	3570	0	0	0	125090	305296	292858	266609	268311	252088	272633	298255	265956	319418	342787	333459	423491	369813	469967	491713	493345	597113	566772	710684	713663	766669	879121	899852	1001686	1210366	1276509	1541640	1797554	2256520	2732163	4300558	8746757	24221494	5198348	0	0	0	0.8226
46	17289148	15264954	15519690	16900230	38106	38106	0	0	0	122126	301944	291391	265160	266078	250137	270660	296321	263331	317661	341276	333410	420944	369129	468380	488008	490508	592673	563425	705218	709401	762242	871106	893363	995451	1202633	1267447	1533270	1789812	2248658	2719532	4285381	8753941	24236940	5287065	0	0	0	0.8688
47	17304972	15219156	15531742	16951144	5114	5114	0	0	0	144336	347480	329127	295787	293428	272808	294535	319542	282927	338153	362240	350681	441786	384700	488374	508468	507433	611448	580869	723063	727577	777359	891991	909229	1009772	1221183	1281095	1547495	1804532	2258069	2729752	4286046	8709196	23740309	5236224	0	0	0	0.9041
48	17176688	15390800	15537251	16897965	9424	9424	0	0	0	143350	362669	347294	312144	312260	290051	312714	339773	300483	359926	384505	371569	467778	406701	517391	533452	532792	642159	609290	757631	760306	809693	927641	950047	1051401	1264535	1330905	1597498	1859005	2312099	2792482	4329805	8629310	23101706	4982339	0	0	0	0.9535
49	17240988	15315888	15595210	16855524	4518	4518	0	0	0	154126	393225	374594	337413	333883	309406	331564	358278	316585	377405	403156	389081	486529	423379	534861	552665	550730	662972	628369	776176	781809	828670	950088	970537	1074434	1290478	1354177	1621096	1884082	2332730	2805259	4330521	8566372	22710973	4811987	0	0	0	1.0081
50	16678168	15529923	16044402	16723629	36006	36006	0	0	0	240922	775743	846511	750409	729643	640435	702483	749453	629951	761381	816653	727051	945415	766060	1008363	959062	951319	1145129	1059344	1287655	1326281	1251728	1487442	1505101	1548601	1806604	1884016	2041402	2251183	2633139	2864242	3819906	6907608	15035434	2120453	0	0	0	2.0492
