#Name	E:\SaveData\2016-10-18_10_33_15_1001160101_R0036_A_CL100007977_BGI12297_WESPE_result\\CL100007977\L02\CL100007977_L02_3_1.fq
#PhredQual	33
#ReadNum	100503619
#row_readLen	50
#col	48
#BaseNum	5025180950
#N_Count	1722017	0.034268
#GC%	46.69
#Q10%	99.06
#Q20%	96.45
#Q30%	88.50
#EstErr%	0.384944
#Pos	A	C	G	T	N	0	1	2	3	4	5	6	7	8	9	10	11	12	13	14	15	16	17	18	19	20	21	22	23	24	25	26	27	28	29	30	31	32	33	34	35	36	37	38	39	40	41	Err%
1	32603407	22801398	24148733	20945395	4686	4686	0	0	0	6048	22274	35008	31030	30882	30265	33703	36487	36271	43878	50529	52930	72422	75225	90496	106055	177223	217171	236520	295480	385271	444714	531027	680986	700549	1000278	1077747	1343462	1364479	1461821	1233913	2276781	8267381	67294953	10755674	0	0	0	0.0945
2	28900692	19644746	25258756	26628200	71225	71225	0	0	0	2291	19364	28733	28062	28942	29770	33025	36615	39458	47104	54708	62026	82519	88264	103712	130147	208288	257501	281699	351452	447799	511919	591722	719105	737882	999435	1074141	1326500	1427099	1684011	1578624	2903912	9696930	65080838	9738797	0	0	0	0.1597
3	27586663	23164149	22474854	27276618	1335	1335	0	0	0	485	13730	21471	21406	22663	24313	27240	30891	33597	41101	48284	55581	74902	81084	95107	121847	200378	247546	275050	340282	439058	502811	583287	712011	732802	989281	1061433	1307043	1412242	1660480	1582497	2900645	9673881	64874309	10293546	0	0	0	0.0798
4	27951704	22901244	22768832	26881207	632	632	0	0	0	480	12063	19558	19293	20280	21974	24984	28513	31409	38086	45794	53382	72094	78952	91933	119836	198886	244761	273924	339986	438906	501783	582955	711387	731371	983967	1058467	1304285	1415903	1676108	1621702	2962545	9808585	64597057	10371778	0	0	0	0.0759
5	27778994	22585586	23367806	26714996	56237	56237	0	0	0	1911	13136	19522	19189	20322	22044	25169	28800	31529	38892	46505	53974	73630	80713	93698	123749	201365	252147	279745	346025	446086	507218	588637	713487	735212	985377	1060558	1304636	1432040	1715903	1687438	3080464	10053134	64155056	10210071	0	0	0	0.1327
6	27396192	23063492	22955239	27002103	86593	86593	0	0	0	531	12118	19054	18772	20021	21981	25289	29153	32163	39534	47498	55824	75212	82648	95373	126823	206246	257221	284340	352465	452396	513892	593339	715256	740229	987931	1062962	1309879	1444831	1748622	1742833	3183797	10247948	63722554	10148291	0	0	0	0.1624
7	27859876	22601762	23506112	26510196	25673	25673	0	0	0	735	13085	19672	19780	21327	23177	26616	30702	33637	42089	49668	58336	79414	86061	100150	133147	213400	266395	292930	363866	462263	524109	604298	720748	747898	993661	1070273	1317567	1465749	1798915	1825814	3333933	10510578	63142576	10085377	0	0	0	0.1043
8	27341143	23179655	22546614	27435556	651	651	0	0	0	664	12923	19798	19911	21499	23159	26797	31072	33973	42709	50561	60226	81833	88538	101829	137264	218190	270152	298358	369489	467788	528474	610479	724095	753050	997205	1075666	1322637	1477014	1830525	1880533	3428730	10697321	62754151	10046355	0	0	0	0.0800
9	27206652	22972144	22769565	27552048	3210	3210	0	0	0	812	13183	19969	19702	21268	23180	27271	31744	34710	43464	51309	60879	82895	89940	103161	140055	219942	274456	299798	371760	468158	530256	612692	722012	754627	994819	1078289	1325084	1491671	1858776	1921981	3503957	10844768	62397325	10066496	0	0	0	0.0831
10	27580886	22767366	23086289	27067818	1260	1260	0	0	0	987	14696	21311	21479	23564	25514	29618	34036	37443	47106	55559	65076	88960	95775	111162	148862	228610	284606	310476	385559	477029	541084	624551	730567	765403	1004482	1086727	1337845	1513673	1908716	2002249	3637816	11082043	61678168	10081607	0	0	0	0.0851
11	27517800	22673024	23038855	27037560	236380	236380	0	0	0	6511	18113	25528	25209	26734	29144	34245	38908	41815	52184	60984	71501	96654	102851	118195	158307	237990	295171	319118	395495	486202	549334	632243	731555	772634	1009398	1090828	1343183	1532102	1942405	2065900	3747652	11265878	60831780	10111488	0	0	0	0.3278
12	27447190	22960811	23104100	26979614	11904	11904	0	0	0	2771	17619	25347	24998	27408	29517	34864	39291	42737	53361	62735	73339	99139	104784	121746	162818	242505	303531	324390	403841	490808	556436	640791	735918	780367	1015235	1100235	1354982	1549685	1981624	2119808	3836077	11427304	60555626	10150078	0	0	0	0.1038
13	27611067	22846641	23161911	26883954	46	46	0	0	0	1961	18435	26425	26727	28965	31279	36812	41935	45356	57019	66519	77859	104799	110243	128524	169918	249788	310471	332243	414660	498893	562468	648077	739433	788280	1022976	1105592	1362634	1562246	2009797	2186362	3955299	11621909	59937132	10222537	0	0	0	0.0949
14	27465612	22852996	23107884	26944961	132166	132166	0	0	0	4730	23890	32564	32292	34859	37980	43669	50021	53465	66205	76690	87957	119286	122927	143104	187403	267751	330956	349409	435984	517430	583187	668897	757297	811334	1043612	1131135	1391584	1603236	2076768	2284493	4109799	11847388	58865987	10178164	0	0	0	0.2385
15	27343856	23082045	23162348	26905139	10231	10231	0	0	0	9595	26552	36495	36696	38922	41590	48087	55286	58270	71719	82707	94831	127410	129546	151994	196571	274435	340603	358772	445789	524246	591186	678525	764635	819013	1051579	1140482	1403558	1621079	2104614	2337645	4198170	11989009	58413757	10230020	0	0	0	0.1258
16	27374989	23018573	23290417	26818225	1415	1415	0	0	0	6059	37033	49226	48967	51949	55016	63352	72052	75145	92277	106206	118591	157159	157927	186773	231014	275088	340871	358287	449126	525140	591432	679762	762815	823521	1057571	1144055	1413832	1641092	2138372	2397621	4297418	12150777	57748503	10198175	0	0	0	0.1372
17	27314324	22990796	23331365	26819377	47757	47757	0	0	0	6668	40595	53764	53157	56844	59275	67202	76494	79318	97319	111342	123361	163856	163688	194809	239036	282737	349592	366287	457654	533128	599252	689624	767086	830088	1066412	1155386	1426013	1660707	2168709	2441656	4364428	12241000	57277815	10191560	0	0	0	0.1904
18	27113645	23233324	23277492	26724205	154953	154953	0	0	0	8772	45028	57756	57353	60676	63420	72136	81520	84885	103175	118393	130058	171475	171258	203219	248066	288775	360695	375037	468445	540151	608040	698899	774749	843265	1073623	1165868	1438865	1679965	2201286	2496063	4450444	12360664	56631457	10215185	0	0	0	0.3052
19	27196998	23134723	23416156	26630154	125588	125588	0	0	0	23968	54703	64730	60596	63947	66572	75866	85889	87727	107167	122148	133975	176502	176593	210503	254036	294377	365401	378942	475511	543130	613482	705299	778983	848385	1080467	1173927	1451843	1696678	2228917	2532555	4511702	12456388	56229094	10248028	0	0	0	0.2904
20	27228894	23110029	23431601	26728142	4953	4953	0	0	0	12099	54942	69143	67819	71083	74587	84365	94863	96271	117113	133504	145214	192150	188098	225480	270054	312545	386778	396886	498764	565805	633785	728627	799374	874042	1107624	1202102	1485734	1742130	2290825	2630447	4652880	12632782	55455204	10205547	0	0	0	0.1759
21	27122177	23278944	23486492	26614133	1873	1873	0	0	0	13638	57186	70253	69438	73513	76375	86225	97598	99536	121504	137206	149615	197196	192904	232065	277957	317905	394350	403764	506718	572375	642312	736030	804401	883497	1119766	1214260	1501599	1759300	2317953	2677769	4729832	12761542	54987147	10219017	0	0	0	0.1772
22	27211647	23209527	23593132	26487698	1615	1615	0	0	0	15919	63089	77200	75883	80198	82722	94035	105942	106439	130205	147198	159460	209930	203867	245337	291556	331240	411193	418311	523964	586131	659390	756330	823744	905678	1141524	1238057	1531334	1799074	2370583	2751916	4842672	12890921	54250480	10180482	0	0	0	0.1892
23	27257391	23153221	23557570	26535027	410	410	0	0	0	18671	70344	83847	82281	86746	89443	101231	114297	114380	139202	157638	168980	222405	214342	258969	307292	345793	427679	434156	544582	603962	676737	775563	837945	926803	1167251	1265373	1562219	1841071	2428238	2844336	4987039	13037528	53389432	10177434	0	0	0	0.2010
24	27079756	23366055	23564314	26474874	18620	18620	0	0	0	20355	74421	88173	86415	91856	94391	106616	119556	119320	145905	164887	175664	231226	221783	269391	317008	354848	437070	441601	558703	614332	687532	787830	848465	939828	1182072	1276799	1579491	1861573	2458137	2885710	5048910	13115074	52917713	10162344	0	0	0	0.2276
25	27171323	23306498	23678744	26346167	887	887	0	0	0	23806	80837	93772	92200	97105	99002	112062	125990	125259	153251	171002	183425	238725	229261	279680	326642	364431	448756	451756	569184	621752	698289	798448	858784	956385	1195672	1295168	1603740	1889421	2490135	2933517	5109353	13209615	52371744	10204563	0	0	0	0.2207
26	27188781	23232333	23661232	26420750	523	523	0	0	0	25781	85735	98883	96850	101767	104445	117111	132381	131090	159444	179517	190097	250001	237278	289365	337232	373037	460218	462278	582492	632357	711335	813193	871278	973396	1214437	1313693	1628201	1917602	2534518	2994395	5196693	13296128	51806922	10183946	0	0	0	0.2297
27	27002039	23443554	23686974	26370303	749	749	0	0	0	30403	97256	110090	107498	112949	115477	130153	145668	143695	174672	195612	207091	270092	255676	312945	361315	396523	488977	486351	616366	661518	742605	848358	903113	1009491	1258072	1358747	1682031	1988788	2613422	3124524	5380351	13435445	50684351	10053245	0	0	0	0.2514
28	27103883	23366129	23775112	26256665	1830	1830	0	0	0	39016	111727	125062	120915	127277	127796	143196	161816	157526	191571	212926	222454	291568	271810	335086	383771	416658	514242	508307	643541	684293	765281	878511	928338	1036359	1292991	1398192	1724321	2038344	2674380	3208299	5490297	13499277	49857982	9918659	0	0	0	0.2787
29	27105624	23289943	23737446	26326486	44120	44120	0	0	0	41074	119467	129873	125361	131620	133410	148857	166558	163007	197015	219724	229227	299380	280572	344934	393044	424547	523047	518185	652068	694310	775985	887553	938065	1052482	1306510	1407634	1740660	2051193	2692256	3218767	5507554	13569179	49368987	10007394	0	0	0	0.3306
30	26991518	23462501	23757792	26290647	1161	1161	0	0	0	40927	120083	131239	126630	133370	134638	150977	170004	163126	200615	222124	231901	302871	284564	349439	397793	430785	528576	521783	659556	700636	782818	896093	946914	1064905	1318011	1418839	1758570	2075333	2722962	3260209	5566979	13616847	49043739	10028602	0	0	0	0.2904
31	27087485	23365755	23891408	26156885	2086	2086	0	0	0	47889	135751	146864	140615	147302	148264	164575	185181	178469	217056	240262	248434	323578	300289	371564	419431	449472	553002	544753	687486	723242	805889	923626	973481	1092985	1350806	1458514	1799973	2127717	2782423	3341418	5667408	13684542	48222309	9896963	0	0	0	0.3177
32	27076229	23322073	23862725	26241029	1563	1563	0	0	0	53034	148154	157340	151251	158242	158182	176461	197377	188558	230356	254622	261630	341399	314130	390878	437537	468874	573931	563960	712589	747739	832929	952143	998740	1124917	1387078	1492799	1843280	2176189	2840990	3426390	5786848	13745989	47410218	9797302	0	0	0	0.3376
33	26927425	23454722	23855776	26153027	112669	112669	0	0	0	60556	160859	168127	159891	166248	165550	184139	205162	195634	238224	262721	271540	349537	323150	401038	447359	476284	583742	571524	721741	754423	842509	960118	1004820	1132074	1395864	1501301	1850032	2190197	2847355	3435518	5785983	13757829	46986949	9832952	0	0	0	0.4655
34	27015203	23427672	23972564	26086609	1571	1571	0	0	0	68744	177638	184333	174672	182163	178701	198272	222247	208601	254969	281391	286811	371608	340076	425412	469157	498007	609573	594488	750479	780088	865572	991446	1035537	1169477	1435930	1540519	1898323	2243961	2913857	3525174	5902132	13818111	46158471	9746108	0	0	0	0.3830
35	26952636	23435221	23935431	26179103	1228	1228	0	0	0	67918	184642	191321	182459	190202	187057	208529	233214	220099	267902	294941	300867	389264	355626	445569	489859	518299	632499	616230	779486	805397	893479	1020700	1068234	1203307	1479371	1587098	1952571	2306879	2991552	3627726	6038119	13860563	45367657	9543755	0	0	0	0.3969
36	26831742	23568364	23960849	26131914	10750	10750	0	0	0	81269	211948	218194	206240	214431	210397	232830	259399	242656	294444	322379	327162	422363	382716	480496	526017	548497	670939	650208	823887	844581	930901	1067600	1109329	1249566	1534613	1642662	2015725	2374648	3072948	3723678	6153881	13876501	44285189	9284575	0	0	0	0.4516
37	26885675	23539667	24080295	25996344	1638	1638	0	0	0	89933	235354	238545	225879	232649	227861	250491	278844	258998	314515	345080	347609	447102	404705	506959	550939	574437	700104	678695	854004	877379	966773	1106279	1147718	1291603	1582633	1694147	2070954	2444372	3141802	3814304	6251361	13869708	43356414	9123831	0	0	0	0.4774
38	26842446	23454304	24019593	26067468	119808	119808	0	0	0	102254	255158	255469	238636	245737	238327	261424	290392	269197	325099	355901	356902	457455	413058	519567	560930	582674	709575	683989	862627	881930	970645	1112501	1151060	1297509	1584288	1690626	2069682	2438250	3134084	3798802	6226115	13864273	42992976	9186699	0	0	0	0.6210
39	26700104	23625608	24011023	26015889	150995	150995	0	0	0	96787	258178	259954	245019	252912	246940	271285	301301	278694	339366	370074	371830	475096	429575	538853	582594	602059	733779	705979	889781	909069	999414	1144418	1183263	1333323	1625838	1737115	2122659	2498282	3204821	3892792	6327883	13860859	42266921	8995911	0	0	0	0.6622
40	26823600	23556479	24153855	25967446	2239	2239	0	0	0	109757	281854	280985	261207	269463	260215	284965	315971	290205	352190	383203	384526	491147	440620	553211	594187	615050	748106	721617	904912	926978	1012290	1158101	1196528	1346444	1642332	1746863	2137190	2515037	3217039	3911938	6359723	13880666	41882099	9024761	0	0	0	0.5459
41	26809554	23546613	24136575	26005912	4965	4965	0	0	0	121622	310665	307923	285914	293999	282422	309944	344308	313382	379714	412754	410686	524759	467228	590979	630013	645759	786626	754181	951794	966951	1053012	1207127	1246294	1398528	1703310	1814876	2208937	2595661	3309052	4016745	6465752	13838897	40851992	8696848	0	0	0	0.5944
42	26670404	23698818	24169615	25961278	3504	3504	0	0	0	135151	344255	339861	315961	321886	307794	336498	370215	335640	406477	440329	436720	556967	491732	624065	662317	675751	820938	786120	987550	1001563	1084005	1247015	1284521	1439172	1747898	1857336	2255317	2644816	3362020	4070169	6520265	13775823	39996098	8517870	0	0	0	0.6433
43	26707662	23614024	24259618	25898685	23630	23630	0	0	0	154943	380707	369889	339349	343137	325608	354163	387791	352172	423195	457545	451693	575511	508859	640874	679407	691005	835294	801317	1001147	1015779	1099210	1257267	1293415	1450113	1759685	1862678	2268856	2653476	3361643	4080478	6522897	13761192	39456334	8563360	0	0	0	0.7084
44	26667829	23589389	24210253	25943710	92438	92438	0	0	0	158778	398057	387470	355836	361216	340822	370935	407419	365946	442542	476282	468170	595077	526028	664200	698956	709419	861706	820563	1028431	1039424	1125424	1285543	1326727	1477522	1793887	1894885	2304170	2695987	3404370	4127022	6557568	13719322	38814621	8406856	0	0	0	0.8050
45	26570205	23763661	24275166	25889249	5338	5338	0	0	0	181183	450689	434118	394962	396167	372768	404644	442962	394127	475523	513770	502005	634696	555683	704137	735790	742774	902512	858732	1072443	1082902	1164563	1331893	1370620	1524434	1845975	1950839	2361084	2759081	3472874	4198329	6628329	13642057	37831344	8164272	0	0	0	0.7893
46	26590817	23733275	24348145	25772970	58412	58412	0	0	0	176641	446478	431605	392967	395062	371010	401703	439798	394354	473288	508592	499083	628742	553118	699711	732004	738793	893912	852746	1063515	1077638	1156904	1324156	1361245	1514526	1835040	1936732	2347666	2749230	3454158	4181884	6611132	13650379	37850071	8301324	0	0	0	0.8359
47	26623580	23658843	24348976	25864835	7385	7385	0	0	0	211412	512397	489151	441628	437061	405873	437713	475981	421228	506790	542053	526476	663832	578021	732826	763668	764270	924515	880167	1093010	1103131	1182202	1349204	1385769	1539433	1858939	1959015	2368798	2770535	3469251	4197415	6614247	13578552	37088117	8223554	0	0	0	0.8701
48	26415711	23924567	24360201	25788965	14175	14175	0	0	0	208698	534990	514703	465495	464447	431026	465637	505663	448785	536002	575798	556464	700554	611311	775598	803985	803589	971287	922427	1145560	1156769	1230304	1409117	1447556	1601807	1934476	2037810	2449462	2854899	3560867	4295273	6685671	13461361	36098256	7823797	0	0	0	0.9169
49	26529223	23802895	24459613	25705256	6632	6632	0	0	0	223672	578412	556221	501938	496982	461718	493490	535062	473404	562506	602312	583995	728728	636752	802998	831180	830923	1000846	953609	1176858	1187549	1258478	1445356	1480403	1639790	1968820	2074269	2487604	2895547	3592914	4323345	6683246	13360301	35508393	7559366	0	0	0	0.9687
50	25609588	24152634	25170780	25518309	52308	52308	0	0	0	350919	1174419	1287084	1144950	1112653	984130	1071170	1142344	972212	1161545	1248795	1120062	1443739	1184459	1541983	1470350	1467827	1759173	1639903	1975626	2047918	1937252	2292521	2324438	2395184	2783577	2906991	3150627	3480935	4062749	4417494	5895835	10736639	23431414	3334394	0	0	0	2.0127
