#Name	E:\SaveData\2016-10-18_10_33_15_1001160101_R0036_A_CL100007977_BGI12297_WESPE_result\\CL100007977\L02\CL100007977_L02_8_1.fq
#PhredQual	33
#ReadNum	80921986
#row_readLen	50
#col	48
#BaseNum	4046099300
#N_Count	1386318	0.034263
#GC%	46.34
#Q10%	99.01
#Q20%	96.25
#Q30%	88.04
#EstErr%	0.403800
#Pos	A	C	G	T	N	0	1	2	3	4	5	6	7	8	9	10	11	12	13	14	15	16	17	18	19	20	21	22	23	24	25	26	27	28	29	30	31	32	33	34	35	36	37	38	39	40	41	Err%
1	26347022	18589291	18892816	17088766	4091	4091	0	0	0	5174	17228	26812	22971	23826	23103	25995	28228	28712	34758	40212	42547	58053	60423	72701	85556	143240	176730	190354	239707	310822	360496	428731	553501	574494	813141	876521	1082213	1088162	1150676	1009079	1847525	6421805	54283505	8770894	0	0	0	0.0932
2	23239300	15860985	19910991	21853822	56888	56888	0	0	0	1896	15694	23735	22782	23341	24347	27224	30150	32248	38458	45391	50848	68182	72637	84305	106570	170890	211364	230310	287483	365912	417903	484250	588147	603347	816672	874864	1072693	1144229	1327580	1295479	2372669	7545191	52595206	7793101	0	0	0	0.1602
3	22338051	18469090	17718953	22394758	1134	1134	0	0	0	408	10920	17939	17543	18188	19715	22415	25459	27720	33912	40365	46009	62341	67373	78630	100066	165105	203907	225929	280456	361038	413909	478226	583489	601667	809195	865702	1055005	1132416	1311975	1304139	2381349	7516670	52444433	8197239	0	0	0	0.0809
4	22601750	18323271	17979456	22016991	518	518	0	0	0	345	9741	15810	15221	16896	17804	20598	23495	25921	31840	38067	44235	59625	65377	76210	98960	163521	202660	225393	279328	361531	412971	476462	581400	601170	803463	863024	1052344	1135156	1323231	1337559	2430082	7620544	52231775	8259709	0	0	0	0.0768
5	22477805	18141310	18426214	21829833	46824	46824	0	0	0	1610	10744	16016	15604	16838	17882	20721	23578	26192	32238	38494	45074	60637	67077	77982	101970	166725	206186	229365	285276	366559	417372	482288	583945	603686	804789	863139	1054492	1145882	1356886	1388895	2529922	7823413	51873763	8119922	0	0	0	0.1357
6	22122123	18527042	18132901	22070977	68943	68943	0	0	0	415	9825	15424	15333	16610	18036	21064	23948	26429	32847	39107	45906	62046	68326	79456	104998	170325	211262	234849	290757	370982	422384	487766	586646	606636	807213	867724	1060419	1156545	1385226	1437861	2613501	7984499	51511742	8066936	0	0	0	0.1625
7	22579701	18101234	18552062	21668454	20535	20535	0	0	0	629	10537	16128	16162	17438	18832	22007	25304	27837	34583	40887	48131	66146	71348	82500	110399	175815	218650	241218	298939	377588	429400	495573	589788	613799	811251	873366	1066805	1178522	1428494	1505568	2736679	8205414	51024149	8021565	0	0	0	0.1052
8	22032726	18675884	17759005	22453870	501	501	0	0	0	552	10656	16138	16263	17415	19321	22200	25878	28373	34902	41050	49612	66846	72790	84191	113088	179215	223773	244696	304156	383571	435063	500236	592465	616936	812821	875056	1068869	1187737	1455450	1549366	2816253	8370567	50689576	7996404	0	0	0	0.0811
9	21952194	18469704	18031085	22466319	2684	2684	0	0	0	653	10767	16151	16180	17469	19219	22360	25924	28316	35808	42049	50046	68503	74103	85379	115330	181019	225362	246730	307523	384692	434936	501694	591272	618258	811975	878581	1075463	1199310	1481851	1582309	2876182	8490625	50394888	8008375	0	0	0	0.0843
10	22234502	18331267	18291847	22063346	1024	1024	0	0	0	818	12066	17858	18056	19348	21160	24550	28108	31370	39077	45647	54667	73684	79625	90825	123462	189065	235192	256151	317883	391826	444963	512297	597716	628158	821344	887522	1088312	1224188	1522962	1652558	2994170	8690169	49761569	8024596	0	0	0	0.0869
11	22211593	18244162	18260336	22014693	191202	191202	0	0	0	5111	14757	20823	20563	22526	24157	28219	32235	34663	43652	50757	59454	80363	84598	98237	131234	197297	244387	264759	327367	399439	451810	519514	599529	634599	825890	892888	1091358	1237347	1554149	1706136	3083089	8844305	49067641	8037931	0	0	0	0.3305
12	22171995	18474436	18312707	21953039	9809	9809	0	0	0	2303	14868	20792	21196	22439	24532	28451	32915	35991	44572	52123	61408	82924	88028	101370	134734	201829	251510	268655	333929	404870	458254	526169	603068	641414	833599	900599	1103874	1254963	1586215	1754264	3161249	8983070	48825772	8050228	0	0	0	0.1063
13	22323663	18375971	18369740	21852604	8	8	0	0	0	1553	15647	21913	22476	24179	26307	30799	35487	38115	47589	55456	65161	87643	92538	107499	142259	207293	257598	274563	342580	411089	464139	533316	608453	648227	837167	908144	1110434	1269952	1612744	1810368	3260555	9145102	48302370	8103263	0	0	0	0.0975
14	22184198	18385755	18331865	21913493	106675	106675	0	0	0	3977	19898	26788	26936	29418	31280	36520	42261	44455	55621	63969	74207	98977	102753	119809	156646	221383	275282	290384	363792	427477	481679	553367	621996	667702	856561	926595	1136557	1306218	1670311	1893036	3386669	9325657	47422184	8054946	0	0	0	0.2417
15	22101146	18555199	18400834	21858680	6127	6127	0	0	0	5106	22112	30082	30212	32252	34405	39959	45565	48213	60036	69494	78901	105295	107915	126167	162943	228530	283436	297343	370186	434246	487751	560478	628240	675479	862544	936684	1147327	1319359	1697702	1938331	3471019	9448483	47034949	8095115	0	0	0	0.1245
16	22142379	18507222	18480535	21790675	1175	1175	0	0	0	4837	30991	41358	41299	43972	46519	53282	60793	63397	77505	89116	99865	131639	133080	157248	194204	228494	284767	299019	372575	435183	491000	563010	628150	681181	868592	941780	1155708	1338798	1728991	1992086	3546938	9574378	46475727	8045329	0	0	0	0.1419
17	22093958	18493334	18512195	21783286	39213	39213	0	0	0	5641	34104	44888	44172	47059	49830	56929	64334	66944	82276	94033	103949	137802	137929	163733	200199	235410	292108	304909	382227	441062	496313	569403	634105	688055	877242	952405	1167785	1356471	1755976	2026704	3610396	9660696	46062411	8035273	0	0	0	0.1962
18	21907884	18682829	18501017	21706238	124018	124018	0	0	0	7320	37619	48672	47779	50707	53582	60788	69018	71033	87107	99538	110114	145163	144115	171535	208062	242251	300231	311918	390538	446941	506345	578048	639278	698009	884369	960446	1181787	1376300	1781622	2071637	3671913	9753736	45536016	8054431	0	0	0	0.3097
19	21988618	18591325	18608877	21635028	98138	98138	0	0	0	19291	46040	54420	51301	54282	56277	63658	71953	74225	90327	102884	112779	149071	147583	175816	213773	246824	306679	316357	397682	453379	508727	583359	643678	702503	890069	967985	1191357	1390291	1806684	2104801	3727281	9848606	45192907	8060999	0	0	0	0.2927
20	22005990	18589873	18622473	21699687	3963	3963	0	0	0	10224	45890	57821	57314	60382	62733	70689	80267	81903	99476	113003	122798	162021	158609	190512	228104	260842	324292	331303	416702	469254	526594	604675	658819	723830	916351	992235	1222375	1428635	1859840	2185253	3842653	9998562	44532393	8021669	0	0	0	0.1825
21	21933490	18726036	18666257	21594710	1493	1493	0	0	0	11237	48292	59904	58683	62385	64842	73542	83030	84222	102357	115970	126550	166552	162514	195890	233344	266354	329540	336845	422977	476426	534662	612663	667323	733059	925277	1003951	1236682	1446311	1884851	2223326	3907081	10093755	44144874	8025222	0	0	0	0.1846
22	22004491	18660948	18743141	21511959	1447	1447	0	0	0	13247	53652	65000	64361	68133	70382	79558	90261	90307	110433	124613	135375	178358	171971	208019	246199	278864	343915	350171	440014	489486	547518	629325	680444	751988	944840	1024556	1261173	1479154	1929186	2286251	3996981	10207435	43514552	7994817	0	0	0	0.1977
23	22025183	18612316	18737486	21546671	330	330	0	0	0	15709	59687	70341	69752	74070	75816	85925	97669	97566	118812	133962	142863	188755	182278	219470	260230	291225	358931	362765	456174	503008	565157	646138	694225	771536	967397	1047171	1291713	1514786	1978904	2364285	4116140	10324507	42797148	7977541	0	0	0	0.2101
24	21885612	18780005	18756150	21484872	15347	15347	0	0	0	17375	63522	74834	74093	78215	80875	90642	102093	101992	124369	139785	148914	196288	188189	228601	267794	298628	368706	371504	468092	510904	574090	657158	704367	781577	979415	1061359	1305826	1534040	2004262	2404905	4172913	10384383	42390296	7956633	0	0	0	0.2385
25	21970637	18736145	18818968	21395543	693	693	0	0	0	20113	68887	79392	78173	82774	85512	95262	108277	107613	130618	146772	156443	203616	195357	236769	276887	306509	377529	379794	478439	519066	584070	668551	714173	796388	994483	1074313	1324178	1561868	2036274	2441740	4221996	10460332	41937406	7971719	0	0	0	0.2317
26	21941465	18713065	18835787	21431279	390	390	0	0	0	21496	73239	84544	82004	87505	88971	100694	113143	111118	136318	153043	161677	211900	202412	246583	285762	315792	388393	389681	490098	529892	593418	678008	725735	812102	1007310	1091215	1346529	1585836	2071220	2490940	4291397	10530922	41470761	7951938	0	0	0	0.2414
27	21823315	18854718	18833206	21410138	609	609	0	0	0	26049	83224	93994	91711	96985	98676	110891	125102	122456	149739	167018	176404	230703	218164	266266	306432	334531	411969	410571	517835	554120	620734	710425	753328	844354	1048886	1130983	1394338	1640912	2142293	2590265	4442994	10643026	40515786	7850213	0	0	0	0.2650
28	21898039	18810381	18905879	21306757	930	930	0	0	0	32238	95348	104935	102398	108176	109483	123159	137515	133589	163206	181696	189750	247830	231134	285436	324505	352650	433637	428627	541632	574297	640432	733230	773274	867087	1076937	1161346	1426973	1681174	2194333	2659131	4525123	10703066	39838977	7738732	0	0	0	0.2914
29	21893575	18734494	18889156	21369073	35688	35688	0	0	0	35007	101891	110260	107128	112584	114204	128020	143984	138765	168122	186849	196690	255156	238378	293567	332837	359601	442719	436434	549035	581557	650981	743188	782000	883037	1085750	1168477	1441787	1697153	2205541	2676404	4541189	10748366	39433932	7795705	0	0	0	0.3463
30	21806228	18872621	18893351	21348876	910	910	0	0	0	34724	102690	112664	108868	114192	115125	129706	146622	140839	171108	190813	198644	259176	242140	298435	338296	363905	447943	441609	555225	587859	657744	751640	790902	893278	1098208	1181548	1455391	1717747	2228179	2709819	4588609	10790822	39156447	7800159	0	0	0	0.3069
31	21879658	18792414	18997115	21251019	1780	1780	0	0	0	40672	116389	125238	121039	126276	126949	141539	158851	152844	186773	206345	212815	276436	255459	318406	355783	381208	467194	458870	579636	607388	676437	774683	811094	915371	1126566	1208899	1494887	1760305	2281392	2775235	4669213	10846241	38471561	7692212	0	0	0	0.3359
32	21874587	18766896	18975470	21303788	1245	1245	0	0	0	45179	126403	135518	129470	135656	135418	152066	169184	162426	196563	218122	224567	291800	269121	334012	372098	397259	487041	475647	601419	627398	697503	798052	835110	940389	1158427	1244651	1529188	1799011	2330107	2842316	4761111	10896793	37793733	7607983	0	0	0	0.3570
33	21751185	18882984	18973277	21224733	89807	89807	0	0	0	51497	136723	142748	137176	143385	142438	158249	177459	167453	203777	225220	232095	300187	276223	342477	379637	404557	494386	483782	608465	633517	707300	804234	841414	950023	1166454	1248151	1536122	1811022	2337045	2847857	4762839	10906093	37435223	7636951	0	0	0	0.4845
34	21830769	18849960	19068758	21171125	1374	1374	0	0	0	58399	153212	158484	149901	156572	154028	171218	190827	180241	218436	241167	246082	317808	291308	362202	399342	421083	516391	502753	633989	656646	727458	831406	865976	979046	1198819	1284349	1577292	1857680	2393325	2921441	4855086	10945537	36751101	7552007	0	0	0	0.4064
35	21757403	18863627	19053166	21246733	1057	1057	0	0	0	58755	158667	164816	156242	163310	161395	179994	200647	189055	230077	253206	258173	332414	303964	381277	419117	439583	536329	521118	659027	678011	751937	860250	893223	1009212	1235555	1322724	1624658	1910594	2455626	3002795	4955664	10980231	36083925	7389358	0	0	0	0.4216
36	21674243	18961378	19075921	21201831	8613	8613	0	0	0	70021	183989	188206	178607	185177	180438	200300	223380	208691	252935	277153	278915	360678	327367	410715	447024	465995	569319	548887	694653	710618	785137	897874	929196	1046717	1278761	1367700	1670484	1967001	2517669	3081690	5048138	10996169	35180242	7183527	0	0	0	0.4802
37	21716868	18939114	19162376	21102388	1240	1240	0	0	0	76775	202060	205256	193624	201124	195453	215806	239783	223061	270670	295891	297641	382069	345317	434332	471098	488430	593830	573027	722469	736878	810703	928129	959615	1082377	1318207	1407688	1717855	2017617	2574372	3147033	5126644	10988883	34432538	7044491	0	0	0	0.5067
38	21669026	18872323	19124029	21159769	96839	96839	0	0	0	86488	218544	219887	205049	210755	204823	225428	250472	229566	279572	305299	306460	391951	353011	443937	476939	493824	600786	578909	728609	742560	817918	930982	964822	1085707	1320212	1406643	1718825	2018500	2570982	3142786	5105545	10973490	34119592	7096274	0	0	0	0.6519
39	21564063	19006635	19109275	21119630	122383	122383	0	0	0	83193	223115	224159	211275	218671	211969	235057	259171	241265	290200	316232	318872	407990	367150	460323	494440	510921	621331	599319	752163	766386	840290	960936	989923	1118521	1357027	1443131	1761695	2067137	2624713	3208378	5186013	10976192	33510433	6942012	0	0	0	0.6965
40	21664316	18957680	19212319	21086000	1671	1671	0	0	0	93914	242422	240486	226450	233389	223844	246578	272518	251256	302923	329342	330200	420571	376291	473574	507871	521504	634203	610672	764308	778608	852956	973080	1003141	1129591	1370341	1454640	1775148	2080694	2639951	3223926	5200576	10982427	33195375	6957545	0	0	0	0.5807
41	21635673	18953621	19208172	21120302	4218	4218	0	0	0	104400	267888	265364	247559	253300	242872	267764	295262	269692	326069	353250	351416	449827	400627	506340	537043	548669	667369	639866	803718	813092	885026	1013401	1040561	1169293	1418450	1507570	1831014	2138881	2707813	3300962	5275690	10957573	32362304	6697843	0	0	0	0.6329
42	21533727	19071996	19226627	21087355	2281	2281	0	0	0	115634	297146	292851	272419	275676	264252	287645	317727	288758	349785	378396	372656	476302	420786	531950	561945	572859	694030	663227	835214	842280	910734	1043055	1071933	1200836	1454711	1544343	1867462	2186377	2750112	3346646	5313999	10895008	31663529	6559422	0	0	0	0.6832
43	21569609	18992264	19295740	21045603	18770	18770	0	0	0	132378	326491	316779	290804	295194	281158	304637	334408	302570	363356	393787	386597	490660	433795	546796	576552	585293	706515	676563	845329	854032	926229	1055317	1080703	1214754	1465043	1545818	1875813	2189422	2752694	3351930	5315871	10882522	31218219	6585187	0	0	0	0.7505
44	21520176	18984667	19268022	21074258	74863	74863	0	0	0	136674	343695	332833	305952	310415	293384	319043	350451	314792	378714	408543	401408	508653	447899	565870	594614	602302	728783	694281	866910	872798	944981	1079222	1106317	1235636	1491293	1572997	1904856	2223547	2787366	3386733	5341196	10848742	30688853	6457370	0	0	0	0.8514
45	21442698	19110967	19315445	21048407	4469	4469	0	0	0	155928	388022	374038	339648	342115	321819	347790	380799	338701	408907	438389	427642	541673	474592	601290	628466	629710	762938	723690	903503	907209	975770	1115537	1142629	1271105	1534619	1618762	1950433	2269818	2835163	3442174	5390326	10774665	29893589	6266058	0	0	0	0.8404
46	21462815	19108948	19366192	20936251	47780	47780	0	0	0	152783	385584	371727	338850	339353	319777	345736	378391	337313	406202	434836	427822	538347	473183	597162	623781	627214	757967	720006	897535	903634	969563	1109299	1136529	1264249	1527424	1605951	1941069	2260724	2824222	3433187	5375049	10782276	29902493	6364968	0	0	0	0.8881
47	21477728	19042670	19390948	21004573	6067	6067	0	0	0	179884	440376	418615	376867	376182	348498	375389	409034	360469	432578	463568	449666	565778	493037	623336	648841	648935	779706	741656	924612	926205	990972	1129873	1156040	1285203	1548673	1624139	1959613	2278657	2837301	3441961	5376677	10714159	29282111	6307308	0	0	0	0.9226
48	21321881	19242712	19402003	20943890	11500	11500	0	0	0	180196	462528	442553	400905	399545	371025	399048	435919	383519	460035	493536	474673	599188	519390	661054	681793	680928	820516	777249	965649	969825	1032060	1176904	1206856	1334076	1605120	1687104	2019115	2346025	2904052	3510588	5425592	10617255	28472358	5994307	0	0	0	0.9762
49	21410059	19154143	19473363	20878894	5527	5527	0	0	0	193948	499628	477450	430325	427638	397322	424361	458675	405148	482766	514631	498851	622796	542827	682975	704114	702076	845107	802637	990975	996949	1057213	1206316	1231737	1361769	1632845	1713634	2049090	2374063	2929729	3531756	5422625	10542499	27969607	5792377	0	0	0	1.0315
50	20661327	19437131	20045613	20734388	43527	43527	0	0	0	305875	988818	1077788	953512	927752	816939	891552	949790	800799	965092	1035384	918305	1192746	963051	1264862	1207408	1193129	1438255	1323734	1609604	1653186	1561387	1850906	1872735	1919374	2243247	2337934	2533133	2795605	3267637	3564373	4757107	8492823	18627361	2577256	0	0	0	2.0878
