#Name	E:\SaveData\2016-10-18_10_33_15_1001160101_R0036_A_CL100007977_BGI12297_WESPE_result\\CL100007977\L02\CL100007977_L02_3_2.fq
#PhredQual	33
#ReadNum	100503619
#row_readLen	50
#col	48
#BaseNum	5025180950
#N_Count	1357821	0.027020
#GC%	47.14
#Q10%	96.96
#Q20%	89.01
#Q30%	74.00
#EstErr%	1.111670
#Pos	A	C	G	T	N	0	1	2	3	4	5	6	7	8	9	10	11	12	13	14	15	16	17	18	19	20	21	22	23	24	25	26	27	28	29	30	31	32	33	34	35	36	37	38	39	40	41	Err%
1	31011630	24743900	23411823	21335724	542	542	0	0	0	8698	42732	58972	69324	88535	109625	228296	282229	284876	388530	466982	428632	716533	497197	806162	780426	893730	1069186	919424	1391091	1115803	1366304	1565003	1466320	1632580	2065323	2150216	2427397	2662644	3756107	3842746	6201206	13735696	41558465	5426087	0	0	0	0.3125
2	26913902	20529979	24738701	28319371	1666	1666	0	0	0	58911	138249	167315	180513	217097	234113	378022	460823	415195	549266	641193	537727	905375	590319	969608	895363	1000518	1193139	994098	1510363	1181283	1439566	1641256	1510659	1686699	2115112	2194178	2453023	2677334	3788335	3845654	6127950	13640134	39358662	4804901	0	0	0	0.5183
3	25759999	24146593	21625098	28970848	1081	1081	0	0	0	53962	127701	156097	167948	204411	215880	368680	455555	393827	553687	638824	534120	915584	575703	989887	905282	1001709	1199117	995690	1531666	1199347	1431694	1648057	1532579	1667703	2123021	2191988	2447656	2661392	3791757	3848436	6117495	13701860	39202838	4951385	0	0	0	0.5008
4	26283239	23752159	22172398	28295003	820	820	0	0	0	67990	146861	169790	177544	210313	221886	369990	446433	399854	542332	625243	535692	883119	588503	961791	898905	979725	1180246	989220	1495110	1199201	1412449	1631556	1522660	1659562	2101173	2174476	2443472	2673547	3741090	3872930	6140697	13693059	38941693	5404687	0	0	0	0.5160
5	26200675	23189069	22936368	28175695	1812	1812	0	0	0	81761	164438	186849	194471	228114	239250	388709	470005	417348	561008	644996	546483	906453	595568	977158	913425	989138	1200753	992494	1508571	1206605	1413997	1641328	1525039	1654266	2101296	2171780	2434904	2652335	3729803	3830490	6071446	13634948	39260374	4966204	0	0	0	0.5490
6	25650078	23735297	22638518	28476768	2958	2958	0	0	0	89266	176195	195791	202166	234671	244734	393278	472403	422201	562414	647112	553316	906230	603732	981118	916280	990351	1197660	998853	1504845	1207451	1417176	1638848	1524029	1667828	2098942	2173899	2441445	2668005	3728709	3871247	6135399	13672871	38626855	5335341	0	0	0	0.5639
7	26330024	23109539	23298197	27760516	5343	5343	0	0	0	76923	162222	187820	195336	231024	236591	394356	478134	410699	573401	652942	548313	921849	591524	995817	926322	990307	1208073	993823	1519330	1219263	1402373	1646297	1540836	1636164	2105105	2171978	2434539	2647719	3746052	3864295	6097176	13705234	39027564	4958875	0	0	0	0.5531
8	25335617	23869254	22099247	29137091	62410	62410	0	0	0	133550	232436	244108	241732	270469	272939	426681	504053	442343	589185	668226	576015	916811	625557	992142	934300	990004	1206977	1005419	1497227	1224641	1411556	1638166	1532600	1665840	2094974	2160473	2442127	2678194	3693837	3904002	6158047	13618035	37833611	5614932	0	0	0	0.6984
9	25287885	23627356	22315586	29256616	16176	16176	0	0	0	101223	193857	214219	216728	249505	255435	406806	485246	425146	574608	654202	558082	907725	606321	978538	920878	979276	1199830	990620	1491261	1212422	1396923	1629163	1524103	1640227	2084760	2155497	2420745	2646900	3693813	3852357	6093963	13651108	38898652	5177304	0	0	0	0.6018
10	25659052	23504343	22759832	28572280	8112	8112	0	0	0	109468	213719	230688	232883	264229	268427	426459	497242	444662	584011	659983	581172	897596	637718	972673	935429	973220	1198242	1003083	1465039	1232876	1399010	1624423	1529424	1664769	2075680	2156149	2442905	2685787	3656366	3913411	6161167	13604227	37891031	5862339	0	0	0	0.6205
11	25772172	23375803	22725081	28628492	2071	2071	0	0	0	100897	204542	224378	228078	261550	268234	426287	504345	445022	591644	670997	581352	917219	632728	991737	940885	989785	1209745	1009360	1491277	1233806	1411526	1638890	1537905	1666447	2092176	2164629	2440812	2678883	3687606	3894279	6144552	13608853	38086315	5524807	0	0	0	0.6079
12	25601966	23649805	22758599	28490857	2392	2392	0	0	0	121015	227459	244725	243140	275912	277994	437509	515653	451885	600583	678890	586816	923486	638806	997349	946130	988704	1213601	1012808	1491150	1238020	1406437	1637087	1540967	1662935	2090881	2160497	2440472	2678935	3676164	3905199	6141291	13589492	37863283	5595952	0	0	0	0.6388
13	25762952	23530294	22826476	28353947	29950	29950	0	0	0	97834	204038	223046	227472	259109	265974	420934	498174	443946	584569	661380	580093	901298	634948	977164	935818	976049	1194957	1006393	1472350	1233348	1399635	1628094	1533290	1664867	2082355	2159356	2445153	2694487	3671031	3937670	6196776	13631674	37795639	5834748	0	0	0	0.6302
14	25640577	23552766	22837426	28470669	2181	2181	0	0	0	123170	240607	255943	255448	287503	288146	450776	528952	464315	612873	688734	601714	927581	655456	1004105	960736	994720	1221925	1021960	1494745	1257351	1411047	1645383	1552637	1673239	2096896	2166271	2454215	2699238	3675740	3944501	6183605	13574014	37389616	5698276	0	0	0	0.6576
15	25411577	23779648	22910851	28354176	47367	47367	0	0	0	163848	286324	295211	284026	313419	311052	471822	549906	481803	628128	701619	613840	937718	665781	1009305	966388	995917	1221662	1027028	1486175	1259962	1411427	1640414	1550646	1679301	2088562	2159092	2452826	2705714	3653195	3943333	6169961	13509969	36922299	5898579	0	0	0	0.7625
16	25571129	23731622	22967675	28221381	11812	11812	0	0	0	156836	321624	341683	337936	374473	373654	434878	508388	449800	591526	662876	589281	890877	645267	971391	940788	966311	1191296	1007817	1454959	1247067	1392205	1623935	1538205	1662137	2078538	2151608	2446739	2702714	3652256	3949114	6189337	13552618	37156906	5936767	0	0	0	0.7587
17	25408775	23738639	23023105	28251408	81692	81692	0	0	0	216873	394780	405676	390706	425266	413516	475400	552448	481988	627897	698459	614865	925506	669734	1002546	967013	985088	1213849	1025556	1472441	1263654	1403826	1637512	1553714	1672515	2085103	2156957	2457570	2718029	3645469	3971532	6201899	13445472	36318876	5930192	0	0	0	0.9308
18	25346134	23976020	22954005	28212356	15104	15104	0	0	0	152809	298125	324761	326384	366883	367168	430086	502436	446440	586490	656129	584894	883903	643735	964573	938002	960482	1186224	1004237	1444693	1241629	1380949	1612346	1535834	1655798	2068533	2143825	2445390	2702847	3640917	3959793	6208458	13562466	37189937	6071339	0	0	0	0.7420
19	25319137	23950767	23151712	28076515	5488	5488	0	0	0	199856	384253	394521	379913	415633	404549	468338	542278	474591	618444	688470	610501	911174	665924	989316	959820	975797	1205070	1018906	1456802	1259998	1394754	1625174	1548021	1672881	2076501	2152375	2457840	2722812	3642059	3982416	6212841	13474690	36409005	6102608	0	0	0	0.8333
20	25379266	23861690	23113432	28144689	4542	4542	0	0	0	204888	400681	409227	393709	428652	416919	480537	553365	487443	631836	698814	625586	920293	682798	999222	974029	985705	1216778	1036301	1467364	1280004	1408205	1641417	1566026	1687350	2097652	2166270	2474958	2745907	3655047	4026151	6254292	13431065	35943528	6107058	0	0	0	0.8555
21	25233990	24029947	23161439	28001655	76588	76588	0	0	0	242972	450794	453668	429579	457805	441582	504039	578584	503665	650315	717194	639148	933667	695672	1011535	985863	994168	1225550	1045522	1471183	1293667	1414351	1650773	1580509	1701878	2108400	2181940	2500490	2781905	3667021	4079477	6310898	13355425	35215694	6152098	0	0	0	0.9926
22	25408966	23990659	23261439	27833644	8911	8911	0	0	0	201591	415440	426007	410766	442154	429028	493572	564157	494076	638154	706560	632741	923631	689749	1002847	981388	984040	1219550	1041187	1461063	1294792	1406690	1646878	1582991	1697015	2107990	2179655	2499955	2781063	3668346	4083184	6328320	13406537	35472386	6181205	0	0	0	0.8783
23	25338712	23898746	23306550	27952056	7555	7555	0	0	0	266258	499309	497481	464861	495294	470732	534796	609050	526668	675630	741115	661170	955804	713132	1033004	1005587	1004320	1237471	1059900	1479391	1308568	1421302	1655590	1591110	1712476	2114092	2188061	2507338	2797639	3667394	4093745	6318390	13295278	34715733	6178375	0	0	0	0.9876
24	25136148	24071491	23310780	27936816	48384	48384	0	0	0	320625	516776	518348	477588	506269	478414	545863	618575	530920	685254	748896	667288	961941	718277	1038586	1015104	1008216	1246130	1066972	1483266	1326583	1425093	1669772	1612323	1718539	2131963	2201845	2530918	2819853	3682448	4127853	6343874	13238761	34359995	6112107	0	0	0	1.0696
25	25332973	24057945	23404311	27699300	9090	9090	0	0	0	238226	477960	480000	454442	485274	463873	529043	601085	521976	671254	733638	660248	946066	712907	1026052	1001602	996093	1232907	1059109	1468097	1312033	1416086	1654761	1595581	1712348	2112793	2183222	2510610	2800793	3664554	4101685	6338658	13299564	34711582	6320407	0	0	0	0.9599
26	25294119	23971580	23404832	27819301	13787	13787	0	0	0	273069	524018	517723	480937	506618	481688	544125	615009	533616	681598	745373	668776	953594	720627	1030613	1010944	1001318	1237455	1063548	1470314	1317419	1422833	1652423	1596850	1712594	2115279	2180233	2513060	2805515	3654035	4101497	6314949	13266857	34452551	6322774	0	0	0	1.0183
27	25058569	24196743	23429874	27801742	16691	16691	0	0	0	305999	578711	565479	518061	539473	507311	571704	642741	553654	704731	768895	690728	972485	741765	1052370	1032382	1017426	1256824	1083839	1487071	1345208	1434584	1676066	1623649	1736237	2143551	2203495	2543045	2840299	3682125	4143240	6358321	13160231	33746962	6258266	0	0	0	1.0904
28	25163904	24165631	23528112	27633752	12220	12220	0	0	0	305224	597683	590501	541678	563338	526143	594008	669069	570155	729700	791176	707475	997654	758838	1078358	1052387	1032591	1276643	1101290	1507913	1365334	1449642	1696049	1649502	1751994	2162518	2237578	2569986	2871919	3716249	4193295	6390921	13083343	33225279	6135966	0	0	0	1.1191
29	25123952	24098599	23526650	27736538	17880	17880	0	0	0	346485	662652	650736	585039	604262	554009	625812	700472	589069	755540	815360	724380	1019348	770029	1096566	1071547	1039468	1291877	1111546	1519878	1390375	1454651	1712504	1669922	1760187	2177985	2247784	2588152	2898491	3721762	4214126	6392892	12986028	32681919	6054886	0	0	0	1.2065
30	25140008	24203745	23468264	27672825	18777	18777	0	0	0	274600	574712	567718	528304	552027	519764	584949	656567	567270	717378	779114	704315	979856	756341	1060538	1046112	1024990	1263028	1097355	1489909	1358975	1446370	1684532	1642147	1755010	2153123	2224636	2567682	2880505	3699513	4200428	6412038	13095050	33290264	6329722	0	0	0	1.0909
31	25155372	24170403	23619817	27539798	18229	18229	0	0	0	322987	644290	629490	569236	586817	544002	611684	681836	585717	737613	798945	721603	998224	771952	1075462	1059979	1034454	1275828	1113702	1499962	1378066	1455530	1696717	1658939	1769759	2168790	2242639	2590621	2904681	3709851	4226349	6419205	12991358	32723446	6285656	0	0	0	1.1733
32	25105033	24119036	23602455	27656319	20776	20776	0	0	0	356982	702733	684865	610621	625934	576202	642626	714050	609123	766167	824795	745417	1020688	792297	1100377	1086218	1053650	1298539	1131898	1519812	1402942	1473741	1718142	1681501	1789743	2186839	2258621	2605618	2924242	3722817	4237396	6406173	12902723	32156095	6153256	0	0	0	1.2527
33	25046137	24271219	23595135	27568281	22847	22847	0	0	0	336509	691778	676064	610920	624771	575088	642636	713429	608349	764647	823261	745756	1018050	792272	1098658	1077938	1048418	1290664	1129686	1509910	1401704	1463102	1709330	1675400	1779296	2181337	2253267	2597673	2919882	3711091	4228025	6405952	12915054	32206761	6254094	0	0	0	1.2401
34	25009587	24274760	23736474	27459588	23210	23210	0	0	0	391759	760171	732466	648780	658301	597693	667440	736290	624576	781588	837992	757078	1029138	799850	1105498	1086285	1051974	1293086	1134885	1509956	1400690	1465738	1706578	1672522	1781821	2176339	2244640	2589715	2914687	3693848	4213469	6383714	12851915	31905000	6274927	0	0	0	1.3212
35	25051506	24211687	23687018	27523154	30254	30254	0	0	0	375582	765538	745523	664697	673864	612181	684351	754117	637098	802203	860287	771715	1052832	817210	1131482	1109739	1069048	1319824	1154596	1539252	1434613	1490784	1740697	1709776	1810344	2220446	2290790	2643297	2969435	3746923	4288874	6438332	12750395	31325915	6071605	0	0	0	1.3433
36	24942863	24352614	23680859	27490086	37197	37197	0	0	0	368199	764116	739503	661540	670201	612935	678890	747612	634855	791390	851343	770531	1039024	815352	1114959	1098710	1064240	1305910	1149345	1520093	1423835	1480660	1722088	1697893	1804730	2201202	2271140	2622345	2955315	3723801	4271019	6436501	12771895	31462985	6222265	0	0	0	1.3408
37	24987034	24326017	23796366	27365412	28790	28790	0	0	0	396914	820436	797862	705769	707213	638889	708348	778886	656254	818587	876035	790063	1060807	833204	1139609	1119256	1077854	1326155	1168866	1537384	1445890	1494065	1745176	1719481	1816384	2214313	2289790	2641516	2971784	3736175	4274397	6413852	12669622	30946056	6137937	0	0	0	1.4059
38	24934155	24283772	23791373	27464451	29868	29868	0	0	0	415066	857685	832506	734479	735193	659934	732053	802131	671604	840890	897400	806539	1084832	846654	1162497	1139612	1091975	1345919	1183700	1559521	1465941	1506700	1766683	1740324	1836700	2241332	2315350	2668020	3004630	3761458	4314438	6441539	12577391	30428496	6004559	0	0	0	1.4571
39	24853758	24414610	23785647	27412002	37602	37602	0	0	0	401435	860443	833642	740927	740909	667447	739362	807025	677430	844993	900375	811894	1085925	852421	1162265	1145917	1098456	1350349	1187562	1558243	1474095	1510795	1766688	1749054	1842998	2249926	2322224	2675539	3018550	3769848	4329009	6452856	12539599	30291640	6006176	0	0	0	1.4661
40	24948587	24350585	23853699	27318152	32596	32596	0	0	0	393970	865199	846467	747420	745397	671622	741658	810246	683066	846178	903527	815049	1085323	855639	1163251	1144922	1096598	1346990	1192335	1556143	1474754	1512885	1763067	1747718	1842477	2246239	2313358	2672128	3016259	3760187	4318077	6432179	12537229	30265735	6057731	0	0	0	1.4665
41	24868920	24313861	23847874	27430924	42040	42040	0	0	0	437420	929161	894233	784147	779844	697507	767157	833156	699182	866791	918987	830590	1100138	870890	1174702	1156253	1109955	1356069	1201507	1562389	1483688	1521593	1771245	1753402	1854400	2251829	2322109	2685029	3028469	3760491	4330472	6439247	12450911	29831196	6007420	0	0	0	1.5499
42	24845986	24420056	23802610	27409728	25239	25239	0	0	0	392538	879752	851477	753033	748942	676395	738161	804349	683012	838479	889755	812128	1066122	854933	1143605	1128238	1086361	1327197	1184148	1527991	1456007	1500998	1736029	1722919	1828701	2214287	2286483	2649315	2994243	3723063	4294650	6421248	12558527	30408425	6296869	0	0	0	1.4631
43	24782190	24443602	24001747	27231536	44544	44544	0	0	0	462160	1017439	992660	861458	850376	748815	825041	890979	740029	915984	972734	869748	1149578	901680	1221733	1198638	1135337	1396699	1234024	1599307	1531749	1543381	1810086	1799454	1877681	2287707	2361492	2712150	3056665	3782169	4340778	6390914	12225253	28951820	5803357	0	0	0	1.6706
44	24767525	24375450	23959154	27350870	50620	50620	0	0	0	483059	1056075	1029362	890274	876645	770740	846281	912840	755744	935623	989939	883325	1165433	917361	1238479	1212446	1151329	1412359	1250237	1612493	1551692	1555743	1823836	1814646	1897474	2305392	2384942	2736355	3084698	3801263	4371924	6426206	12130260	28471761	5706763	0	0	0	1.7276
45	24717416	24515468	23933218	27304179	33338	33338	0	0	0	441388	1005416	972104	851775	838912	746417	813476	881196	737169	906077	959802	864404	1132471	901500	1206858	1184571	1129794	1382150	1231342	1580669	1520245	1540953	1793394	1788944	1881783	2279872	2352501	2713855	3068596	3784597	4369585	6453376	12243887	28953431	5957771	0	0	0	1.6339
46	24896879	24435254	23955792	27184250	31444	31444	0	0	0	405018	974303	950049	837452	824173	738576	803754	866502	729802	893061	948408	860391	1117743	894350	1192331	1177282	1122919	1375011	1226903	1566723	1519708	1535590	1791690	1787772	1879611	2279868	2354566	2719145	3077998	3788420	4381329	6460415	12259275	29086235	6045802	0	0	0	1.5913
47	24633972	24454279	24072230	27276423	66715	66715	0	0	0	531163	1187457	1159844	990307	963479	836951	915989	979324	807563	989279	1040386	926779	1209874	955281	1278029	1245729	1177309	1442260	1279976	1634829	1580555	1574089	1844425	1839545	1914587	2318883	2388619	2738461	3086032	3781314	4349407	6337698	11905501	27623724	5602256	0	0	0	1.9037
48	24489839	24609874	24151230	27163834	88842	88842	0	0	0	571504	1269761	1253715	1068357	1034031	890477	976257	1040833	848689	1047402	1099006	966112	1267636	991362	1332365	1295901	1214932	1492412	1316083	1685442	1633170	1601576	1893438	1887612	1947582	2365692	2435465	2772225	3115884	3807665	4353341	6299613	11651734	26713909	5273594	0	0	0	2.0496
49	24712040	24516610	24094238	27134910	45821	45821	0	0	0	474662	1148524	1112774	967449	941483	835048	895565	956965	803719	964638	1019204	928268	1181195	957819	1247532	1225817	1175302	1417306	1280823	1603592	1564355	1576833	1823995	1825401	1924858	2306656	2378432	2739904	3102274	3778279	4364898	6392491	11948068	27807168	5786501	0	0	0	1.8204
50	24013327	24743265	25353671	26278909	114447	114447	0	0	0	658230	2123520	2374017	2048892	1958689	1662458	1799969	1869167	1507137	1799685	1881326	1586746	2039974	1580802	2068059	1888934	1775532	2129921	1856920	2254240	2244170	1993655	2367483	2322700	2255022	2631277	2665414	2809855	3016006	3493287	3703733	4837410	8733004	17672400	2779538	0	0	0	3.4418
