#Name	E:\SaveData\2016-10-18_10_33_15_1001160101_R0036_A_CL100007977_BGI12297_WESPE_result\\CL100007977\L02\CL100007977_L02_7_2.fq
#PhredQual	33
#ReadNum	90049595
#row_readLen	50
#col	48
#BaseNum	4502479750
#N_Count	1159059	0.025743
#GC%	47.24
#Q10%	97.11
#Q20%	89.55
#Q30%	74.96
#EstErr%	1.056490
#Pos	A	C	G	T	N	0	1	2	3	4	5	6	7	8	9	10	11	12	13	14	15	16	17	18	19	20	21	22	23	24	25	26	27	28	29	30	31	32	33	34	35	36	37	38	39	40	41	Err%
1	28317182	21884147	21165318	18682498	450	450	0	0	0	6323	34885	48676	57008	72802	89548	184205	230306	228328	319142	380630	351036	595072	407221	668096	651708	756940	901572	779238	1189145	954649	1172081	1342630	1272900	1401506	1796995	1873350	2114941	2310460	3299524	3355546	5454853	12235629	38908650	4603550	0	0	0	0.2892
2	24232335	18416523	22408247	24991178	1312	1312	0	0	0	36222	97542	122881	135011	165437	178777	299725	372656	324756	456482	528047	442751	766665	477478	824748	757010	857163	1017422	854785	1312013	1026755	1243004	1427331	1329695	1452613	1857969	1918513	2153217	2340425	3341322	3393001	5439601	12269309	36644728	4183229	0	0	0	0.4563
3	23154984	21935837	19242978	25714887	909	909	0	0	0	54751	125448	148468	157133	187670	196759	319323	389598	343323	469514	539846	456264	767299	497254	827853	767288	853849	1021276	857350	1299632	1034532	1234841	1420482	1325934	1454633	1843975	1907976	2147839	2350528	3310284	3415225	5462968	12183158	36061240	4615173	0	0	0	0.4995
4	23763181	21596050	19387140	25302587	637	637	0	0	0	46088	107375	128115	136294	163912	173388	298531	365038	319902	449602	516722	441880	743489	484543	809524	762727	833409	1009863	847350	1288087	1039967	1215499	1417612	1335149	1433403	1837857	1903355	2139315	2338995	3307594	3409385	5446571	12234334	36579836	4484247	0	0	0	0.4607
5	23485294	20975892	20245449	25341296	1664	1664	0	0	0	66346	140249	159171	165585	193092	202380	326200	391848	348406	470317	538001	462088	761264	507654	821398	776308	842482	1020745	854847	1286915	1044501	1221151	1415563	1329791	1444686	1831629	1899106	2141310	2347188	3275849	3427018	5459391	12171280	35913500	4790672	0	0	0	0.5185
6	22921018	21282272	20129870	25713856	2579	2579	0	0	0	59110	126310	147652	153357	182120	191225	315462	383309	338374	465220	532048	457604	755629	501764	819518	771484	839591	1017100	852891	1284107	1042978	1221959	1416119	1329528	1440491	1834526	1902330	2142203	2342538	3290348	3423229	5468557	12213955	36123990	4660390	0	0	0	0.4982
7	23473521	20709454	20876642	24985197	4781	4781	0	0	0	72762	150021	168921	172606	201440	207301	331248	394908	351441	471773	539478	464618	753765	510758	815206	773195	833447	1013982	851132	1266218	1042920	1214303	1406757	1322705	1438546	1816411	1885733	2132477	2339142	3254487	3412130	5442177	12164517	36037525	4790764	0	0	0	0.5352
8	22601254	21467612	19688921	26237388	54420	54420	0	0	0	70905	151439	171286	173998	202091	208110	336207	402341	359357	478887	546268	481626	755410	531684	824182	787769	842076	1020926	872366	1268035	1068029	1228751	1418782	1342291	1476083	1840507	1910554	2178924	2416214	3281391	3547814	5615703	12148171	34482437	5554561	0	0	0	0.5958
9	22386878	21226266	20128665	26293156	14630	14630	0	0	0	84128	163326	180585	182984	209185	215241	337480	401976	356318	474113	539221	468361	751537	515195	810779	776501	826911	1013226	849193	1260155	1044159	1204056	1401419	1318295	1430706	1808252	1878525	2122914	2332461	3233195	3419359	5449031	12170881	35908071	4897226	0	0	0	0.5655
10	22719912	21118905	20519013	25684520	7245	7245	0	0	0	90459	177110	192051	192490	218761	223135	347997	411148	365760	483969	546849	480571	754012	529004	817085	787321	829471	1017529	857711	1259103	1059680	1207632	1403672	1325620	1442597	1813644	1881263	2134601	2355465	3229983	3443819	5467581	12143163	35473997	5078097	0	0	0	0.5779
11	22806987	21107630	20447934	25685308	1736	1736	0	0	0	83229	171436	188465	193075	220171	225819	354782	419404	372898	492856	558497	487976	764834	536515	829357	797683	838849	1027204	867064	1269145	1064173	1216932	1411666	1333598	1450240	1818452	1888154	2141024	2361319	3235877	3460018	5486962	12147737	35238378	5094070	0	0	0	0.5708
12	22684101	21373175	20448324	25541977	2018	2018	0	0	0	99105	190753	205666	203963	231250	232816	364138	429411	377883	501694	565090	494630	768935	541352	834738	800406	838257	1028944	867186	1266284	1070432	1212882	1409313	1335274	1447481	1816637	1884187	2142109	2367001	3230006	3468335	5491354	12135048	35042423	5152594	0	0	0	0.5987
13	22889495	21254036	20485918	25392990	27156	27156	0	0	0	79899	170714	187490	191875	218271	223920	350621	415613	370311	488008	551635	488399	754240	537159	818011	793766	829919	1018401	863369	1253559	1065340	1207454	1402705	1331276	1446867	1813680	1882268	2143776	2374878	3226093	3494008	5532966	12164225	35025911	5305812	0	0	0	0.5938
14	22786662	21266582	20504365	25490084	1902	1902	0	0	0	102836	205161	218207	217625	243205	244439	376884	440788	390494	513271	575125	507887	775776	557640	842539	814147	844783	1037736	880721	1269374	1087462	1220672	1418364	1351168	1458985	1825115	1892585	2158713	2384890	3230793	3506115	5528855	12108554	34538345	5278439	0	0	0	0.6217
15	22627056	21446738	20562896	25369791	43114	43114	0	0	0	138167	244165	250006	242353	267007	263856	394041	459829	403227	525379	587395	519753	783866	567982	847903	823214	849558	1040899	884145	1263703	1089720	1220069	1417068	1349656	1464055	1823802	1886657	2158340	2392139	3214691	3509590	5518980	12053682	34097265	5454319	0	0	0	0.7248
16	22787440	21374818	20647425	25229261	10651	10651	0	0	0	129124	270670	287720	283064	314663	313631	365268	426671	378825	495006	554899	496976	748979	548178	816989	799885	822687	1017350	867210	1241746	1074742	1202769	1403695	1339051	1451997	1811992	1880953	2151473	2388209	3211171	3515719	5537415	12088204	34330669	5471344	0	0	0	0.7140
17	22668973	21358793	20689241	25258460	74128	74128	0	0	0	179329	333817	342657	328516	359525	348079	402306	464566	405836	529141	586243	521094	778803	570636	844903	823502	842714	1037545	886891	1257525	1094146	1215939	1414916	1354343	1464815	1823307	1890247	2161698	2403360	3213230	3538002	5550073	12005555	33546085	5456123	0	0	0	0.8833
18	22645044	21576959	20612653	25206308	8631	8631	0	0	0	118006	250298	272483	273517	306431	309068	359148	418944	374704	491002	547433	495957	739769	546874	807725	794280	817723	1007978	862415	1227787	1074372	1197356	1393736	1336782	1448940	1804044	1872994	2151462	2390993	3202011	3529848	5566253	12101219	34314503	5634909	0	0	0	0.6882
19	22642315	21527485	20789568	25085753	4474	4474	0	0	0	165303	325736	332522	320660	349034	341613	393654	453138	400775	519697	576751	519182	764779	568869	831610	814056	832498	1024630	880400	1242094	1091290	1209690	1405644	1350721	1465692	1815244	1885353	2166208	2413486	3208142	3553909	5568903	12025378	33550865	5677595	0	0	0	0.7851
20	22675727	21453195	20747100	25169742	3831	3831	0	0	0	170240	340463	346751	333820	361039	352295	404812	465753	410777	530864	588461	532013	775091	584111	844797	829217	841211	1040840	894356	1255520	1109997	1218968	1419715	1366131	1476828	1831737	1901120	2182409	2432443	3223255	3588679	5609080	11989576	33169238	5624157	0	0	0	0.8085
21	22567150	21598678	20784064	25032167	67536	67536	0	0	0	198128	377484	381157	359320	385478	372054	424804	485775	425381	548591	604750	543079	788422	593433	857906	843156	852824	1049478	905063	1260857	1124017	1229519	1430862	1383189	1497245	1848964	1918985	2207418	2472972	3245017	3644506	5672523	11932723	32435902	5681077	0	0	0	0.9355
22	22715231	21540330	20889628	24896550	7856	7856	0	0	0	168045	352050	360803	345253	372965	360580	414813	475935	417357	539370	595635	537742	780657	588304	849384	838732	844324	1042132	898964	1253509	1124998	1221391	1426620	1381483	1483569	1843171	1912012	2203061	2466523	3240287	3642627	5670735	11977225	32742288	5669195	0	0	0	0.8300
23	22656302	21462007	20933780	24991444	6062	6062	0	0	0	221086	425332	422556	395641	418546	399174	452454	513297	445035	570585	626993	563425	807540	611148	875737	860740	861427	1060949	917896	1269274	1138658	1235936	1438924	1391283	1502791	1852044	1923118	2214210	2480706	3242079	3654381	5670326	11879194	31996222	5704826	0	0	0	0.9351
24	22493678	21623317	20927814	24968010	36776	36776	0	0	0	257271	435457	436676	405032	427708	404680	459893	521404	449614	580612	632264	569249	811962	614809	883154	870158	866441	1068770	925603	1278570	1153102	1237956	1449865	1411114	1507349	1869493	1939860	2233539	2500445	3261167	3681537	5689507	11848258	31733537	5596763	0	0	0	1.0009
25	22651430	21586567	21020134	24783712	7752	7752	0	0	0	199358	406562	408278	386535	410383	392883	446975	508124	442495	566910	620344	561729	799218	611540	868563	856239	855410	1056330	918408	1261433	1139683	1230555	1433375	1392485	1501688	1850603	1917987	2219611	2487001	3235601	3662918	5678259	11888832	32002612	5822916	0	0	0	0.9101
26	22594752	21544291	21011838	24886684	12030	12030	0	0	0	228484	445348	440409	408372	429760	407387	461520	520832	453364	576339	630243	571405	807038	618638	876014	864042	860982	1059238	923997	1262988	1145640	1235557	1436310	1397136	1505177	1854692	1919201	2222535	2488860	3232128	3661350	5665828	11847609	31756452	5822690	0	0	0	0.9661
27	22401862	21704635	21040589	24888226	14283	14283	0	0	0	255639	492508	481458	440992	458501	430510	485300	545242	471567	598751	651467	592244	825735	637355	896089	883733	876019	1081581	942917	1280550	1169400	1252652	1456178	1424471	1527980	1879087	1945997	2248085	2527642	3261364	3705558	5693720	11762965	31092930	5759125	0	0	0	1.0356
28	22486854	21688256	21125023	24739802	9660	9660	0	0	0	253354	509229	502221	461572	479304	448538	503993	567461	486335	619024	672848	607510	846314	652772	917988	904218	888658	1098189	957581	1300739	1191765	1264310	1478036	1444532	1544490	1902981	1970367	2274934	2557208	3290922	3746032	5732669	11701318	30622195	5640328	0	0	0	1.0619
29	22432062	21622495	21136595	24843575	14868	14868	0	0	0	290081	562470	552689	498339	512774	470343	531922	593371	501790	641616	692527	620274	866635	662989	937514	921276	897073	1112044	968325	1312578	1211435	1270078	1492161	1464702	1554953	1916292	1985785	2290615	2578084	3302900	3768732	5741418	11628805	30131307	5550830	0	0	0	1.1447
30	22454659	21727413	21071259	24779745	16519	16519	0	0	0	228701	486266	482188	447117	468626	441354	493918	554618	480714	608489	660431	602842	832055	649746	903752	894729	882129	1088311	952778	1284324	1186874	1260988	1466133	1441821	1543861	1895696	1959392	2273284	2560462	3280489	3752256	5754181	11722136	30685438	5806977	0	0	0	1.0338
31	22498602	21680961	21212075	24642511	15446	15446	0	0	0	269409	550083	537172	486699	499945	463724	520249	579904	499016	628031	679500	618324	849960	665683	920480	909886	892124	1098094	969953	1293200	1205736	1273054	1481525	1456777	1560541	1910984	1980528	2292543	2586499	3293744	3779666	5762430	11616894	30121990	5779802	0	0	0	1.1166
32	22440616	21645767	21193003	24752498	17711	17711	0	0	0	298546	598781	583427	523041	533914	490358	548866	608162	520130	652619	704428	639682	873217	684383	943442	931692	910333	1121665	987861	1315178	1224755	1287340	1498993	1476619	1575299	1929640	1996655	2311711	2601944	3302075	3790962	5756725	11545447	29606593	5657401	0	0	0	1.1927
33	22391078	21815592	21183680	24639707	19538	19538	0	0	0	280652	589218	577078	522187	532156	490706	546281	607015	519193	649891	703452	636325	869177	680882	938473	929309	904888	1113701	982123	1305713	1222155	1281599	1490129	1472034	1568827	1921478	1983579	2304591	2597495	3296406	3787580	5750188	11560692	29666509	5748375	0	0	0	1.1799
34	22368569	21786702	21297446	24577272	19606	19606	0	0	0	327150	647512	625157	554949	561409	510386	569532	627541	534950	665725	714570	649531	878404	691916	946725	934607	913055	1119698	988057	1308036	1224397	1285630	1491895	1470147	1572135	1919430	1983213	2301015	2592466	3283689	3774669	5732267	11502951	29364836	5762339	0	0	0	1.2577
35	22390319	21738377	21248535	24645932	26432	26432	0	0	0	314768	652143	637981	568985	576084	523754	582833	644224	545020	684707	734656	663488	902039	703205	968096	956510	927985	1142219	1006757	1333803	1256390	1303595	1522748	1508214	1598348	1957025	2028385	2348040	2646692	3332472	3834133	5783449	11414856	28846403	5573156	0	0	0	1.2814
36	22306765	21856179	21238231	24615864	32556	32556	0	0	0	308649	651673	631057	565427	570124	522976	577495	638258	545070	677947	726425	663108	886453	705712	957122	948498	924518	1129859	1004398	1317485	1245125	1298603	1508847	1492363	1590438	1940273	2006666	2329236	2632671	3313763	3823827	5778025	11443970	28955159	5705819	0	0	0	1.2785
37	22344952	21840951	21359292	24479682	24718	24718	0	0	0	334621	702448	684169	603548	607282	547347	606620	664857	563817	699619	751673	679806	913006	718806	979132	966717	935516	1148432	1020034	1335266	1266258	1309902	1526220	1512799	1609108	1958028	2025345	2345790	2647245	3325609	3832254	5760999	11343643	28463492	5635469	0	0	0	1.3444
38	22315201	21772595	21352266	24584597	24936	24936	0	0	0	345028	731538	714354	628728	630092	565634	628301	687054	578848	721581	770333	694753	932450	734477	998839	986403	950479	1168047	1035771	1352231	1287414	1325070	1548469	1533230	1626052	1982465	2051476	2370345	2681861	3350565	3869989	5786728	11261332	27989048	5505674	0	0	0	1.3904
39	22239033	21905507	21350816	24521392	32847	32847	0	0	0	335974	735754	714467	632976	634950	573048	632035	689995	583751	724278	774005	701389	933351	738168	1002275	989336	953491	1171097	1039700	1356615	1294794	1328511	1553181	1541680	1632877	1987432	2057194	2379648	2694679	3357827	3879971	5794710	11231207	27872209	5494173	0	0	0	1.4015
40	22325964	21863338	21405999	24425982	28312	28312	0	0	0	332657	743918	725352	642565	641217	577045	636899	695059	587266	727773	776924	706050	933647	743222	1002125	990103	953981	1170463	1043972	1351232	1293889	1328772	1547440	1539674	1632645	1983977	2050585	2372531	2691238	3343485	3869005	5784444	11231622	27811323	5559183	0	0	0	1.4065
41	22243531	21812601	21402202	24555092	36169	36169	0	0	0	367167	794010	767733	673739	668229	599326	657393	715119	603455	741401	791139	719551	946089	755097	1013719	1001848	964979	1179000	1054043	1359872	1301525	1337377	1553935	1547760	1644999	1991773	2058538	2386535	2702607	3349182	3884629	5790466	11150748	27431848	5508595	0	0	0	1.4830
42	22232980	21905804	21355610	24534055	21146	21146	0	0	0	326065	748956	729176	644392	641261	580948	633029	687276	586997	716469	766132	702393	915263	741861	982674	975575	944569	1150569	1035686	1327202	1279062	1318860	1523533	1522637	1618983	1961624	2026890	2355052	2674635	3313705	3852642	5768502	11238144	27973538	5764149	0	0	0	1.3952
43	22189372	21918203	21533237	24370425	38358	38358	0	0	0	386550	868536	854357	741704	730046	644408	710711	767857	639687	789556	838887	752247	991153	785747	1055445	1040122	994935	1217148	1085679	1394912	1349778	1359032	1592973	1590246	1669148	2026326	2097053	2416622	2734790	3370304	3893910	5748341	10951940	26605370	5315717	0	0	0	1.6003
44	22153747	21874628	21505289	24471886	44045	44045	0	0	0	405846	908304	886669	768326	754650	666816	730220	787562	655793	807353	853742	769463	1005729	800908	1074295	1051141	1005628	1232097	1098592	1408523	1363391	1373849	1608218	1611107	1686830	2046706	2116503	2437122	2757264	3389274	3924848	5771356	10867234	26156473	5223718	0	0	0	1.6607
45	22107129	22015296	21468208	24431221	27741	27741	0	0	0	369150	857674	835361	734092	722739	644523	702023	757990	637275	779651	826870	750986	978200	784462	1040621	1030165	987373	1205674	1079871	1378557	1338582	1357788	1580274	1582714	1671540	2022224	2091382	2419343	2746594	3368612	3925087	5801804	10970040	26595137	5447476	0	0	0	1.5645
46	22273815	21941174	21498342	24309218	27046	27046	0	0	0	339437	833386	819384	722351	711466	637129	692003	745604	632732	767814	817971	745438	966601	779277	1033088	1021351	980014	1198429	1078378	1370903	1336990	1350295	1575750	1583486	1668992	2018866	2093859	2418421	2755641	3375252	3927236	5802586	10982140	26713483	5526796	0	0	0	1.5273
47	22045380	21932292	21598100	24415717	58106	58106	0	0	0	447836	1019198	1002708	857786	832081	725215	791315	846360	698290	856699	902931	808033	1048613	834867	1110073	1086143	1032053	1262673	1128581	1432656	1397342	1391612	1628249	1628629	1701333	2057837	2127399	2441033	2761716	3376316	3900117	5706740	10662667	25361025	5125363	0	0	0	1.8331
48	21953969	22063069	21648084	24313079	71394	71394	0	0	0	471848	1088518	1081022	924206	894891	774354	846288	899790	740173	905299	953913	844054	1100669	868799	1160086	1131677	1069319	1308146	1164808	1479199	1444509	1419710	1675678	1675432	1734497	2097937	2168755	2475711	2796330	3397013	3914148	5668165	10448606	24521218	4833433	0	0	0	1.9627
49	22113825	22005736	21638656	24251780	39598	39598	0	0	0	398959	986586	962541	836873	814074	720736	774790	827266	699493	835496	882551	807660	1022775	837896	1084579	1069462	1027723	1239607	1129171	1403514	1382680	1394768	1608040	1614816	1709903	2049036	2118668	2443667	2774840	3367791	3920009	5743023	10707797	25521013	5292194	0	0	0	1.7525
50	21473953	22201672	22810180	23470046	93744	93744	0	0	0	546517	1850507	2080139	1807907	1723331	1477437	1584542	1643105	1343988	1582384	1658505	1412973	1797906	1409707	1822320	1667070	1585932	1885945	1656816	1991493	1994220	1787193	2103617	2069567	2027145	2346453	2384898	2515541	2715431	3123350	3330765	4356790	7840630	16254950	2576777	0	0	0	3.3562
