#Name	E:\SaveData\2016-10-18_10_33_15_1001160101_R0036_A_CL100007977_BGI12297_WESPE_result\\CL100007977\L02\CL100007977_L02_4_1.fq
#PhredQual	33
#ReadNum	87277379
#row_readLen	50
#col	48
#BaseNum	4363868950
#N_Count	1495998	0.034281
#GC%	47.20
#Q10%	99.23
#Q20%	97.02
#Q30%	89.77
#EstErr%	0.327624
#Pos	A	C	G	T	N	0	1	2	3	4	5	6	7	8	9	10	11	12	13	14	15	16	17	18	19	20	21	22	23	24	25	26	27	28	29	30	31	32	33	34	35	36	37	38	39	40	41	Err%
1	28050441	19956343	21269662	17996612	4321	4321	0	0	0	5657	19881	31419	27548	28022	27246	30408	33109	33505	40546	47229	49020	67761	69744	84830	96864	162267	198287	213564	268404	343318	399205	476539	613886	636824	901120	970638	1195845	1206274	1283063	1101194	1994591	6990304	58285128	9339818	0	0	0	0.0978
2	24783588	17129774	22277181	23025840	60996	60996	0	0	0	2093	17694	26822	25302	26297	27628	29958	33873	35462	42519	50146	56027	75648	79750	93655	113730	185346	227067	248659	308722	392330	447660	520144	634825	654373	885514	953392	1173830	1255467	1460128	1363944	2478360	8220302	56436671	8633045	0	0	0	0.1615
3	23637507	20459833	19663740	23514967	1332	1332	0	0	0	462	11844	19639	19199	20268	21652	24422	27710	30395	36708	43518	49625	66487	72349	85502	104893	175766	216053	238611	295313	382826	437155	509665	626433	649698	873608	939708	1155276	1240972	1432501	1352548	2446883	8156445	56289434	9222479	0	0	0	0.0812
4	23935921	20234305	19911067	23195456	630	630	0	0	0	393	10557	17297	17050	17887	19157	22120	25412	27696	33653	40662	46665	63010	69159	80898	101874	171719	212088	235589	291897	379322	433517	503911	620566	644058	865043	935392	1148700	1238997	1440474	1368863	2472851	8252181	56086937	9381154	0	0	0	0.0764
5	23720899	19963578	20456737	23085439	50726	50726	0	0	0	1755	11445	17147	16780	17450	18650	21924	25189	27439	34015	40490	46995	63175	69238	81313	103709	172645	214892	238269	294219	381537	436072	506080	619624	643418	864558	933057	1145788	1247116	1466595	1409660	2547414	8448427	55769477	9291091	0	0	0	0.1346
6	23399209	20416099	20062747	23323755	75569	75569	0	0	0	413	10187	16264	16036	17184	18874	21748	24984	27405	34117	40127	47283	63615	70523	81530	104959	175227	216475	239533	296400	384186	437457	508185	619542	644661	861262	927325	1145776	1255309	1487595	1445297	2615596	8606123	55444226	9296386	0	0	0	0.1617
7	23814863	19973837	20570567	22895573	22539	22539	0	0	0	600	10927	16845	16657	17839	19567	22704	25831	28659	35386	41948	48621	66180	72296	84601	109304	178187	221160	243900	302706	387897	442168	514464	619261	646780	859650	931410	1146923	1266199	1520044	1499095	2715514	8813885	55026879	9300753	0	0	0	0.1028
8	23365866	20483014	19708606	23719334	559	559	0	0	0	522	10908	16731	16604	17804	19478	22277	26004	28614	35184	41636	49226	66600	72936	84246	110330	178765	222339	247495	304077	392105	443561	515223	621783	645599	859270	931262	1144056	1268312	1538835	1532100	2774299	8945834	54789520	9303285	0	0	0	0.0776
9	23259274	20297029	19918073	23800224	2779	2779	0	0	0	608	10661	16294	16574	17668	19328	22041	25756	28731	35136	42225	49456	66421	72692	84806	111221	179173	222975	247354	305110	388485	441484	513049	615055	644120	853549	924502	1143778	1273979	1553503	1562017	2823055	9052485	54542723	9368586	0	0	0	0.0799
10	23589516	20115685	20200509	23370606	1063	1063	0	0	0	782	11891	17896	17768	19267	20882	24335	27861	30320	37910	44641	52468	70178	76996	89301	116832	185997	230768	253959	313945	395844	448422	520263	619353	650031	857873	928787	1146774	1288136	1586919	1616842	2926847	9244439	53964808	9436981	0	0	0	0.0814
11	23575950	20018429	20144828	23322845	215327	215327	0	0	0	5409	14553	20810	20722	22052	23439	27222	31248	33860	41865	48190	57071	75993	81439	94397	124294	190414	236509	259151	319882	399615	450678	523161	616770	652859	854349	927204	1143994	1292426	1607955	1658906	2999995	9389909	53332335	9483376	0	0	0	0.3345
12	23503140	20278756	20198322	23285780	11381	11381	0	0	0	2141	14004	20493	20753	21841	23522	27292	31580	34247	42014	49446	57989	77430	83065	96369	125086	194128	239614	262790	323258	402380	454444	526302	618616	654501	855916	929151	1147727	1301702	1627149	1694301	3060805	9517998	53165235	9562709	0	0	0	0.0995
13	23652818	20171270	20275949	23177287	55	55	0	0	0	1308	14835	21557	21714	22979	24826	28752	33140	35997	44321	51829	60406	80994	86000	99910	130753	197310	244482	265470	327536	405665	458071	528932	619398	655809	856513	930121	1145600	1308366	1647333	1738389	3143758	9671661	52714500	9659089	0	0	0	0.0886
14	23525659	20184755	20213141	23236308	117516	117516	0	0	0	3486	18502	25706	25593	27470	29193	33663	38423	41352	50740	59204	67889	90353	95126	110574	142254	209687	258638	278674	343947	418568	472192	544490	628795	668623	869157	941584	1162910	1332129	1691401	1812733	3264165	9865480	51896228	9640934	0	0	0	0.2330
15	23412731	20381654	20262806	23210719	9469	9469	0	0	0	7915	20353	28433	28165	29972	31672	36734	41519	43966	54400	63092	71589	95432	99516	115317	147829	213634	262467	283766	349415	422941	475907	547471	631515	674044	869633	945052	1167946	1341508	1706973	1848673	3325002	9970594	51591487	9723978	0	0	0	0.1161
16	23439036	20343608	20370495	23122954	1286	1286	0	0	0	3611	27997	38683	37862	40152	42441	48006	54461	57427	69097	79907	90125	117982	120898	142940	173979	211574	261027	282061	348347	419222	474155	545892	627844	674016	868573	942373	1168023	1349065	1727806	1889628	3399834	10113884	51115573	9711628	0	0	0	0.1237
17	23375313	20321290	20398247	23139346	43183	43183	0	0	0	3931	30698	41453	40829	42934	45248	50850	57961	60420	72725	83856	93452	121934	125372	148006	178229	215755	266367	285773	352673	424196	478262	549178	630419	678637	870151	947615	1173991	1362556	1745075	1919055	3450991	10183406	50765214	9736984	0	0	0	0.1772
18	23215220	20509687	20356198	23061248	135026	135026	0	0	0	5341	32914	44394	43464	45762	47882	54022	60298	63257	76028	87585	97383	126394	128988	152590	184231	219855	273559	291391	358443	427336	483721	555632	630145	683253	875441	948816	1177890	1368850	1764956	1959025	3508802	10282936	50295313	9786456	0	0	0	0.2881
19	23288443	20417512	20485036	22980716	105672	105672	0	0	0	17264	40704	49489	46231	47840	49743	55556	63395	65188	78166	90354	99551	129101	131455	155623	187039	223014	275783	292712	361704	429626	484277	556233	631039	685319	875634	951684	1182580	1377337	1782365	1987322	3557937	10376150	49997975	9836317	0	0	0	0.2668
20	23324936	20393248	20499038	23055453	4704	4704	0	0	0	7190	39185	51769	50476	52745	54875	61434	69329	71235	84532	97449	107040	139645	139844	165612	198519	234944	289323	304728	377018	443506	499263	571709	644767	699861	894112	971647	1205951	1409496	1826386	2058514	3670958	10526619	49443077	9809917	0	0	0	0.1534
21	23248323	20537140	20525929	22964179	1808	1808	0	0	0	7935	40604	52585	51060	53851	55756	62163	70092	72770	86823	99037	108935	142423	142567	169523	201865	237219	293399	308990	382071	448272	502109	577657	648199	706039	898166	974828	1212433	1421021	1845486	2092007	3725518	10633449	49113294	9837425	0	0	0	0.1527
22	23335672	20461112	20626733	22852347	1515	1515	0	0	0	9193	45243	57053	56140	57966	60303	67888	75972	77938	92952	106429	114774	150393	149246	178277	211635	246783	303184	318156	394972	456017	513032	589658	657982	717679	911810	991001	1232490	1448826	1882190	2152807	3820627	10752617	48547932	9826699	0	0	0	0.1622
23	23360913	20414777	20608493	22892878	318	318	0	0	0	10955	49248	61404	60278	62549	64278	71997	81333	82397	98543	112059	122597	158825	156909	187485	222397	257143	315922	329159	409374	467208	525762	602455	667714	735910	928355	1006951	1253357	1477511	1925059	2229980	3951013	10896359	47873567	9821008	0	0	0	0.1702
24	23215296	20613340	20596178	22835401	17164	17164	0	0	0	11628	52524	65252	63555	65838	67803	75664	84645	85849	103395	117154	125864	165369	161638	193666	229025	263441	324015	336318	415734	474423	532602	611297	674796	740365	935749	1017908	1263427	1491566	1945625	2261231	4001701	10961592	47522028	9817528	0	0	0	0.1964
25	23295423	20566478	20689850	22724939	689	689	0	0	0	13908	56300	68907	65988	69360	71036	79325	89233	89760	107451	121398	131656	169054	167030	199850	234215	266714	328790	341762	423672	480909	537971	616683	679678	751073	946877	1026041	1274550	1511289	1970661	2297970	4052217	11046522	47113707	9875133	0	0	0	0.1851
26	23286969	20539511	20663265	22787253	381	381	0	0	0	15070	59485	70822	69077	72265	74073	82925	92627	92693	111473	125382	135490	175444	170934	206336	241358	273897	336916	347423	431443	488763	546496	625899	687633	761181	955934	1039120	1292320	1530603	2000070	2346131	4122366	11129700	46692330	9873319	0	0	0	0.1911
27	23143577	20696023	20685391	22751771	617	617	0	0	0	17794	66995	79084	76880	80321	81726	91243	102162	101882	122159	137305	147616	189921	184919	222908	258787	291372	357650	366356	456595	509575	570453	653386	710777	791775	991001	1074297	1335597	1585589	2068328	2455299	4295604	11277585	45771582	9752239	0	0	0	0.2086
28	23212832	20636483	20761404	22664936	1724	1724	0	0	0	23761	77689	89906	86046	89587	90964	101062	112657	110826	133293	149656	159091	205587	197068	238971	275024	305672	375524	382041	476197	525356	587090	672649	730399	810953	1016409	1101709	1368909	1625465	2122357	2530947	4401000	11357924	45127100	9616766	0	0	0	0.2312
29	23227046	20552547	20725418	22733332	39036	39036	0	0	0	24023	81354	92077	88811	92162	93596	103521	116435	113976	137222	153540	162114	209528	201970	244002	279969	310636	382221	387542	481585	531081	593888	679458	734891	821165	1021739	1105549	1376587	1636343	2132421	2545090	4413713	11422769	44749002	9718363	0	0	0	0.2795
30	23128789	20703299	20747818	22696619	854	854	0	0	0	23533	81542	92369	89359	93308	94077	103980	117090	115365	137923	155140	164650	210478	203945	246221	282102	313766	383231	391118	484904	534674	598492	682243	740573	827371	1030730	1113602	1388922	1652642	2150788	2574814	4459097	11472228	44522549	9743699	0	0	0	0.2369
31	23202931	20623803	20859971	22588837	1837	1837	0	0	0	27970	92385	103503	99156	103213	103572	114453	127920	124762	150588	166903	175778	225696	215766	262359	299674	329113	401011	406491	503776	554377	615256	705565	761072	852176	1056256	1141681	1422526	1693640	2206642	2651248	4558692	11551820	43847681	9622821	0	0	0	0.2593
32	23220469	20570324	20834835	22650565	1186	1186	0	0	0	31036	99970	111031	106223	110883	110681	121877	136692	132705	159717	176566	185925	237788	226085	276162	311766	342326	417209	422143	524172	570366	633350	725877	779137	874463	1083532	1171577	1456236	1735929	2257202	2725958	4673372	11623258	43197979	9527000	0	0	0	0.2744
33	23083248	20693669	20815942	22586748	97772	97772	0	0	0	35899	108225	117884	111950	116148	115249	127330	141211	137393	164352	182573	191192	244191	231382	282608	318091	347004	423079	426698	529611	575237	639959	728970	785022	880664	1091781	1177524	1461840	1744666	2261371	2731517	4668294	11653092	42851770	9575830	0	0	0	0.3980
34	23144011	20664393	20951005	22516721	1249	1249	0	0	0	40719	119771	128474	121765	125518	124679	137171	153046	146455	176131	195363	203461	258874	244418	299286	335172	362747	441798	444530	550789	594600	661534	755223	809118	909876	1121664	1209585	1502121	1792685	2319957	2817886	4785351	11731506	42159940	9494917	0	0	0	0.3090
35	23108120	20667182	20893920	22607272	885	885	0	0	0	39715	123884	133764	126783	131512	130068	144133	159894	154133	184985	205752	213171	272011	255094	314132	349981	378038	461602	462692	571079	613911	682866	781561	832870	939055	1157378	1249747	1547246	1847875	2386504	2908896	4913359	11788103	41524245	9290455	0	0	0	0.3197
36	22993335	20788471	20914461	22571734	9378	9378	0	0	0	47992	144313	152889	144744	148282	146812	162030	179025	170161	205340	225744	232698	297190	275539	341225	377455	403714	489846	489639	608839	646936	714905	816363	868485	976798	1201753	1294671	1602831	1909351	2462934	3001065	5037984	11837781	40614903	9037764	0	0	0	0.3671
37	23043433	20752971	21022154	22457729	1092	1092	0	0	0	53034	158631	167560	157834	161592	159046	174167	193147	182625	219600	241517	247988	315449	292883	361822	398433	422740	515224	512521	633720	672376	742002	848253	901372	1014169	1241853	1340506	1651167	1969692	2526699	3089737	5139735	11864089	39826496	8878608	0	0	0	0.3850
38	23004181	20679290	20973582	22517250	103076	103076	0	0	0	60973	173103	178338	166364	170050	166527	181969	201055	189830	226935	247888	255242	322620	298537	368780	404016	429724	519763	515559	637589	676529	745767	849991	900687	1013521	1244700	1334303	1649670	1966136	2520404	3084240	5127327	11868159	39529984	8948023	0	0	0	0.5222
39	22880768	20827559	20961228	22474043	133781	133781	0	0	0	56718	173207	181937	171249	176052	171303	187741	208972	196667	236465	259453	264484	335490	311033	384013	419189	443919	538116	535937	660113	698324	767078	876505	927768	1044900	1280440	1374837	1697284	2021913	2581569	3167381	5229288	11896197	38911149	8756907	0	0	0	0.5649
40	22984861	20784475	21086536	22419879	1628	1628	0	0	0	64861	189090	195303	183298	186443	181800	197453	218913	205076	245543	268103	273886	346040	319919	395434	429128	453607	548659	543684	670725	709836	776893	887498	936177	1057147	1292497	1382897	1705425	2036981	2597243	3188280	5258136	11927652	38611977	8790147	0	0	0	0.4382
41	22979348	20764059	21059257	22470831	3884	3884	0	0	0	72258	208460	214958	200834	204789	198273	215751	238522	222487	265424	290547	295254	371707	341337	423701	458033	479744	580196	573449	708298	744325	813078	932227	978496	1101821	1345756	1447045	1773805	2111179	2688077	3287632	5372727	11921604	37721676	8470025	0	0	0	0.4786
42	22869869	20885540	21084415	22434975	2580	2580	0	0	0	80771	233224	237391	220796	224785	216635	235511	258440	239103	285866	311820	315356	398013	360213	448743	482598	502123	608602	598635	739116	773756	839345	964708	1013574	1135657	1386037	1485055	1815925	2158634	2736370	3350333	5436790	11898591	36985099	8297184	0	0	0	0.5188
43	22921419	20798867	21155953	22380656	20484	20484	0	0	0	93606	257689	258257	238234	239733	230639	248690	272576	251114	298814	324769	329261	409231	373292	462094	496473	515228	619614	611172	749978	783887	852689	971588	1020602	1148126	1393444	1490405	1826022	2171386	2747334	3360031	5450772	11903158	36517280	8339707	0	0	0	0.5758
44	22861513	20784947	21117839	22432140	80940	80940	0	0	0	95468	269996	270189	249023	250514	241435	260064	286590	262546	311205	339253	340787	426039	386240	479856	513437	529795	639029	630203	772384	805144	871920	999819	1047283	1174854	1424852	1518581	1863202	2211141	2786753	3409982	5500446	11888817	35957365	8182227	0	0	0	0.6674
45	22772191	20935851	21169628	22396178	3531	3531	0	0	0	109820	307561	306250	279962	279673	264920	286266	312548	284842	339080	367161	365960	456560	411903	512363	544323	560181	673932	659828	808834	844038	905431	1039729	1086695	1217160	1475129	1571957	1918170	2271598	2851570	3491807	5583858	11845624	35094382	7944733	0	0	0	0.6400
46	22793762	20911849	21237872	22282234	51662	51662	0	0	0	107207	301601	302541	277566	277148	263813	284165	309481	282508	335947	363164	363637	453006	408272	506831	537713	554833	666249	655564	800489	836334	900361	1029929	1077012	1205083	1461071	1558769	1904517	2258727	2837549	3472897	5561120	11858970	35140094	8071549	0	0	0	0.6876
47	22814842	20839132	21242159	22376319	4927	4927	0	0	0	128054	349753	344001	310178	309159	289055	309819	338983	304181	361876	389267	384938	477716	429973	533393	563801	577065	691935	676922	825627	859689	922445	1051022	1102290	1231995	1488385	1583169	1927629	2287591	2861018	3497739	5585353	11815883	34453125	8009423	0	0	0	0.7037
48	22639224	21066564	21253552	22306754	11285	11285	0	0	0	126249	366240	362475	331808	328883	308748	330025	360122	325936	385396	416235	411905	510704	457272	568447	597255	610019	732298	715285	873997	908467	966664	1107578	1155504	1290025	1552798	1653557	2002023	2368279	2946409	3594292	5665342	11744893	33582143	7608821	0	0	0	0.7471
49	22750988	20968090	21329230	22224424	4647	4647	0	0	0	137081	400111	395102	359259	353371	332928	354154	383285	346234	408020	439782	433405	536020	479911	593130	621958	634560	758073	743469	898588	936762	994684	1137979	1186748	1320658	1591135	1689839	2040744	2406827	2983912	3630981	5677338	11674813	33042259	7349612	0	0	0	0.7932
50	21908669	21257919	21994452	22084404	31935	31935	0	0	0	208074	876265	1000234	899678	871790	799193	847043	899819	802521	921077	1000268	934766	1161030	1002226	1251356	1191995	1243509	1451237	1403921	1634634	1732862	1667829	1933213	1982009	2092362	2376999	2515614	2717602	3033102	3492060	3820478	5093753	9430419	21679382	3277124	0	0	0	1.7814
