#Name	E:\SaveData\2016-10-18_10_33_15_1001160101_R0036_A_CL100007977_BGI12297_WESPE_result\\CL100007977\L02\CL100007977_L02_1_1.fq
#PhredQual	33
#ReadNum	75247801
#row_readLen	50
#col	48
#BaseNum	3762390050
#N_Count	1365962	0.036306
#GC%	46.66
#Q10%	99.04
#Q20%	96.38
#Q30%	88.40
#EstErr%	0.394797
#Pos	A	C	G	T	N	0	1	2	3	4	5	6	7	8	9	10	11	12	13	14	15	16	17	18	19	20	21	22	23	24	25	26	27	28	29	30	31	32	33	34	35	36	37	38	39	40	41	Err%
1	24264508	17139643	17986554	15853214	3882	3882	0	0	0	4760	17109	27044	23443	23630	23118	25326	27485	27794	32875	38249	40112	54476	56748	67447	79709	133061	162287	177863	222525	287908	333140	395713	508630	523431	747235	809148	1015860	1041044	1120600	919282	1699561	6329948	50187566	8059792	0	0	0	0.0960
2	21625230	14823431	18778614	19967124	53402	53402	0	0	0	1713	14817	22158	21272	21794	22560	25357	27798	29694	35524	41474	46234	62777	66397	77551	97497	156429	193102	210306	262876	334186	381143	440825	536131	551913	748102	804974	999368	1082481	1280932	1174837	2165962	7376958	48561829	7317428	0	0	0	0.1605
3	20623671	17365680	16795874	20461543	1033	1033	0	0	0	355	10199	16280	16160	16933	18286	20491	23339	25058	30562	36229	41968	55992	61058	71201	91066	149735	185301	205555	253811	328868	375441	436843	531667	547506	739116	795827	985112	1068479	1261358	1178412	2160697	7358667	48440283	7708913	0	0	0	0.0799
4	20867353	17203523	17015333	20161131	461	461	0	0	0	355	9088	14471	14196	15105	16544	18961	21542	23562	28960	34397	40380	54369	59429	68853	89284	148357	184134	205051	254224	328567	375522	435097	530985	546786	736203	793057	981426	1070356	1271917	1206921	2203491	7447068	48261407	7757275	0	0	0	0.0759
5	20751333	16968909	17435563	20050364	41632	41632	0	0	0	1476	9703	14722	14285	15149	16429	18916	21557	23680	29101	34760	40669	55098	59842	69344	92194	151035	187936	209167	259359	334343	379359	442029	533253	549905	736720	795337	980525	1078691	1300547	1254156	2290570	7620004	47954481	7631827	0	0	0	0.1320
6	20477573	17332961	17134498	20237207	65562	65562	0	0	0	453	9201	14164	13939	14710	16278	18562	21722	24001	29296	34943	40994	56036	61594	71021	94784	153864	191926	212488	263562	337548	384222	443829	535614	551158	740816	794853	984065	1087194	1326199	1295836	2366056	7767773	47633551	7589987	0	0	0	0.1631
7	20810998	16983994	17528085	19905483	19241	19241	0	0	0	593	9587	14996	14684	15622	16882	19640	23019	24874	31335	36687	43665	59468	64297	74132	99096	158457	197870	218344	271193	343739	390272	451755	537616	558559	741902	802273	988764	1102442	1359116	1351686	2473774	7966223	47217788	7548210	0	0	0	0.1039
8	20442369	17396095	16833498	20575355	484	484	0	0	0	522	9724	14697	15056	15874	17290	20160	23070	25682	31959	37561	44739	60823	65500	75602	102404	162282	202329	222538	275797	348505	393713	456634	539662	562668	745319	804564	992096	1111228	1380650	1394920	2544875	8102899	46939631	7506344	0	0	0	0.0799
9	20324324	17274396	16998359	20648288	2434	2434	0	0	0	598	9691	14485	14557	15960	17406	20382	23452	25715	32361	37949	45064	61886	67057	76963	104532	164300	204323	224581	278465	350013	396472	458928	539699	563915	743621	805450	993432	1118298	1405284	1425541	2604533	8212129	46683138	7505187	0	0	0	0.0827
10	20600653	17104246	17232165	20309777	960	960	0	0	0	775	10885	16093	16370	17764	18912	22333	25471	28156	35147	41633	48881	66779	71176	82625	111269	171384	212954	231381	288039	356842	405084	468356	545805	572802	750865	813524	1005320	1137666	1439694	1488262	2706202	8384209	46131259	7522924	0	0	0	0.0853
11	20584369	17027933	17197965	20259594	177940	177940	0	0	0	4842	13379	18828	18734	20253	21450	25382	28688	31151	39079	45408	53433	72419	76787	88235	119532	177668	221475	238611	296389	363337	411624	474180	548647	578460	755802	819280	1009749	1147167	1463023	1536699	2789852	8514335	45514339	7531624	0	0	0	0.3288
12	20506910	17253107	17252741	20226004	9039	9039	0	0	0	2158	13514	18789	18821	20356	22095	25846	29766	32110	39899	46734	54825	74824	78165	90893	121866	182436	227007	243633	304025	367651	416771	479447	553459	583411	761536	824078	1017474	1162379	1491845	1579403	2859344	8636780	45298664	7558758	0	0	0	0.1041
13	20626064	17149738	17308143	20160221	3635	3635	0	0	0	5870	14357	20481	20755	22151	24166	28468	32342	34437	43564	50735	58949	79731	83425	96804	129294	188091	233785	249158	311832	374611	423337	487164	555740	589200	766438	829370	1022564	1173496	1514072	1628748	2951390	8770706	44828738	7600197	0	0	0	0.1035
14	20537989	17156237	17253558	20201305	98712	98712	0	0	0	3606	18233	24647	24465	26222	28158	33171	37367	39977	49742	57727	66823	89400	92390	108226	141353	201777	249149	263334	328380	387453	437792	503212	567883	606926	783160	849216	1043374	1202547	1562503	1704363	3071694	8935419	44050496	7558904	0	0	0	0.2388
15	20397016	17305319	17279212	20233363	32891	32891	0	0	0	34523	21705	30624	29150	30836	33130	39610	43205	45017	57230	63566	73741	98279	100425	115198	150235	209414	258761	270872	338356	396991	444762	511891	575208	614191	790493	856324	1052761	1214998	1584265	1742592	3132796	9023105	43650995	7579661	0	0	0	0.1784
16	20468598	17283312	17393733	20101133	1025	1025	0	0	0	4568	28366	37282	37152	39810	41925	47642	54293	56645	69206	79729	89020	117954	118740	140705	173659	206745	256662	269673	337372	395151	444559	511301	573400	616656	792783	860119	1059224	1230531	1609000	1794113	3206689	9158579	43218715	7568808	0	0	0	0.1383
17	20432152	17257972	17424550	20097956	35171	35171	0	0	0	5180	30777	40660	40812	42987	45073	51360	58471	60223	73627	84593	93152	124165	123765	146918	180477	212515	262981	275197	343716	400569	450219	517533	577201	622720	797845	866968	1070819	1244516	1632711	1824359	3263159	9229719	42861265	7556378	0	0	0	0.1912
18	20274269	17437374	17379782	20040061	116315	116315	0	0	0	7012	34284	43804	43124	46149	48394	54349	61467	63723	77675	89194	98294	129581	129158	153603	187301	218559	270583	282016	352133	405761	457454	525702	581020	631267	805093	873583	1080011	1259853	1657547	1862045	3322972	9318952	42371594	7588229	0	0	0	0.3071
19	20317679	17381588	17484338	19969477	94719	94719	0	0	0	18040	41738	49124	45977	49089	50658	57431	64638	66573	80370	91823	101262	133880	132411	157947	191283	222371	275551	285632	358190	409991	461012	529974	584991	635747	810303	880419	1086600	1270970	1674122	1894120	3371057	9397353	42062364	7610071	0	0	0	0.2930
20	20374149	17360476	17484103	20025359	3714	3714	0	0	0	9512	41524	52112	51767	54597	56788	63270	71760	73228	89144	101169	109688	145024	141772	170294	204563	235132	290625	298163	375900	424321	475469	547676	599381	655524	832178	902207	1114376	1305785	1723298	1963850	3478198	9521555	41490765	7573472	0	0	0	0.1777
21	20270883	17484250	17524985	19966234	1449	1449	0	0	0	10653	43773	54148	53297	56176	58404	65961	74180	75582	91803	104379	113185	150073	145834	175256	210762	239737	296365	304526	381861	428433	481759	552665	605062	664014	840287	911394	1126580	1320729	1742166	1999912	3535137	9609907	41146010	7576342	0	0	0	0.1801
22	20349792	17425382	17617030	19854205	1392	1392	0	0	0	12449	48755	59455	58089	61567	63034	70987	80848	81106	99374	111817	120241	158915	153492	185710	220797	250030	310211	314594	396748	441795	494244	568708	618550	678089	857339	930995	1148511	1347223	1783378	2059613	3618863	9711166	40577876	7551840	0	0	0	0.1927
23	20379197	17385869	17598757	19883603	375	375	0	0	0	14750	53411	63968	63001	66591	68498	77925	86529	86737	106703	119816	128159	169209	161275	197846	232900	260781	322423	326274	412248	454562	509237	584048	629839	695568	877395	949562	1174003	1379550	1823560	2129892	3732469	9818267	39924246	7546184	0	0	0	0.2043
24	20268125	17532461	17591208	19841870	14137	14137	0	0	0	16206	57492	67980	66259	70133	71733	80858	91726	91553	110779	124890	132944	175874	167807	204823	241333	269128	332241	333234	421409	461762	517268	593917	638776	706494	886632	961040	1186525	1397713	1850013	2164018	3777750	9867655	39566146	7529553	0	0	0	0.2319
25	20326659	17482388	17669441	19768453	860	860	0	0	0	18997	62286	72338	70310	74231	75732	85409	96829	95859	116472	131385	139500	182337	173658	211808	248203	275310	338972	341103	430895	468876	524978	603463	645763	718544	899945	974075	1203527	1417482	1874781	2199337	3825876	9935101	39152696	7560863	0	0	0	0.2254
26	20331176	17442464	17671775	19801986	400	400	0	0	0	19916	66389	75926	74140	77862	79246	89899	101550	100082	121947	136244	144081	188993	180118	220352	255099	282243	348184	348166	439780	477126	535414	612865	655093	729910	912713	988312	1222817	1441504	1905189	2243865	3892233	10002404	38735643	7542096	0	0	0	0.2341
27	20203444	17570367	17687730	19785621	639	639	0	0	0	24164	75487	84626	82292	86996	88272	99041	111429	109288	133773	149086	156484	205750	193210	237442	272684	299898	371379	367580	465390	499034	558626	638857	678000	759128	945863	1024456	1264220	1492970	1968959	2340025	4031824	10102707	37874791	7453431	0	0	0	0.2569
28	20264069	17508754	17744257	19721642	9079	9079	0	0	0	39414	86887	96665	93129	98134	98443	110500	124649	119918	146001	162506	170286	222861	206935	255653	291257	316403	388689	382723	487116	516524	576663	660438	698864	779584	972389	1050979	1294227	1529364	2013319	2398217	4113504	10150444	37241035	7345002	0	0	0	0.3005
29	20283487	17462252	17711606	19757230	33226	33226	0	0	0	31852	91082	99911	95562	101120	101744	114065	128348	123616	150961	167293	174935	226743	212578	262297	297865	320151	394767	391090	493782	523328	586356	668665	705842	792198	981398	1057579	1305793	1541310	2022573	2414073	4127781	10199328	36899055	7409534	0	0	0	0.3362
30	20185609	17588727	17742651	19729901	913	913	0	0	0	31988	92649	100717	97519	102355	102760	115317	130130	124309	153008	169699	177207	229632	214674	265229	300929	326185	398884	393993	498804	527950	591112	674088	710918	799604	990576	1067129	1320198	1558953	2046023	2444907	4165246	10238760	36656215	7429221	0	0	0	0.2965
31	20257158	17517708	17839221	19632021	1693	1693	0	0	0	37530	104924	112490	108180	113254	113115	126428	141382	134314	165280	183638	189302	246389	227347	282217	316835	340897	417660	409385	519847	546624	609007	696933	732900	821007	1019376	1093584	1350804	1595717	2092285	2502625	4246569	10287645	36031677	7328941	0	0	0	0.3246
32	20254637	17496912	17810613	19684427	1212	1212	0	0	0	41591	113643	121334	115335	121577	121325	134637	150886	144314	174726	193976	199975	259472	239443	296982	332504	353655	437015	426169	538295	564571	627737	716522	752450	844170	1043153	1122296	1381600	1632140	2136281	2565815	4330134	10329529	35425648	7257689	0	0	0	0.3447
33	20141532	17588538	17812636	19621269	83826	83826	0	0	0	47293	124052	129365	123378	128831	127499	141189	158291	149170	181775	201295	206249	266436	245151	305309	339980	360783	441413	431340	545790	568843	634138	723236	756971	855118	1051532	1128163	1388706	1640970	2144657	2571940	4337263	10340357	35088020	7279472	0	0	0	0.4734
34	20207210	17561990	17911074	19566189	1338	1338	0	0	0	53632	136992	141780	134015	138986	136843	152574	170408	159741	195717	213636	218567	283060	258984	322726	356315	376212	460971	448783	568416	589161	654876	748108	781257	879182	1081237	1158908	1427793	1682978	2195706	2644509	4419690	10381014	34459956	7213730	0	0	0	0.3918
35	20170928	17571518	17865195	19639157	1003	1003	0	0	0	52970	142079	147406	140054	146248	143822	160040	178708	168090	205460	223976	228937	296113	270217	338328	373192	391800	479053	465125	590911	610322	672805	772095	803313	905482	1114167	1195589	1468535	1729788	2248324	2717481	4521683	10411841	33869401	7063443	0	0	0	0.4061
36	20085659	17673909	17883479	19596443	8311	8311	0	0	0	63577	164454	168786	157733	163792	161196	178108	198469	184725	224649	247498	248296	322425	289539	365266	398488	414863	508564	490245	622340	637986	703519	807279	835865	940124	1154686	1235730	1514879	1783184	2308743	2792766	4609749	10420063	33053260	6868644	0	0	0	0.4625
37	20134556	17628986	17976634	19506249	1376	1376	0	0	0	70333	181646	183599	173026	178112	173794	192209	213058	197566	240736	262832	264532	340983	307861	386048	418844	435622	532423	512153	646942	662917	726427	833337	864491	973992	1189543	1271452	1555957	1827570	2358790	2859564	4685271	10414253	32361292	6749250	0	0	0	0.4886
38	20091801	17575557	17928121	19561862	90460	90460	0	0	0	79588	196551	196888	183033	188026	182500	200077	222186	205080	249160	270323	270574	349622	314685	394873	426381	440475	537553	516534	653125	667273	732813	838782	868304	975114	1192747	1269029	1555351	1832605	2353627	2850565	4664265	10405684	32078133	6795815	0	0	0	0.6336
39	19998868	17699872	17926342	19509745	112974	112974	0	0	0	75399	198293	200186	188168	194278	188411	208135	230208	213019	258066	282252	282426	361745	326694	410162	442048	453877	555715	534597	674336	686585	751310	864340	892764	1001418	1223624	1308128	1592332	1877369	2405204	2913709	4746070	10407316	31531471	6655172	0	0	0	0.6735
40	20072137	17648735	18047660	19477295	1974	1974	0	0	0	86093	217133	216286	201126	205748	199275	218474	242465	221950	269238	291981	292114	373950	335427	422046	452702	466067	565893	545017	685461	697836	762996	871350	900738	1013063	1236750	1315934	1606432	1887675	2417036	2930148	4761619	10416222	31243260	6676322	0	0	0	0.5594
41	20086908	17631859	18018879	19506269	3886	3886	0	0	0	95093	239444	236880	220369	225308	216897	238185	262386	238722	290176	315142	312181	400778	356118	450345	478629	491126	596573	571635	721846	729902	794668	912285	938120	1054044	1281459	1364881	1660591	1947034	2485650	3003035	4837417	10382660	30458179	6436157	0	0	0	0.6090
42	19939562	17728349	18022548	19534691	22651	22651	0	0	0	126388	266818	263284	243172	247524	236136	259127	285424	256661	312839	336752	332157	425255	375311	474744	504590	513089	623604	594610	748786	756895	818159	940860	967803	1079919	1313847	1394822	1692788	1983637	2518689	3044174	4869871	10319555	29805243	6292617	0	0	0	0.6987
43	20008716	17681848	18108831	19430892	17514	17514	0	0	0	121235	293370	284647	260837	262406	248990	272022	297629	268034	323990	350182	342927	437086	385133	487669	514812	521765	634802	603400	758352	765726	831248	947746	974535	1088990	1323052	1399611	1698591	1993901	2526476	3054236	4881445	10321699	29415300	6338443	0	0	0	0.7249
44	19970434	17669297	18073526	19464899	69645	69645	0	0	0	124427	306823	297464	272856	275486	260551	282946	309816	280559	337130	363537	357061	453114	399253	505728	530900	537719	652450	622115	778943	787958	847101	970279	996912	1109941	1348688	1426567	1726136	2021287	2558796	3090277	4911060	10286444	28928175	6219657	0	0	0	0.8222
45	19913541	17808912	18107224	19413820	4304	4304	0	0	0	142008	346703	333492	304385	305278	285545	308999	339457	301529	362979	392286	380266	482563	422315	534491	560383	562266	681442	648501	812348	816502	876197	1004695	1031824	1146153	1388762	1468948	1770748	2066635	2602854	3147371	4955330	10218899	28201417	6039926	0	0	0	0.8092
46	19922072	17772802	18172758	19336327	43842	43842	0	0	0	137850	343765	330298	301066	303041	284142	307114	336375	300458	360173	388431	378128	478950	419926	532215	556149	561197	676551	645851	807402	812030	870667	996503	1023450	1138815	1380980	1456287	1762764	2057617	2594061	3133579	4946098	10234523	28210490	6137013	0	0	0	0.8540
47	19953350	17723721	18175525	19389193	6012	6012	0	0	0	165097	395155	376234	337448	335118	310522	336274	364271	321400	384162	413152	399126	504690	438318	557847	579680	579115	701187	663904	827514	834481	892646	1017097	1046061	1158187	1397802	1473131	1780674	2075503	2606687	3145499	4947782	10175353	27623549	6077123	0	0	0	0.8916
48	19790483	17915599	18197655	19333098	10966	10966	0	0	0	163085	412112	395530	356637	355381	329386	356088	386048	340793	410272	437958	422641	533194	463647	587788	609671	608303	734430	696551	867035	870961	926984	1063333	1088389	1204156	1452690	1530577	1836381	2142585	2671498	3212972	5003923	10079805	26902278	5783753	0	0	0	0.9386
49	19892025	17812407	18259095	19278757	5517	5517	0	0	0	175404	446186	426981	384451	380584	352884	377888	409531	361305	429581	458502	444181	555799	483731	612172	630711	629004	757026	720910	890166	896300	951328	1088785	1113725	1231280	1482435	1558365	1866363	2169899	2697053	3233241	5003879	10005578	26428843	5588213	0	0	0	0.9931
50	19180059	18069283	18772135	19173588	52736	52736	0	0	0	282854	892768	980318	865012	843329	742593	810828	862949	727935	879375	942479	842794	1092332	889207	1160443	1105930	1101040	1319658	1227751	1484293	1531665	1445564	1716240	1736530	1786284	2078267	2175232	2355119	2595313	3039029	3300749	4404527	8030756	17478513	2467389	0	0	0	2.0616
