#Name	E:\SaveData\2016-10-18_15_18_08_1001160117_R0024_A_CL100007988_BGI12070_WESPE_result\\CL100007988\L02\CL100007988_L02_16_1.fq
#PhredQual	33
#ReadNum	79459528
#row_readLen	50
#col	48
#BaseNum	3972976400
#N_Count	3565468	0.089743
#GC%	43.46
#Q10%	99.41
#Q20%	97.27
#Q30%	89.22
#EstErr%	0.324624
#Pos	A	C	G	T	N	0	1	2	3	4	5	6	7	8	9	10	11	12	13	14	15	16	17	18	19	20	21	22	23	24	25	26	27	28	29	30	31	32	33	34	35	36	37	38	39	40	41	Err%
1	27200394	16522154	17696030	18013920	27030	27030	0	0	0	4949	25324	40173	35712	35986	34084	38063	40424	39399	48212	53636	57888	79742	81150	92875	123092	195437	243786	264454	339552	442941	506656	573414	685170	629556	825099	802975	883256	878184	1108944	1299571	2544654	7063744	55486990	3827406	0	0	0	0.1505
2	24259539	14180890	18594369	22337337	87393	87393	0	0	0	8377	37716	46105	41125	40343	39388	42615	46008	46268	56613	63422	71563	98166	98648	112285	158529	234918	289716	308259	393211	479619	540071	608839	698038	667026	878902	892661	1017357	1081065	1421099	1677224	3178781	8256864	51737191	4004123	0	0	0	0.2461
3	23046545	16616981	16922343	22764912	108747	108747	0	0	0	2955	21438	27932	26158	26137	26660	30014	32661	34316	44118	50391	59294	84138	87101	98005	145143	222960	277710	300700	380610	475501	534526	603212	697280	661189	870320	878590	995622	1047997	1363621	1599571	3043025	8066931	52430898	4104057	0	0	0	0.2418
4	23324600	16535158	17221050	22377379	1341	1341	0	0	0	610	11949	18638	18806	19488	20904	24298	27295	29695	39291	44948	54887	77668	82391	91374	140929	216634	271269	294727	375117	471220	528703	596079	688550	655457	859178	869120	991880	1047355	1369154	1611253	3067826	8141251	52509924	4190319	0	0	0	0.0915
5	23251556	16338842	17733605	22126302	9223	9223	0	0	0	1310	11508	17128	17337	18070	19739	23195	26271	29058	38294	43896	54182	76750	81519	90562	140649	216225	270346	294278	372629	467710	525737	592331	684532	652580	859556	873785	1003966	1072815	1402533	1659012	3151578	8295623	52119078	4246523	0	0	0	0.0998
6	23125774	16654798	17283888	22359875	35193	35193	0	0	0	4017	13898	19873	18837	19393	20742	24904	27407	29253	39638	44075	54920	77915	82010	90499	141909	216961	271820	294313	375547	465626	523656	590470	677638	652664	858370	872166	1006384	1081248	1427511	1688103	3209231	8405349	51884015	4213973	0	0	0	0.1370
7	23384089	16346551	17683277	22007805	37806	37806	0	0	0	716	11247	15964	15753	16870	18212	21697	25132	27628	36838	42574	52926	76594	80139	89373	142095	215006	271215	292736	374110	463985	521058	588804	674335	650256	857732	878597	1014993	1096340	1452614	1721124	3269787	8514637	51638152	4252483	0	0	0	0.1334
8	23036719	16689061	16964803	22715655	53290	53290	0	0	0	2630	11547	15579	15282	16001	17178	21172	24039	26692	36199	41653	52423	75422	79938	88867	142340	215750	270935	292214	374811	461445	520700	587498	668657	648040	852912	878297	1019372	1108098	1477994	1747853	3322620	8628226	51346955	4316899	0	0	0	0.1530
9	22904509	16642774	16989813	22882995	39437	39437	0	0	0	911	10064	14392	14272	15775	16925	20911	23913	26495	36494	41370	52001	76430	80325	89276	142901	216095	271995	292196	374457	457149	517113	584160	662838	644210	852059	875370	1018247	1110073	1490461	1765266	3360851	8700852	51272434	4291810	0	0	0	0.1334
10	23190334	16490836	17168536	22531442	78380	78380	0	0	0	1043	9712	13657	13797	15102	16929	20721	24112	26466	37189	42637	53268	78056	81262	91887	146489	217973	274107	293269	378253	457737	517842	584490	659968	650444	855438	887688	1035290	1134489	1523787	1809949	3434919	8816390	50829971	4346817	0	0	0	0.1823
11	23163680	16438257	17125359	22435155	297077	297077	0	0	0	2661	14425	17314	16854	17684	19549	23637	27342	29065	40252	46028	56867	83680	85280	98224	152690	224438	282477	297041	387289	459502	518748	590606	660974	654053	860882	896995	1054770	1163466	1574464	1876638	3534981	8964895	50050724	4377956	0	0	0	0.4653
12	23155361	16664261	17187902	22448680	3324	3324	0	0	0	2091	10128	14345	14798	16328	18309	22959	27111	29443	41018	47193	58130	86036	87268	100394	156819	228649	288332	301885	392027	463059	522917	595786	660781	661662	868091	907115	1068157	1185530	1607381	1919629	3607410	9091846	49930383	4423194	0	0	0	0.0924
13	23234086	16591610	17232105	22397035	4692	4692	0	0	0	1810	10852	15363	15909	17644	19829	24644	28970	31053	43945	50448	61010	90505	90688	104962	160911	231282	292952	304120	396183	464881	526959	598269	663521	664547	873503	915051	1077925	1199755	1635349	1952318	3663393	9184406	49585573	4456306	0	0	0	0.0970
14	23070673	16588099	17178405	22372336	250015	250015	0	0	0	3250	13346	17323	17802	19303	21241	26535	30672	32750	45958	52466	63340	93940	93129	109652	165537	235725	297451	308495	402912	466863	527881	600458	662315	667943	876872	919421	1086036	1209452	1653002	1971756	3694108	9221641	49172758	4428180	0	0	0	0.4104
15	23050497	16766967	17258023	22381453	2588	2588	0	0	0	3082	13036	17708	18501	20465	22838	28732	33719	35849	49537	56917	67456	99809	98246	116177	171939	241626	306630	315074	411715	472424	534225	610297	669610	677438	889614	937775	1112493	1250837	1710469	2050718	3821591	9413084	48663122	4514187	0	0	0	0.1022
16	23065739	16733115	17326178	22333226	1270	1270	0	0	0	3779	19956	27381	28050	30964	33289	40615	47068	49052	66636	76770	86781	126638	121881	147537	203228	244134	308005	314620	415436	472078	535524	612250	668536	683804	894917	947641	1124938	1270465	1741631	2096078	3883512	9504681	48114780	4515603	0	0	0	0.1222
17	22975697	16723361	17324955	22275593	159922	159922	0	0	0	5525	23255	29763	29932	32364	34705	41697	48163	50450	66976	77066	87467	128366	122783	147920	203932	245911	309311	314680	415517	470668	533282	609366	663018	680190	892829	942873	1121618	1261195	1736932	2083802	3874961	9497550	48010551	4504988	0	0	0	0.3262
18	22853389	16914355	17332034	22253353	106397	106397	0	0	0	5388	23784	31084	31500	34710	36997	44592	51905	53663	72401	83200	92923	136161	128870	156687	213076	253182	320219	321496	426822	478308	542843	619950	670475	693756	908065	962700	1147717	1297034	1790242	2151257	3970719	9631235	47423503	4546667	0	0	0	0.2638
19	22865200	16840047	17395191	22166359	192731	192731	0	0	0	6944	27959	35719	35342	39060	41653	49553	57271	58398	78116	88922	98266	143666	133782	163936	221002	261342	329567	329987	437445	484317	548231	630266	676662	702630	918494	976126	1165673	1324275	1823304	2196168	4036588	9709683	46892639	4543811	0	0	0	0.3825
20	22911156	16875341	17441587	22225426	6018	6018	0	0	0	8203	27126	35511	36166	39892	42685	51530	58895	60093	81021	92419	101450	149055	137115	169513	226523	266458	335983	335212	445592	489774	556533	636642	681183	710907	926598	986867	1177313	1338550	1848027	2219656	4081763	9777518	46757970	4563767	0	0	0	0.1501
21	22840361	16984084	17491394	22140642	3047	3047	0	0	0	8792	34521	42876	43151	47200	49408	58545	67373	67996	90091	103241	110866	161694	149375	186783	241980	279845	353262	347626	463338	504441	570652	656793	696175	735834	956066	1017187	1220020	1388529	1915278	2309853	4198119	9925775	45842517	4611279	0	0	0	0.1623
22	22877586	16957727	17546083	22071003	7129	7129	0	0	0	11555	35108	44656	45109	49632	51943	61519	71458	71893	95259	107886	116405	170006	154602	194049	251158	287108	362434	355880	475577	510200	579792	666365	704619	747329	968424	1037156	1241462	1417269	1950787	2352956	4256464	9995454	45398660	4612225	0	0	0	0.1741
23	22900610	16913606	17545763	22059355	40194	40194	0	0	0	10063	35977	44941	45835	50542	53923	63667	73702	74131	98015	112240	119627	175557	158402	199674	255890	293678	370568	361324	483708	514796	586833	674837	710915	756131	981499	1049518	1256507	1432055	1981153	2385890	4310091	10057950	45028429	4611266	0	0	0	0.2182
24	22773572	17064805	17543326	22037670	40155	40155	0	0	0	12090	38094	47547	48058	53127	56308	67288	77582	78141	102740	117662	125198	182238	164551	208057	264041	301117	380977	370014	494221	525136	595874	688081	717380	768433	994731	1069687	1280125	1464267	2016520	2436918	4381042	10135036	44515772	4641320	0	0	0	0.2255
25	22828839	17012943	17595728	21943114	78904	78904	0	0	0	14994	50317	57635	56843	61205	64192	74969	86866	85292	111882	127025	134587	194810	175273	222113	276649	313028	394780	380983	510137	536652	610273	703310	733755	787940	1020216	1092872	1312864	1505031	2069355	2495810	4447997	10210292	43806112	4654565	0	0	0	0.2946
26	22808509	16975640	17610207	21974708	90464	90464	0	0	0	17615	46696	55929	56551	61757	64998	77415	88773	87914	115150	130956	137677	199901	178926	226719	282481	318474	401244	385521	519595	541536	615761	709597	738364	797815	1025035	1101719	1320287	1515282	2086975	2521184	4488777	10247349	43532134	4672957	0	0	0	0.3107
27	22687037	17091866	17607638	21934959	138028	138028	0	0	0	28394	59322	64383	62860	67575	70012	83393	95027	93495	122680	139280	145032	211194	186552	238459	294271	329393	414496	396592	533126	551586	628151	725046	747491	812951	1045030	1122039	1346682	1544118	2126900	2561260	4542903	10307083	42936455	4688269	0	0	0	0.3918
28	22801045	17071270	17671129	21872727	43357	43357	0	0	0	19552	57353	65625	65639	71644	75111	87892	100890	98763	129213	145832	151728	220226	193443	248716	302346	337214	425416	403959	546109	561083	640677	737726	758813	830237	1063840	1142874	1370849	1575260	2164352	2610019	4603122	10372914	42539441	4698293	0	0	0	0.2742
29	22647783	16929661	17559663	21783483	538938	538938	0	0	0	21596	61913	70143	69899	76491	79268	92983	105762	103183	134973	152737	157151	227679	199979	258262	312593	345346	435968	411716	557540	567864	645710	747215	768261	838018	1073662	1152941	1383490	1590001	2182872	2627439	4617981	10349263	41849660	4651031	0	0	0	0.9084
30	22650765	17114571	17670798	21872074	151320	151320	0	0	0	20770	58761	67684	68418	76452	78907	92906	107655	105363	137839	156987	161087	233524	204921	265485	319287	352390	444359	418681	567942	575032	656322	760081	776126	853047	1088386	1170626	1403966	1614182	2214747	2669447	4677913	10442281	41775656	4690978	0	0	0	0.4198
31	22748476	17075856	17771554	21806624	57018	57018	0	0	0	25742	67826	76423	77472	84526	87431	103132	117483	114552	149316	168903	172116	248793	216510	281744	334428	366498	462047	433320	590031	592441	673886	779438	796016	874746	1117046	1200637	1440014	1651588	2262037	2727150	4746663	10500774	41171013	4690768	0	0	0	0.3223
32	22747213	17092695	17760808	21856510	2302	2302	0	0	0	25858	68963	78977	79777	88257	92477	107811	124142	120217	155970	176165	179795	259044	224777	293310	344814	378402	473772	443988	601098	605760	686371	793932	808712	891682	1137003	1220015	1463236	1683536	2297603	2769043	4798341	10552856	40711859	4719663	0	0	0	0.2613
33	22618118	17168471	17741122	21796775	135042	135042	0	0	0	33108	82516	91321	89486	97820	100745	117313	134193	129421	166323	186825	188644	271988	235821	307176	359201	390273	489313	456599	619527	618117	703311	812402	824238	912756	1156522	1241899	1491010	1715685	2333830	2813180	4846218	10562999	40016649	4728057	0	0	0	0.4534
34	22682239	17156665	17827081	21781020	12523	12523	0	0	0	38357	88803	97670	97187	106888	109196	128002	146070	140011	180249	202296	204409	290486	252475	327177	378475	408371	512655	477208	647614	639667	727083	841133	850342	941886	1192519	1279145	1530159	1764146	2387594	2878223	4921315	10632381	39294933	4732880	0	0	0	0.3202
35	22644014	17172166	17806227	21819641	17480	17480	0	0	0	40613	86406	96438	96170	105493	108948	128025	146005	140750	181496	203017	204565	293358	254049	329459	382059	412532	517120	477109	649236	639307	729031	842411	849715	945863	1195015	1284861	1538698	1770042	2400498	2889727	4944010	10652876	39159348	4747798	0	0	0	0.3262
36	22590134	17240416	17801253	21772056	55669	55669	0	0	0	35833	89308	98214	99030	109150	111782	131059	150358	143200	185187	208052	208646	299064	256853	336984	387525	416633	522175	483336	657896	644429	734218	851886	857520	954505	1204335	1292491	1547370	1779316	2420000	2908540	4961868	10666829	38872459	4777808	0	0	0	0.3779
37	22635178	17218590	17896685	21703248	5827	5827	0	0	0	37512	92096	100970	101599	112046	115158	135027	154733	148437	189867	213826	213962	307134	263991	344817	394815	424503	530407	489404	667996	653673	744491	863955	864418	965717	1218257	1309726	1566075	1796712	2437496	2933702	4988285	10678067	38620997	4773830	0	0	0	0.3231
38	22592349	17197592	17855871	21724040	89676	89676	0	0	0	42765	100687	108710	109797	119930	122467	143031	163928	155703	199850	223268	222122	318890	272522	357586	407403	433083	545667	500484	681548	664943	756583	876582	877895	982626	1235396	1326043	1586333	1820355	2462627	2960524	5018843	10679375	38117767	4774519	0	0	0	0.4476
39	22554781	17297135	17873015	21731844	2753	2753	0	0	0	43511	102813	111700	111799	123691	126360	147255	169468	161178	207222	230224	230495	327973	280557	368602	417640	444028	554822	509751	696181	677078	770221	890522	890014	996098	1252853	1343838	1607397	1845349	2491527	2994462	5055588	10710847	37777711	4788000	0	0	0	0.3464
40	22587929	17258705	17937602	21672284	3008	3008	0	0	0	46164	108858	117544	117550	129169	131336	153769	175508	166405	213520	238714	237298	336555	287514	379631	426490	452833	566941	518326	706207	686560	780631	901623	901925	1011694	1268245	1357439	1625663	1867425	2520149	3021510	5082782	10725268	37416014	4779260	0	0	0	0.3600
41	22544917	17205238	17881236	21642136	186001	186001	0	0	0	53410	125142	131974	129949	141893	142769	165104	188006	177476	226148	251826	249915	353111	299815	395644	442128	464602	583075	534710	724765	700313	795333	919926	920507	1030541	1289382	1379820	1649262	1894574	2543565	3049676	5099711	10697217	36745228	4777010	0	0	0	0.6201
42	22501028	17342807	17930508	21679376	5809	5809	0	0	0	53668	124404	132520	131822	143525	146102	169891	194167	183291	233227	260206	257006	361710	309914	408324	453647	476540	597242	544788	740633	713671	809084	936019	934481	1046672	1309217	1400173	1676996	1924023	2573514	3090968	5146444	10736402	36446469	4786959	0	0	0	0.3993
43	22496822	17275417	17959204	21622271	105814	105814	0	0	0	57916	130514	138203	137329	151089	152813	177367	201505	189382	242937	269371	265296	372597	316784	419166	463519	487082	610180	555309	754697	726727	822628	949033	946243	1063456	1327459	1415028	1695310	1939376	2593517	3109663	5170118	10723477	35995971	4782652	0	0	0	0.5405
44	22494229	17296399	17979609	21687025	2266	2266	0	0	0	62644	140088	146936	145221	158695	160671	185766	211981	197991	252470	279640	275488	387130	327691	434060	477735	499038	623583	566979	771300	740429	837318	965491	964124	1078663	1348610	1436378	1715389	1967516	2620790	3141874	5198151	10739409	35605775	4792238	0	0	0	0.4303
45	22424268	17403448	17961212	21662836	7764	7764	0	0	0	68056	150342	156436	154344	167701	168426	195051	222978	206867	263151	291536	287345	401315	340004	448910	491448	512388	641172	580673	789203	754344	852270	985275	977066	1098630	1368660	1460512	1737310	1991929	2651057	3172499	5225208	10733010	35113086	4793562	0	0	0	0.4591
46	22451937	17380314	18057307	21550845	19125	19125	0	0	0	70956	160507	164835	162584	177279	177385	205097	233124	216970	274677	305140	297587	416858	352442	465189	507834	526107	656067	593658	807660	769341	868120	1005637	995591	1120408	1392036	1483338	1766035	2018034	2681035	3210794	5266507	10713040	34610163	4768368	0	0	0	0.4941
47	22448407	17386188	18017130	21603578	4225	4225	0	0	0	79667	172038	175948	172287	186280	186339	213816	243786	224979	285775	314924	308557	427386	361512	478521	519726	536590	670539	607613	821901	782201	881571	1018285	1007999	1132723	1405748	1494810	1783411	2039999	2700485	3226329	5276408	10711149	34224612	4781389	0	0	0	0.4996
48	22359581	17482780	18028277	21586733	2157	2157	0	0	0	78948	175493	179144	175118	190543	190348	218054	248605	228269	291651	321263	313445	433502	368378	486020	525096	544007	679579	613316	828101	790724	890540	1027323	1018899	1145477	1416098	1506835	1797567	2055374	2709551	3242265	5283893	10697045	33998293	4788607	0	0	0	0.5044
49	22483355	17412053	18020649	21485963	57508	57508	0	0	0	85765	187679	190228	184793	199491	199469	226628	257026	237126	301574	329712	321477	443992	376994	497048	536891	552457	687332	622822	841983	799726	899414	1037970	1028273	1157682	1429104	1517002	1809359	2066275	2724421	3256576	5289495	10673488	33662809	4769939	0	0	0	0.5970
50	22400118	17350356	18011018	21537945	160091	160091	0	0	0	99760	214071	217780	210311	226318	221777	255375	289911	261345	335897	367362	350652	492879	402104	548154	577811	592931	732842	659918	901914	844451	941637	1094457	1088247	1209087	1503290	1591898	1890713	2166295	2836608	3404028	5455412	10649296	31834173	4830733	0	0	0	0.7881
