#Name	E:\SaveData\2016-10-18_15_18_08_1001160117_R0024_A_CL100007988_BGI12070_WESPE_result\\CL100007988\L02\CL100007988_L02_9_1.fq
#PhredQual	33
#ReadNum	89620627
#row_readLen	50
#col	48
#BaseNum	4481031350
#N_Count	4314098	0.096275
#GC%	45.07
#Q10%	99.45
#Q20%	97.72
#Q30%	91.11
#EstErr%	0.303336
#Pos	A	C	G	T	N	0	1	2	3	4	5	6	7	8	9	10	11	12	13	14	15	16	17	18	19	20	21	22	23	24	25	26	27	28	29	30	31	32	33	34	35	36	37	38	39	40	41	Err%
1	30378771	19862632	20659932	18685841	33451	33451	0	0	0	4722	26859	44792	38968	38864	37004	40546	43375	41820	49087	55077	56278	75562	75767	90875	100352	166669	200435	217256	270769	350181	400517	475292	611430	621766	891044	971742	1243457	1308547	1520624	1039935	1953508	8441871	58466735	9615450	0	0	0	0.1444
2	26453777	16623941	21841190	24586576	115143	115143	0	0	0	10066	39778	48347	42912	41045	39764	42087	45178	44519	52482	58660	63301	84069	85234	99832	122778	193471	236309	255949	320556	408801	462298	538134	657812	657491	909429	973307	1222813	1345710	1709241	1325095	2468268	9675829	56576278	8648641	0	0	0	0.2494
3	25168764	20045749	19102957	25157891	145266	145266	0	0	0	3549	22236	28659	26395	26000	25968	28707	31206	32589	39584	45740	51619	70346	74205	86612	112432	183642	225613	248740	311258	404255	459362	538433	662440	660606	915192	978970	1226206	1337986	1689762	1281873	2386848	9563264	56967918	8727146	0	0	0	0.2535
4	25654888	19704917	19504079	24754914	1829	1829	0	0	0	814	11488	17963	17565	18702	19821	22570	25661	27877	34285	40645	46219	64488	68280	80686	107476	176929	220124	245371	306404	398519	453658	532671	655218	653266	904813	966880	1211849	1326085	1686485	1296157	2417439	9695415	56966339	8900636	0	0	0	0.0784
5	25474540	19373237	20237610	24523350	11890	11890	0	0	0	1661	10755	16776	16082	17304	18730	21132	24638	26486	33609	39085	45745	64042	68653	79726	108003	177848	220646	245937	307979	400378	453760	530273	649148	651765	896600	961525	1206945	1329789	1714312	1345390	2511657	9896066	56647548	8868744	0	0	0	0.0883
6	25168441	19830043	19784762	24790017	47364	47364	0	0	0	4912	14048	20550	19176	19390	20285	24123	26198	27505	35411	40344	47168	65540	68884	79951	110448	178277	222235	246681	310062	400551	456730	532749	651661	650183	894514	958166	1199197	1327759	1732311	1371744	2567493	10008846	56499205	8740966	0	0	0	0.1337
7	25619275	19394019	20313467	24243665	50201	50201	0	0	0	905	10561	15245	14957	16119	17096	19608	22993	24664	32354	37701	44571	63342	67041	77817	109467	177761	222353	245050	311143	397328	454159	531610	647617	645645	887538	953554	1193287	1325975	1750398	1407460	2641301	10184651	56296419	8722736	0	0	0	0.1288
8	25014781	19925707	19339132	25279602	61405	61405	0	0	0	3089	11242	15430	14862	15485	16287	19208	21972	23654	31826	37066	43831	62636	66660	77537	111547	178791	223140	247855	312424	401952	457763	532649	642744	644236	885305	947710	1187246	1319875	1766895	1436303	2701304	10316442	56076379	8707877	0	0	0	0.1421
9	24914283	19728334	19563320	25363697	50993	50993	0	0	0	1090	9680	14229	13973	15207	16113	19292	22214	23880	31750	36967	43854	63489	66545	77644	111274	178118	223924	247025	314371	399943	454426	531528	637684	639586	876567	940859	1177581	1316815	1774534	1449042	2733952	10414254	56027689	8664535	0	0	0	0.1285
10	25259684	19549970	19892673	24815792	102508	102508	0	0	0	1180	9490	13714	13779	14990	15918	19429	22554	24297	32374	37663	45588	65345	68598	79648	114845	182330	228524	249666	318488	401562	457277	533835	636651	641363	875729	940519	1176438	1322670	1799708	1502449	2829481	10582174	55592764	8667079	0	0	0	0.1862
11	25218975	19466075	19880195	24692699	362683	362683	0	0	0	3339	15739	18238	17429	18304	19294	22339	25796	26828	35971	41572	49118	70677	72202	84865	121884	187672	236572	257151	327097	407604	460569	539332	635202	643166	876097	940118	1176281	1327922	1823790	1567143	2946424	10746560	54882736	8632913	0	0	0	0.4848
12	25186328	19759989	19951166	24718448	4696	4696	0	0	0	2654	10257	14603	14889	16569	17837	21547	25106	27057	36179	42092	50092	72253	74369	87078	124903	191962	241586	260054	333723	411578	466753	543904	639730	646368	878854	947287	1181153	1338340	1853384	1608282	3021641	10920563	54837182	8656102	0	0	0	0.0815
13	25357390	19667148	19976587	24613442	6060	6060	0	0	0	2071	11161	15927	16149	17642	19254	23381	27193	28798	38802	45507	52485	76834	77047	91553	130273	196139	247084	263344	339636	413613	469757	549142	638231	651638	880361	948329	1184602	1344956	1873745	1644969	3088349	11055099	54505276	8646220	0	0	0	0.0856
14	25154978	19639398	19909010	24620583	296658	296658	0	0	0	4179	13828	18215	17883	19726	21085	25225	29111	30146	41303	47424	54949	80127	79936	95663	134764	201548	251480	267422	345192	416223	472947	553451	639021	650874	882108	947923	1181142	1346577	1886443	1665736	3124943	11104262	54112040	8561073	0	0	0	0.4146
15	25072434	19900299	20003167	24640612	4115	4115	0	0	0	3896	13608	18934	18738	21048	22434	27049	31778	33405	44564	51682	58877	85954	84921	101425	141411	205998	260560	274324	354305	423305	479165	559020	643210	658689	886390	953401	1190168	1365628	1921578	1741896	3259404	11331570	53690134	8658043	0	0	0	0.0908
16	25115945	19833637	20122374	24546942	1729	1729	0	0	0	4108	20770	28792	28799	31408	33263	39174	45105	46388	60668	69723	77660	110334	107458	130527	169422	207809	263294	275162	356587	422728	480945	560978	641012	660630	886701	957664	1194917	1370425	1945891	1792178	3341702	11461764	53200103	8594809	0	0	0	0.1071
17	25037586	19794431	20102214	24513691	172705	172705	0	0	0	6302	24808	32085	31241	33273	35106	40809	46519	48076	62350	70993	78155	112512	108001	132255	172067	209968	265733	275608	359863	424384	481794	561179	639479	656320	882985	953341	1187942	1366994	1942017	1783228	3337094	11476863	53072330	8536248	0	0	0	0.3031
18	24872594	20061182	20092692	24468273	125886	125886	0	0	0	5873	25164	33252	33059	35597	37456	43603	50081	51895	66751	76041	83164	119616	113904	139741	178634	217019	273419	284677	369423	430913	490096	570319	643523	668171	891890	963492	1202724	1388113	1976714	1854333	3443866	11626670	52559859	8545689	0	0	0	0.2548
19	24925744	19905657	20205498	24353224	230504	230504	0	0	0	7745	30178	38115	38002	40182	41827	48654	55624	55428	71689	82391	87978	126259	118712	146950	186787	223977	281885	290749	379707	437523	494828	579442	648871	675549	900828	974750	1209467	1399779	2002061	1895463	3525732	11728189	52058968	8505834	0	0	0	0.3810
20	24957225	19916058	20260510	24478128	8706	8706	0	0	0	9636	28967	38769	37806	40939	43133	50007	57030	57324	74508	85488	91064	131422	121863	151380	192367	230811	289157	297127	388423	443926	503881	584824	655146	682137	907280	981319	1219160	1410551	2024189	1926238	3575647	11837730	51967691	8474981	0	0	0	0.1360
21	24868575	20075961	20320754	24351292	4045	4045	0	0	0	9976	36853	46496	45680	48657	50027	57620	65166	65194	83157	94644	100596	143699	133253	165517	206442	242422	305361	309475	404729	458408	519427	603441	668169	701493	926538	1002836	1244259	1448676	2075279	2022274	3722839	12018971	51102625	8486383	0	0	0	0.1451
22	24956247	20043215	20381010	24232335	7820	7820	0	0	0	12317	37747	48210	47350	50600	52211	61042	69402	69118	87788	100379	105217	150626	138585	174118	214107	250987	314228	317252	415109	465751	527276	613747	673636	710440	938816	1016030	1260455	1466858	2103343	2069710	3796867	12113198	50692738	8447549	0	0	0	0.1549
23	24990483	19957350	20348918	24276597	47279	47279	0	0	0	11093	38683	48255	47383	51415	53530	61838	70999	70587	90394	102798	108525	155802	141931	178352	220398	256887	322718	323184	423788	470071	533128	621370	679071	720658	945542	1024074	1274596	1480187	2132986	2108165	3860281	12204330	50339655	8400674	0	0	0	0.2005
24	24854146	20140283	20344399	24234418	47381	47381	0	0	0	13317	40963	50885	50497	54678	56328	66324	75245	74617	94905	108901	113385	162912	148441	187133	226945	264598	332488	331177	435335	479129	542095	631433	688296	731368	959079	1040467	1286144	1501917	2160552	2158734	3941696	12314117	49847830	8401315	0	0	0	0.2078
25	24930399	20075057	20420944	24095733	98494	98494	0	0	0	17327	54352	62190	60031	63429	64436	73530	83799	81209	103565	117246	121982	173498	156655	199296	239742	275545	345738	341612	450927	491423	555085	647017	701350	748635	976491	1059496	1310674	1533687	2204073	2229802	4036327	12419044	49143913	8379007	0	0	0	0.2840
26	24880855	20019323	20454334	24164518	101597	101597	0	0	0	20300	50540	60211	59164	63791	64905	75631	85782	84049	106387	120869	124970	179075	161383	202720	246485	281228	351914	346979	458693	495440	561587	653303	702583	754751	980914	1064988	1316546	1539738	2216526	2252833	4078628	12485539	48898157	8372421	0	0	0	0.2885
27	24746777	20157074	20424282	24122226	170268	170268	0	0	0	30399	63592	69235	65755	70125	70601	81541	91922	89899	114151	128262	131482	188983	167611	213714	256634	290616	363726	356787	471980	506101	574712	666468	713496	767532	998311	1082615	1336305	1564546	2249270	2304080	4159150	12569978	48314124	8326656	0	0	0	0.3841
28	24862007	20158985	20505391	24043536	50708	50708	0	0	0	21457	61508	70462	68813	73125	74805	86021	97865	94924	120084	135164	138004	195776	174742	223568	264618	298890	374473	365405	482895	514748	582716	677839	723127	782286	1013267	1098634	1356073	1588585	2287288	2356087	4236125	12664321	47938373	8327851	0	0	0	0.2516
29	24705433	19974789	20367661	23963300	609444	609444	0	0	0	24230	66499	74519	73099	77548	78613	90584	102284	98848	125291	141004	142954	203825	180083	231447	273240	308141	384708	372792	495195	521845	591303	688542	730356	790963	1024542	1110839	1366448	1599837	2298729	2383733	4267586	12659293	47227045	8205218	0	0	0	0.8843
30	24718480	20206055	20489426	24032929	173737	173737	0	0	0	22845	62946	73005	72092	77268	79249	90953	103314	99848	127938	144080	147430	209493	184952	236704	279581	313431	392499	379877	505087	529818	601685	699215	738773	803569	1036171	1124289	1383797	1620641	2330888	2427914	4340649	12787032	47175229	8244628	0	0	0	0.3972
31	24828530	20145707	20640247	23932578	73565	73565	0	0	0	28577	73331	82404	80362	86253	87443	100061	113731	109052	138227	155070	157084	224245	195761	252496	294354	327804	409221	393833	523706	544401	616613	717411	756424	823027	1062576	1150104	1415321	1656160	2373932	2494713	4428257	12868176	46599606	8207326	0	0	0	0.3049
32	24852715	20127127	20610746	24026811	3228	3228	0	0	0	28301	74263	84601	83007	89031	91535	104498	119357	113980	145112	162650	164166	233271	204871	263226	304529	336436	421805	403756	537086	556233	631223	733678	767492	839112	1078641	1170081	1435284	1684541	2407940	2545400	4504599	12950680	46133909	8213105	0	0	0	0.2326
33	24680896	20244899	20557349	23963235	174248	174248	0	0	0	36898	88931	97210	93979	99389	100664	114359	128964	122765	154731	172995	174145	244604	215350	275759	318511	349234	437113	417325	553076	571703	644679	750072	781680	860393	1099454	1190213	1459056	1714367	2435800	2596236	4578871	12975275	45423865	8168713	0	0	0	0.4471
34	24764943	20210817	20689169	23937466	18232	18232	0	0	0	42276	93587	103474	100390	106817	107779	123065	139084	131838	167593	185850	187118	260480	227821	294440	336469	367289	457342	435828	577590	591590	668411	776538	806053	888668	1131212	1224991	1500889	1760806	2489615	2682672	4698312	13074938	44749290	8112280	0	0	0	0.2892
35	24712277	20207736	20656356	24019306	24952	24952	0	0	0	45430	91867	101960	98681	106398	106982	123408	138935	132266	167224	187117	187169	264791	229422	295917	339272	369742	461039	437661	582091	593805	670376	779548	807223	889233	1137036	1226488	1501449	1761054	2498627	2695889	4718018	13100303	44630591	8118663	0	0	0	0.2970
36	24644429	20314084	20660388	23929760	71966	71966	0	0	0	39456	94721	103815	101392	109020	109760	126401	142992	135479	171284	191627	191340	269825	234040	302296	344338	374972	466739	442021	589383	596936	675576	785087	812082	896787	1142099	1235678	1512080	1773411	2511289	2716585	4752203	13137377	44310130	8150440	0	0	0	0.3519
37	24723126	20292736	20763611	23833829	7325	7325	0	0	0	40352	97016	106137	105159	112483	113370	130034	147996	140234	176219	197025	196878	276566	240240	311838	353198	382423	475321	448890	598200	604732	684107	795921	819930	909736	1152363	1249260	1527110	1790101	2533116	2749610	4789242	13178544	44030906	8149045	0	0	0	0.2866
38	24660829	20237429	20713572	23894492	114305	114305	0	0	0	46300	107646	115520	112509	120046	120787	137225	156232	147090	185373	206766	205185	287476	247871	322044	363214	390535	487480	459281	611552	615839	696005	808925	830539	921703	1171108	1265417	1546567	1807655	2557594	2782259	4831963	13198467	43521336	8120813	0	0	0	0.4236
39	24610380	20379435	20730744	23896345	3723	3723	0	0	0	46640	108553	117952	114674	123340	124227	141830	161172	151556	190990	213510	211709	296350	255297	332293	371432	400853	497611	469286	626560	628100	709784	823058	844985	939494	1188246	1282930	1566007	1835367	2589458	2823736	4894507	13259251	43167920	8108226	0	0	0	0.3063
40	24655472	20334188	20824497	23802596	3874	3874	0	0	0	49091	115072	123149	119693	128825	128913	147328	167987	156971	197792	219822	218444	304482	263309	342548	382879	409638	509084	478874	637704	637601	720204	835984	853885	952610	1202467	1298383	1583968	1858546	2612764	2864500	4938548	13281028	42787199	8087461	0	0	0	0.3179
41	24599667	20254403	20738169	23796101	232287	232287	0	0	0	58232	132956	138739	134212	141778	141222	159764	180600	167259	210689	233016	230238	318516	274808	357695	396750	423252	526795	490500	654324	654578	733199	852192	872984	971938	1222710	1320176	1610957	1882258	2638229	2902662	4989321	13272103	42070125	8023563	0	0	0	0.6015
42	24564228	20423321	20792735	23833021	7322	7322	0	0	0	56971	130482	137476	133607	143279	143861	163292	185218	172194	216599	240745	238454	329321	283594	368351	407277	433284	540629	504165	667838	666187	750546	870400	886116	990035	1244855	1341741	1636366	1910892	2674522	2953166	5052048	13329733	41784613	8025448	0	0	0	0.3529
43	24573015	20353941	20841552	23719636	132483	132483	0	0	0	61322	137581	144661	139723	150636	149126	169650	191480	179376	223891	247928	244883	338448	291586	379084	419059	443826	551524	513839	683412	675118	762811	883930	897269	1003189	1260940	1356907	1653615	1930431	2695218	2983490	5092994	13336973	41300005	7994219	0	0	0	0.5064
44	24587541	20350495	20848356	23831034	3201	3201	0	0	0	66593	147003	153129	148533	158911	156592	178005	201412	187029	234802	259542	254106	353044	302499	393054	433451	453899	565901	525995	698868	690235	775843	900230	912136	1023984	1280215	1376221	1677118	1958123	2722735	3029935	5149314	13357915	40913197	7977857	0	0	0	0.3803
45	24499034	20494042	20834166	23783621	9764	9764	0	0	0	72624	155818	161982	156470	167565	164949	186846	211091	195211	245507	270446	264770	363699	312295	406922	444816	468363	580024	539397	714979	704285	791466	916795	929081	1042020	1300227	1396983	1699021	1987895	2751421	3068062	5200951	13376090	40418663	7944129	0	0	0	0.4059
46	24544046	20455889	20922957	23674212	23523	23523	0	0	0	74955	167173	172817	164588	175868	173345	196717	220544	205107	256332	280972	275833	378097	323509	422080	459504	480505	596919	552125	735003	721056	807870	935862	948925	1063813	1321738	1423147	1726763	2013564	2780057	3120497	5274084	13361462	39926046	7860227	0	0	0	0.4398
47	24539625	20436330	20894309	23743896	6467	6467	0	0	0	83925	180267	182444	174421	185571	181912	206262	231326	213034	265110	290337	284986	390125	334075	433730	471983	491255	610216	563796	746927	734308	820769	950928	959267	1078522	1342317	1437596	1747116	2036717	2803605	3149364	5297805	13378034	39498969	7857141	0	0	0	0.4426
48	24425233	20569103	20896641	23726759	2891	2891	0	0	0	82995	182066	185519	177683	188494	185496	209435	235701	216414	270265	297960	291806	396363	339446	441221	477168	497607	616542	570949	756470	739969	827320	959959	968512	1088394	1352664	1449246	1758427	2054475	2818292	3167281	5320374	13383092	39220153	7889978	0	0	0	0.4441
49	24522285	20481838	20927000	23615250	74254	74254	0	0	0	90027	194995	196362	187277	197851	193518	217666	243755	225134	280374	306852	297471	406849	347893	453173	489320	507312	627531	579971	769640	750337	840736	970696	979716	1099355	1364759	1459319	1774427	2066398	2833746	3187007	5336663	13384413	38854563	7831267	0	0	0	0.5441
50	24472031	20398576	20888513	23679584	181923	181923	0	0	0	104800	223469	225715	212829	224908	218854	246615	276678	247861	313356	344158	328760	454375	377603	503598	532054	550584	676234	624823	828897	799153	889672	1034125	1044134	1169957	1453922	1557447	1887299	2212466	2988483	3469678	5744544	13239178	36478431	7954044	0	0	0	0.7216
