#Name	E:\SaveData\2016-10-18_15_18_08_1001160117_R0024_A_CL100007988_BGI12070_WESPE_result\\CL100007988\L02\CL100007988_L02_10_1.fq
#PhredQual	33
#ReadNum	90950514
#row_readLen	50
#col	48
#BaseNum	4547525700
#N_Count	4482608	0.098572
#GC%	45.25
#Q10%	99.45
#Q20%	97.72
#Q30%	91.08
#EstErr%	0.305654
#Pos	A	C	G	T	N	0	1	2	3	4	5	6	7	8	9	10	11	12	13	14	15	16	17	18	19	20	21	22	23	24	25	26	27	28	29	30	31	32	33	34	35	36	37	38	39	40	41	Err%
1	30559479	20114271	21167035	19075243	34486	34486	0	0	0	4625	27243	46091	40538	40247	38408	41851	44165	42511	50063	56412	57820	76381	76423	92054	102326	169245	202956	221086	274690	357721	407781	484628	622774	631952	906703	986938	1264834	1327077	1536381	1047920	1962514	8540001	59428741	9704928	0	0	0	0.1457
2	26656051	16929166	22322741	24924175	118381	118381	0	0	0	10357	40625	49516	43879	41876	40021	42939	45442	44988	52910	58822	63873	84302	85967	100786	123212	196686	238161	261244	325566	414317	469106	546198	669487	667481	921642	988516	1238485	1357314	1726291	1329133	2481091	9782962	57603187	8685751	0	0	0	0.2512
3	25399947	20345437	19616504	25438114	150512	150512	0	0	0	3505	22232	28952	26284	26196	26051	28811	31614	32578	39661	46130	51323	71200	74362	87022	113745	186622	228429	254161	316412	410767	466666	545599	673997	670613	929350	995768	1247134	1352877	1708064	1291898	2408743	9683921	57954980	8764335	0	0	0	0.2563
4	25871626	20009874	20017004	25050185	1825	1825	0	0	0	609	11087	18277	17544	18506	19592	22666	25488	27638	33978	40195	46867	65071	69456	80410	108454	180455	223240	249355	312297	406155	463471	540040	666602	664559	920220	984300	1232147	1344318	1708038	1308898	2439789	9826654	57951432	8920881	0	0	0	0.0777
5	25675035	19698921	20748876	24815167	12515	12515	0	0	0	1520	10329	16557	16006	17125	18539	21481	24422	26166	33688	39426	45864	64388	68508	80164	109582	179929	223577	250022	312771	408432	461897	540813	664416	661362	913524	978943	1224912	1349726	1737595	1358370	2539065	10034005	57617549	8887326	0	0	0	0.0880
6	25369658	20172157	20279749	25079362	49588	49588	0	0	0	4748	13819	20343	18646	19526	20087	23832	25968	27549	35456	40192	47107	66019	69570	80313	111753	181333	226811	251085	316426	408617	464801	542341	663584	662302	911065	973340	1220636	1347610	1756775	1384302	2597940	10152912	57467393	8746725	0	0	0	0.1345
7	25824521	19697420	20807574	24569445	51554	51554	0	0	0	767	10345	15554	15285	16204	16827	20106	23023	24886	32487	37855	44949	64041	68121	78696	111979	181619	226616	250898	316759	407104	465190	541273	658675	657800	903653	967906	1212837	1347010	1776601	1423152	2672717	10320286	57253439	8734300	0	0	0	0.1293
8	25254355	20215921	19829312	25587612	63314	63314	0	0	0	3203	11395	15467	14683	15651	16241	19514	21891	24071	31510	37255	44318	63819	67835	78088	112470	183091	227317	253088	319568	408597	466375	544232	656944	655886	902050	965118	1205169	1341705	1790612	1454978	2736877	10457487	57026931	8713764	0	0	0	0.1430
9	25135929	20042821	20045132	25674821	51811	51811	0	0	0	940	9524	14071	13962	15091	16365	19372	22399	23993	31885	37504	44486	64067	67261	78009	114018	182117	228886	252410	320117	408325	464315	541825	649905	651156	893123	958600	1197682	1338059	1801513	1469187	2773645	10559960	56958991	8675940	0	0	0	0.1282
10	25498904	19843356	20366138	25136326	105790	105790	0	0	0	884	9345	13598	13282	14485	15932	19307	22519	24424	32421	38232	45328	66212	69250	80522	117519	185888	233967	256768	326006	410726	466886	544279	649923	652244	894900	959253	1195794	1342977	1826175	1523106	2868729	10737958	56508204	8677681	0	0	0	0.1875
11	25444863	19746797	20358731	25022301	377822	377822	0	0	0	3237	15432	18195	17247	18185	19108	22604	25597	27264	35708	41592	49312	71186	74095	85755	123793	191952	241361	261715	333193	414529	471038	550593	650306	654496	889864	955472	1194859	1351048	1851197	1590334	2990469	10903249	55778947	8649760	0	0	0	0.4949
12	25441211	20047644	20432599	25024173	4887	4887	0	0	0	2400	9722	14322	14742	16247	17674	21358	24876	26990	36093	42466	50741	73417	75203	88551	127593	195810	245789	265140	340982	418672	476024	554533	650745	658549	894818	962318	1199078	1356977	1883768	1631993	3067741	11091248	55723826	8685221	0	0	0	0.0808
13	25638456	19935745	20462726	24907337	6250	6250	0	0	0	1791	10953	15471	15742	17412	19077	23068	27113	28940	38681	45334	52997	78082	78940	93168	132575	200263	252704	269857	347334	423377	480745	559404	653533	662084	896082	963834	1202917	1367203	1905366	1671507	3130684	11217520	55386586	8673920	0	0	0	0.0849
14	25423679	19917267	20378290	24929144	302134	302134	0	0	0	3835	13344	18244	17854	19266	21095	25390	28840	30926	41405	48051	54999	81384	81067	96439	136945	204739	258166	274062	351741	424558	484344	562791	651485	662545	896708	962963	1201651	1367113	1916765	1687100	3165999	11275715	54994529	8586322	0	0	0	0.4150
15	25345742	20196633	20472420	24931500	4219	4219	0	0	0	3480	13250	18411	18919	20950	22641	27212	31765	33434	45028	51888	60343	87097	86372	102768	144251	211749	265174	279714	360878	430353	489072	570828	655443	670294	903059	973347	1210293	1388446	1952774	1766733	3302082	11493590	54560231	8694426	0	0	0	0.0901
16	25385602	20121101	20588405	24853574	1832	1832	0	0	0	3929	20779	29002	29263	31567	34005	39662	45885	47531	61394	71383	78789	113204	109361	132707	173945	212784	268142	281606	364136	432891	490788	572674	655102	671809	904079	975806	1213834	1395933	1975239	1817395	3392704	11626514	54045118	8629722	0	0	0	0.1072
17	25303013	20064972	20563134	24829107	190288	190288	0	0	0	6217	25109	32539	31932	33863	35645	41529	47539	48877	63096	72320	79367	114843	110455	134722	174553	215243	270356	282385	366763	431799	491545	573534	652566	668633	901483	971182	1208169	1387321	1972602	1810392	3382886	11632338	53916175	8572248	0	0	0	0.3198
18	25135051	20345680	20571507	24772124	126152	126152	0	0	0	5667	25400	33599	33596	35998	37954	44543	51322	52065	67220	77741	84894	121775	115946	142850	183544	221509	279878	290398	376947	438654	499354	582105	657251	680629	909591	983526	1221161	1408289	2010737	1878611	3499675	11791272	53390203	8590458	0	0	0	0.2530
19	25198085	20189342	20663435	24663910	235742	235742	0	0	0	7550	30160	38670	38337	40737	42818	49346	56532	56753	73034	84054	89885	129571	121468	149588	191317	229256	288345	297293	386668	446835	505272	589360	662235	687327	917972	990715	1229479	1420777	2034234	1928970	3578120	11900866	52885454	8535774	0	0	0	0.3830
20	25244439	20190129	20727733	24779237	8976	8976	0	0	0	9208	29153	39017	38842	41828	43957	51058	58001	59575	75517	86950	92658	133511	125488	154694	196528	236986	295649	302295	398028	452865	514817	598719	667836	694610	923772	997992	1240582	1433209	2058411	1955920	3630737	12006799	52785532	8510794	0	0	0	0.1362
21	25149650	20356797	20785617	24654155	4295	4295	0	0	0	9566	37429	47570	46680	48928	50624	58408	66525	66120	84880	97259	102175	146249	135283	168571	210849	249387	312222	316006	414298	466019	527424	616011	680940	713886	944937	1021371	1267609	1471799	2107593	2053410	3779435	12192004	51906342	8528410	0	0	0	0.1454
22	25231040	20319815	20841817	24549486	8356	8356	0	0	0	12089	38526	49451	48464	51653	53384	62172	70417	70066	89839	102052	108210	153202	141022	176285	218966	256857	321182	323999	425558	474011	536930	624685	687137	724554	956625	1032424	1281906	1488454	2139415	2101178	3855900	12282171	51490038	8493336	0	0	0	0.1559
23	25256629	20235806	20809675	24595165	53239	53239	0	0	0	10636	38796	49154	48469	51971	54451	63085	72018	71839	92219	105490	110498	158192	144633	181428	223967	262489	329598	329090	432103	480483	543841	632661	692436	731967	963624	1042561	1290484	1502992	2163787	2138910	3918762	12376306	51133036	8455299	0	0	0	0.2063
24	25112752	20419658	20811935	24552853	53316	53316	0	0	0	12994	41865	51814	51423	55105	57196	66677	75973	75728	96855	110405	116101	165094	151266	189978	233301	270009	338640	337874	443348	487746	553176	642931	699439	744132	976625	1058573	1308996	1525164	2198238	2194911	3997861	12485795	50631196	8450769	0	0	0	0.2135
25	25182234	20374597	20880593	24407413	105677	105677	0	0	0	16799	54653	63090	60946	64702	65244	74905	84595	82880	105872	119439	124778	177262	159701	201653	244980	280833	352357	349586	458486	499952	565503	658471	710838	762277	995640	1078042	1330153	1557013	2235228	2261216	4097870	12588364	49922763	8438746	0	0	0	0.2901
26	25158378	20296649	20890795	24487034	117658	117658	0	0	0	20282	51176	61756	59948	64936	66105	76385	86742	85661	108892	123573	127667	181835	164429	206965	250023	287211	358505	354287	467630	504603	570598	665339	713698	766795	999452	1083854	1339862	1563387	2248409	2284977	4137665	12652316	49665405	8432488	0	0	0	0.3048
27	25024736	20448787	20856723	24444683	175585	175585	0	0	0	30169	64164	70980	67797	71388	71912	82616	93902	91674	115412	130883	134963	191579	171508	218355	260662	297808	371134	364590	482301	516668	583368	680380	726850	782969	1017430	1101036	1356415	1588698	2283216	2338586	4217765	12735296	49076476	8385979	0	0	0	0.3876
28	25140493	20421344	20969106	24362658	56913	56913	0	0	0	21367	62097	72024	69929	74682	76769	87394	98893	96612	121956	137628	140536	199710	177500	226133	268658	304696	381222	372453	492567	525576	594423	691080	737507	795758	1032671	1118330	1377523	1613312	2319113	2394010	4295242	12836013	48694785	8385432	0	0	0	0.2578
29	24987282	20238298	20821438	24271544	631952	631952	0	0	0	24204	68438	77672	74446	79292	80997	91925	104084	100927	127556	144724	146475	208296	184442	237217	279340	313974	392155	380889	505323	533530	603387	700642	744515	804712	1042819	1129880	1389871	1624673	2332889	2421269	4329759	12815476	47966270	8256494	0	0	0	0.9006
30	24967396	20502282	20949575	24350727	180534	180534	0	0	0	22543	63916	74526	73215	78589	80678	92806	105569	102567	130273	147040	150070	213347	189283	241626	284503	320236	400201	387757	514219	539913	613798	712000	752960	817344	1056207	1146425	1409375	1647697	2365597	2463015	4402940	12949087	47917027	8303631	0	0	0	0.4023
31	25109404	20427366	21081159	24256195	76390	76390	0	0	0	28074	74688	84282	82153	87746	88719	101802	115784	111413	140510	158526	160004	228517	200773	258641	301114	334404	416667	401181	534272	557853	630759	733237	768785	838031	1079111	1170767	1439589	1685621	2412212	2531036	4496220	13033245	47321761	8266627	0	0	0	0.3073
32	25118336	20422981	21062868	24342929	3400	3400	0	0	0	28006	74774	86263	85166	91388	92869	106635	122253	116701	147347	166220	167387	237675	208313	268401	311054	343883	430146	412424	547277	567659	640978	746291	783563	855074	1097839	1188999	1461207	1711494	2441888	2585576	4574525	13110680	46859072	8278087	0	0	0	0.2332
33	24953062	20540650	21012308	24267749	176745	176745	0	0	0	37107	90096	99476	96221	101872	102019	116604	131186	125536	157862	176111	177640	249879	219236	281398	324010	355897	444876	425414	564973	581633	657713	763848	796762	873641	1117207	1209493	1484657	1736064	2475103	2637507	4646553	13143512	46132110	8240553	0	0	0	0.4478
34	25044296	20509862	21136443	24241425	18488	18488	0	0	0	42640	94631	105521	102362	108746	109728	125365	141638	135456	170209	189296	191127	266579	233326	299960	343703	375935	467860	445033	590669	602822	681485	791626	821373	903592	1153397	1245590	1524797	1786008	2528145	2723306	4764191	13237619	45448604	8179687	0	0	0	0.2899
35	24991168	20496049	21099847	24338179	25271	25271	0	0	0	45480	92234	103576	100939	108585	109693	125922	141561	135724	170352	189861	191859	268993	233780	302641	345856	376824	469303	445447	593440	605577	682294	793153	820838	906164	1154405	1249965	1529344	1786331	2537708	2733780	4785470	13265529	45334233	8188382	0	0	0	0.2973
36	24905534	20626426	21103826	24239980	74748	74748	0	0	0	38568	96469	106836	103955	110642	111949	128351	145530	138028	174217	195386	195188	274228	237511	309686	350721	380147	476486	450023	601171	609414	688649	799441	825685	913625	1160470	1257247	1535215	1796310	2551304	2755703	4822683	13299824	45017502	8217602	0	0	0	0.3544
37	24997890	20590608	21211605	24142716	7695	7695	0	0	0	40031	98427	108728	106980	115120	115760	132129	149965	142999	179400	200993	200271	281711	244449	317210	359092	389009	485207	457574	609566	616943	696864	809821	835727	922080	1175236	1268536	1552989	1816441	2572281	2789596	4861041	13339211	44736793	8214639	0	0	0	0.2874
38	24921718	20537759	21163116	24211802	116119	116119	0	0	0	45954	108526	118211	114599	122676	122740	139771	159097	149925	188630	210160	208890	293078	252087	328546	369418	398945	497568	467275	623740	627710	708373	822471	847243	936567	1188889	1286836	1570496	1836236	2597331	2820592	4901799	13355670	44222570	8191776	0	0	0	0.4239
39	24873595	20678982	21190907	24203229	3801	3801	0	0	0	46394	110104	120381	117208	126955	127009	144182	163209	154722	195238	217633	215935	301776	260786	339504	380629	410456	509367	478804	636632	640417	723156	838035	859809	955634	1208160	1304643	1591829	1862769	2625460	2866188	4966684	13413470	43861186	8172349	0	0	0	0.3072
40	24928826	20628755	21272946	24115945	4042	4042	0	0	0	49200	116115	125556	122631	131725	132073	151194	169906	160294	202215	224765	222382	310693	268208	349248	389441	417954	519544	488242	648831	649351	733278	850837	870727	968108	1223092	1320197	1613728	1885435	2652898	2899957	5012670	13433924	43484626	8147427	0	0	0	0.3188
41	24873993	20536735	21200830	24106177	232779	232779	0	0	0	57933	135395	141784	136476	145523	144220	163283	182554	171723	214796	238143	234672	325087	279751	364639	404663	429801	537072	501399	666662	665473	749922	868154	886962	988581	1245686	1340848	1635655	1911565	2680617	2944481	5052969	13432093	42752173	8086980	0	0	0	0.5992
42	24827374	20733272	21253147	24129039	7682	7682	0	0	0	57726	131822	141724	137067	146034	145564	166318	187924	175531	221257	245359	242220	335861	289173	376073	415984	442797	549459	512157	682388	678942	762311	885907	902405	1008469	1266209	1365566	1662146	1941384	2711335	2993513	5125664	13490716	42457234	8088593	0	0	0	0.3544
43	24837762	20658461	21282323	24039706	132262	132262	0	0	0	60697	138498	147680	142545	152038	151467	173197	195214	182878	228232	252923	249793	345106	295891	385981	426198	451380	561089	523103	696506	687059	775444	899400	913708	1021359	1282175	1379908	1680591	1960169	2732671	3027839	5169220	13492617	41973925	8061751	0	0	0	0.5038
44	24845422	20653905	21296970	24150883	3334	3334	0	0	0	66471	148467	155599	150708	160940	159552	181000	204726	190506	239653	263448	258539	357501	307394	399555	439228	464209	574538	535185	710180	702699	791752	915895	929310	1037032	1301188	1400833	1701073	1986094	2761857	3073727	5218432	13527833	41577827	8054229	0	0	0	0.3800
45	24752352	20798674	21283451	24106074	9963	9963	0	0	0	71935	157959	164834	158524	168843	167863	190250	215006	199636	249533	274793	270815	371967	318594	414415	452057	477088	589869	549117	727115	717496	804748	931007	945594	1057931	1322744	1420411	1726518	2015549	2787640	3109838	5274664	13533648	41088989	8013561	0	0	0	0.4056
46	24792563	20767408	21367195	23999159	24189	24189	0	0	0	75201	168497	174711	167965	178963	177038	200056	224791	207417	259559	286558	280426	385182	329823	430565	466911	491396	606782	562331	747067	732776	822572	953975	963371	1075518	1346312	1447030	1753497	2046203	2820564	3168987	5342434	13514221	40587776	7929850	0	0	0	0.4400
47	24793850	20733438	21336687	24079852	6687	6687	0	0	0	83655	180675	186403	178314	188471	185832	209131	234525	216151	270804	297699	290652	396402	340441	442659	479849	501242	620388	572874	762681	745144	833964	965760	975317	1094124	1362028	1460735	1771362	2065885	2842328	3191494	5370609	13532499	40159367	7934363	0	0	0	0.4425
48	24683789	20876876	21338390	24048357	3102	3102	0	0	0	82827	183713	187790	180471	192328	188837	212840	238653	220388	274788	302594	295512	403371	344730	449926	487010	507304	628008	581143	768978	752259	841793	975656	984591	1103696	1374528	1472943	1784066	2081557	2860109	3214493	5392722	13532072	39884002	7961714	0	0	0	0.4437
49	24776423	20784574	21380191	23932466	76860	76860	0	0	0	89521	196985	199530	190277	201142	196730	221402	247745	229169	284077	310829	303767	414685	353510	460035	496821	517214	638428	589541	781621	763000	853051	987465	997214	1117732	1388104	1486129	1800453	2093975	2871624	3233186	5407661	13532101	39512712	7906218	0	0	0	0.5452
50	24720603	20696510	21351889	23988064	193448	193448	0	0	0	105190	224473	229101	216676	229153	222394	250958	280146	253151	318565	348902	333383	461532	382273	511781	540124	559136	688360	633915	844699	814727	902031	1049762	1061012	1188814	1475117	1580833	1913082	2245425	3029766	3517422	5825794	13387989	37085452	8045928	0	0	0	0.7306
