#Name	E:\SaveData\2016-10-18_15_18_08_1001160117_R0024_A_CL100007988_BGI12070_WESPE_result\\CL100007988\L02\CL100007988_L02_9_2.fq
#PhredQual	33
#ReadNum	89620627
#row_readLen	50
#col	48
#BaseNum	4481031350
#N_Count	6437515	0.143661
#GC%	45.82
#Q10%	96.68
#Q20%	89.76
#Q30%	76.54
#EstErr%	1.227658
#Pos	A	C	G	T	N	0	1	2	3	4	5	6	7	8	9	10	11	12	13	14	15	16	17	18	19	20	21	22	23	24	25	26	27	28	29	30	31	32	33	34	35	36	37	38	39	40	41	Err%
1	28035987	21696532	20496900	19324522	66686	66686	0	0	0	8229	38735	50528	54324	64288	72300	135266	164274	157809	219586	254080	247717	390474	296922	445770	469382	535536	649776	599701	859831	782970	916252	1083895	1088817	1208940	1556531	1672279	1975314	2268634	3227817	3348458	5455027	13527611	39430940	6295928	0	0	0	0.3060
2	24406715	17844301	21467956	25801648	100007	100007	0	0	0	62498	119117	127297	127274	142839	144218	226550	266095	232904	315227	353257	317666	497425	359232	542135	549489	590949	728559	638233	923557	818656	937554	1100995	1082840	1174846	1514766	1606259	1882841	2137413	3107798	3175821	5245012	13634388	38706584	6130326	0	0	0	0.5028
3	23288996	21058314	18890801	26323728	58788	58788	0	0	0	78432	142602	151203	145971	161160	158569	248095	290808	254956	341341	379868	348627	524628	390780	577759	582083	619105	756605	675036	952952	859508	972092	1136656	1123947	1232957	1560399	1650456	1943822	2229573	3151507	3342791	5445467	13564113	36527255	7040716	0	0	0	0.5024
4	23898217	20724747	19215287	25670540	111836	111836	0	0	0	83434	143706	151816	141791	155467	149993	243032	282886	243384	334921	371989	334459	519061	373730	569352	575396	603913	751558	654162	945467	852609	942576	1123383	1112375	1176749	1532190	1612011	1886171	2138140	3080599	3192167	5224758	13542259	38034940	6428347	0	0	0	0.5563
5	23844626	20192966	20027714	25548178	7143	7143	0	0	0	99877	163603	169455	156684	169739	165472	260685	301620	261810	349959	389499	351723	532669	392044	585780	589578	616505	764727	670502	953398	864967	958462	1136553	1121936	1204906	1545080	1635479	1914659	2186439	3088771	3278144	5354911	13513534	37072327	6791987	0	0	0	0.4758
6	23338712	20546563	19697731	25898051	139570	139570	0	0	0	105400	196184	196476	184244	193551	187595	284227	326156	287299	374576	410729	380294	550859	424497	607209	617026	636727	788177	699213	969580	896500	984683	1160531	1152197	1242012	1571867	1659632	1954521	2237962	3098220	3348897	5425332	13421770	36027539	6879375	0	0	0	0.6716
7	23918261	20079096	20475029	25140939	7302	7302	0	0	0	108506	197384	198842	183701	195146	188235	286120	327007	288576	373856	413127	382627	550732	426909	607324	615039	640785	786583	704647	968875	898081	991731	1159508	1151549	1258958	1582698	1672035	1973878	2270408	3126209	3407122	5508943	13456897	35454394	7256893	0	0	0	0.5275
8	23176951	20746142	19230427	26351851	115256	115256	0	0	0	111217	199505	203192	187513	199285	189928	292512	337273	289480	385587	424766	384952	570749	423572	625040	629139	645630	800803	701068	988060	903914	984592	1169855	1158396	1235330	1581670	1666553	1953991	2228141	3116439	3346794	5418267	13432142	35945445	6774571	0	0	0	0.6571
9	23170129	20545089	19394595	26497414	13400	13400	0	0	0	85795	161389	171304	162459	177134	171252	277600	322177	273998	376062	414868	371806	564890	410157	618954	623947	635233	798537	691366	990001	903759	972278	1167595	1159808	1220238	1579903	1666364	1948732	2221698	3124174	3357853	5432073	13528408	36387925	6637490	0	0	0	0.4913
10	23384499	20523700	19791290	25899014	22124	22124	0	0	0	133194	237643	234329	215398	225584	214993	319280	360726	316088	406565	445103	409580	583596	453544	640154	644312	662275	812692	728386	993773	928309	1012271	1189949	1186594	1292017	1617615	1709722	2016468	2321488	3151594	3472741	5549155	13330241	34693219	7089905	0	0	0	0.6119
11	23507957	20341364	19739027	25973360	58919	58919	0	0	0	107675	202981	205205	191815	203960	197506	303067	346252	299173	393308	432418	394735	575654	435128	629241	634056	647228	802613	709721	986632	908909	991552	1171278	1164868	1250356	1582103	1669682	1964680	2249721	3108625	3377441	5453413	13409075	35623008	6938629	0	0	0	0.6017
12	23416006	20534264	19699559	25850396	120402	120402	0	0	0	103832	204785	208640	193728	206820	199566	303522	347493	302896	393496	432887	397174	570903	440249	628141	634939	647844	803552	711159	983253	914267	990402	1169686	1167114	1253830	1584802	1671333	1970232	2260682	3110242	3400710	5480405	13366869	35397339	7047433	0	0	0	0.6720
13	23497849	20502187	19857941	25727099	35551	35551	0	0	0	136907	257501	258874	233301	243647	230899	341943	385257	333509	428986	468724	429721	606773	472333	664442	670379	678246	836637	747929	1016821	953418	1022189	1206502	1205466	1295630	1625678	1713031	2017976	2322379	3149678	3467263	5539761	13271257	34272107	7079912	0	0	0	0.6634
14	23317856	20381795	19723539	25709805	487632	487632	0	0	0	136709	264898	264446	239265	248009	235162	345469	387314	336410	432084	471244	431779	609857	473174	664306	669941	677216	836785	743489	1012890	951518	1019656	1200926	1200370	1284697	1616218	1703977	2005682	2298287	3121288	3435643	5489677	13168189	34237023	6919397	0	0	0	1.1756
15	23295498	20684461	19888389	25743095	9184	9184	0	0	0	145192	277584	276350	249084	257162	242453	355224	398040	345980	441226	480580	443025	621014	485248	678442	684010	688903	849548	759862	1026380	969309	1036610	1222196	1222572	1315917	1648674	1736647	2045128	2355239	3169932	3518836	5583353	13209328	33782820	7089575	0	0	0	0.6641
16	23307547	20633100	19966280	25691475	22225	22225	0	0	0	194288	371983	368972	328952	335553	312954	350946	393446	341933	434514	474467	437948	610790	481956	668471	674752	681353	840471	755912	1015485	961941	1027518	1215093	1217346	1308895	1635202	1723449	2034539	2343459	3148678	3499322	5559049	13139694	33704467	7004604	0	0	0	0.7982
17	23259976	20615459	20012070	25716006	17116	17116	0	0	0	199078	389094	384466	343293	348890	324103	363098	404973	353220	445530	484055	449794	618646	492439	678737	685740	690986	849413	766308	1022658	974110	1037256	1224312	1229663	1321840	1647623	1743437	2055975	2362403	3164811	3523005	5581668	13082656	33368526	6991705	0	0	0	0.8180
18	23087693	20889484	19977750	25648058	17642	17642	0	0	0	179256	364239	361422	326430	335710	315004	353159	396589	346441	440096	479131	443089	614599	487123	674412	682648	686571	846655	761929	1022049	973897	1036031	1221597	1228641	1321408	1647571	1740612	2053299	2366155	3165254	3534827	5604310	13137761	33394290	7060780	0	0	0	0.7836
19	23068957	20810974	20082262	25490400	168034	168034	0	0	0	220251	441232	433861	382349	384993	355235	395005	435447	379691	475148	514667	476237	648336	518041	704994	712079	711365	875041	792904	1045645	1008093	1061113	1253439	1259017	1354840	1681669	1778236	2089109	2410048	3186095	3579700	5619717	12941939	32357193	6969864	0	0	0	1.0629
20	23179673	20697150	20041993	25582456	119355	119355	0	0	0	169351	381104	380203	346274	354187	331071	368666	411708	359939	451154	490874	458182	624229	502464	684580	692763	693891	856320	774817	1027727	982810	1045077	1231246	1240863	1334934	1662372	1755246	2071660	2391281	3172629	3563974	5633365	13032554	32965789	7057968	0	0	0	0.9209
21	23138576	20842175	20049446	25481753	108677	108677	0	0	0	202509	437288	437953	388269	389797	361437	400578	443474	387973	480733	522497	486352	656681	530643	717867	723028	726861	889409	812094	1060088	1031221	1082447	1275644	1291216	1388017	1718999	1817572	2136872	2471111	3236840	3662092	5708676	12844934	31872170	6918608	0	0	0	0.9965
22	23122941	20783545	20140524	25287513	286104	286104	0	0	0	219518	467443	465796	411645	413111	379375	419388	462148	400307	498239	538829	497341	671079	537696	730914	734989	733028	897239	816258	1069552	1038737	1080571	1277888	1288282	1382025	1710273	1808850	2123209	2449095	3212586	3623007	5653889	12804801	31754556	6762859	0	0	0	1.2400
23	23146255	20724345	20248279	25426577	75171	75171	0	0	0	227426	497461	492530	434577	434596	400018	435962	478978	417477	511376	551975	514110	685079	557726	743489	749990	749529	913112	837625	1082236	1052579	1103796	1293952	1309500	1410249	1732944	1830528	2151814	2485544	3238175	3669774	5705153	12748357	31188257	6909562	0	0	0	1.0467
24	23101644	20884243	20213368	25350195	71177	71177	0	0	0	227664	500710	500666	439521	437518	401884	441623	483007	421285	515355	556285	516531	689263	557377	746520	749752	748597	915232	834143	1083719	1056213	1095969	1293811	1311664	1403984	1731441	1830826	2142946	2474307	3226901	3650002	5671532	12719357	31409154	6764691	0	0	0	1.0495
25	23168200	20883239	20304332	25238095	26761	26761	0	0	0	246738	541791	541637	471348	466614	426088	464945	506851	439822	537323	577952	538513	709529	577299	766043	768518	766665	932114	852213	1097021	1075073	1114937	1310021	1323472	1423613	1745158	1844032	2163779	2500825	3239264	3676294	5688707	12645936	30781863	6831868	0	0	0	1.0614
26	23099282	20800728	20317279	25255583	147755	147755	0	0	0	274433	591750	585409	507249	498459	452078	491394	531929	459949	560146	601613	555952	731176	594403	788255	786938	783107	949890	871590	1117309	1095773	1128454	1327648	1344557	1441008	1762409	1866333	2180459	2523457	3248133	3692386	5690081	12520940	30228097	6690108	0	0	0	1.2678
27	23005068	20920784	20361489	25205314	127972	127972	0	0	0	250419	583387	580868	510906	502880	459078	497285	539894	467854	565949	608783	564746	737407	604918	796235	795507	792311	959111	881301	1125369	1106379	1141267	1339328	1354180	1456663	1780404	1882272	2202144	2544976	3264338	3718638	5709441	12481252	29989843	6697322	0	0	0	1.2375
28	23066070	20952769	20416716	25107217	77855	77855	0	0	0	344982	750499	757666	640127	618084	547200	589436	628042	537192	640389	683172	628028	809687	660763	861605	849892	841718	1015041	932517	1173087	1160505	1177434	1383548	1401503	1492336	1814149	1913035	2220901	2558554	3255200	3706107	5628100	12148154	28763105	6411014	0	0	0	1.4334
29	23117734	20817292	20408985	25246669	29947	29947	0	0	0	285953	646296	641614	555430	541107	487508	527759	568099	488695	590318	630533	585567	757921	621131	813206	811021	805851	974198	894634	1134797	1119983	1150908	1350009	1369366	1466858	1788059	1886460	2208004	2549613	3261226	3719435	5697686	12378008	29636774	6646653	0	0	0	1.2162
30	23058507	20939048	20395675	25181535	45862	45862	0	0	0	249331	600922	598807	527596	520093	473848	509954	552529	478846	577696	618312	574951	745289	612078	801627	803567	797255	964078	886249	1127332	1111570	1143585	1340852	1361088	1460898	1782898	1882847	2205600	2551568	3264999	3730836	5720690	12454242	29847866	6694866	0	0	0	1.1709
31	23115265	20852297	20522501	24934211	196353	196353	0	0	0	278579	675973	678473	591318	576110	520653	558663	600306	518109	619096	662220	613693	788116	649103	844515	840050	832398	1004107	927720	1166751	1156978	1179270	1386403	1407261	1506966	1826586	1930162	2251844	2601858	3296500	3774179	5729860	12189745	28748796	6491913	0	0	0	1.4545
32	23107702	20812539	20513131	25028285	158970	158970	0	0	0	289025	708420	715329	619091	602156	541730	579954	620789	534602	639478	681393	629751	804305	661872	861978	855243	844665	1017319	940204	1177732	1172015	1188792	1396556	1416788	1511768	1835981	1936911	2253586	2603300	3292671	3761835	5702492	12121994	28538430	6403502	0	0	0	1.4626
33	23073529	20988616	20485842	24997738	74902	74902	0	0	0	274921	692355	694266	606986	590739	532360	572058	611885	528773	629281	670768	623992	796489	656143	851794	847972	838688	1009020	935005	1169810	1163630	1185380	1389335	1413473	1514363	1831640	1936301	2252857	2606276	3292687	3775407	5720809	12171294	28671452	6487516	0	0	0	1.3407
34	23131610	20975492	20570754	24856962	85809	85809	0	0	0	294376	747623	751561	652158	632164	567650	604284	643357	556975	658513	701235	651037	826625	684901	882582	873108	865809	1036787	963831	1191231	1194690	1213763	1413881	1442055	1544969	1860041	1968942	2282024	2642064	3311964	3796950	5718474	12000444	27974971	6383779	0	0	0	1.4353
35	23102426	20908199	20552744	24980293	76965	76965	0	0	0	288193	734032	740192	644098	622048	560180	597755	636718	550909	650748	694167	641412	814820	675835	871122	864325	853900	1025335	952775	1183081	1185524	1196163	1404338	1430049	1526185	1845146	1950672	2268785	2623935	3299201	3789361	5714248	12045078	28263955	6399377	0	0	0	1.4059
36	22911690	20897728	20422336	24740229	648644	648644	0	0	0	293718	774574	783675	683156	658903	591569	627621	667367	576123	676258	718751	666651	839793	700646	895091	884536	874871	1045541	974754	1200519	1206187	1215036	1425031	1448845	1551463	1865141	1967838	2287341	2639257	3299315	3785817	5678681	11816632	27394460	6256822	0	0	0	2.1063
37	23034280	21018783	20615019	24726453	226092	226092	0	0	0	312408	818560	829289	720381	690363	617582	654381	692262	597472	700821	743483	688016	862845	719912	916816	905890	895812	1068115	996128	1219407	1231793	1236816	1447118	1473207	1573860	1887220	1996601	2309545	2668265	3317447	3808816	5689756	11777052	27116475	6210621	0	0	0	1.7017
38	22972381	20964011	20687041	24823791	173403	173403	0	0	0	319590	836941	848536	735402	706709	630580	670272	709721	608781	715168	760963	701724	882112	730313	933969	920709	906830	1085947	1009875	1243300	1247014	1248117	1466510	1491085	1588183	1909467	2014175	2327458	2685214	3337416	3826545	5700144	11704110	26900820	6043524	0	0	0	1.6742
39	22982890	21015674	20657051	24811149	153863	153863	0	0	0	327909	874555	896597	776703	741822	658536	699802	738311	633700	740289	782829	721914	903724	747797	957068	935987	922049	1102814	1025228	1253782	1266989	1255649	1477566	1502583	1595523	1912311	2020673	2327188	2677967	3328429	3802476	5648591	11599278	26672667	5937458	0	0	0	1.7150
40	23063924	21038485	20740040	24715275	62903	62903	0	0	0	335604	913549	936806	806176	770173	684441	721745	758459	651522	755725	801071	736760	916642	762847	970078	945976	933840	1110192	1037707	1259284	1274182	1265200	1481305	1509951	1606068	1918007	2025857	2333972	2690479	3324645	3811900	5654889	11545566	26279700	6027406	0	0	0	1.6663
41	22999814	20980893	20747187	24825023	67710	67710	0	0	0	305341	866006	878888	767734	735151	657706	692362	730858	630221	733698	776629	720438	894915	746874	947413	933133	918534	1093540	1022497	1243410	1259403	1259264	1470312	1498825	1599166	1912290	2018300	2331995	2692096	3329967	3827588	5688057	11641504	26625132	6103670	0	0	0	1.5945
42	22722324	20918736	20515185	24590255	874127	874127	0	0	0	328441	931012	946597	821574	784141	696837	733132	769907	662339	767565	811329	747448	926034	773548	977039	954594	940746	1117023	1044798	1264792	1281309	1273006	1487288	1516858	1612870	1921266	2029224	2334142	2692524	3311406	3797457	5603272	11337805	25668427	5880750	0	0	0	2.5902
43	23009041	21010998	20802004	24628181	170403	170403	0	0	0	354726	1008248	1046042	897778	852757	752998	791389	826795	706730	816741	862161	788827	976025	813697	1020458	992939	976094	1157172	1082389	1299653	1321381	1302949	1522105	1553537	1644524	1952540	2065783	2360511	2717419	3329265	3812760	5595506	11234072	25265245	5749008	0	0	0	1.9352
44	22963431	21004381	20846152	24704263	102400	102400	0	0	0	356677	1027165	1063674	914782	867878	765441	804118	839796	719445	827235	871938	797848	986176	821008	1030780	1000416	985470	1168833	1091232	1311153	1332051	1311174	1534773	1560056	1652700	1962155	2073863	2370320	2726600	3332396	3817508	5591587	11192734	25087556	5721689	0	0	0	1.8861
45	22917402	21099541	20782333	24652226	169125	169125	0	0	0	364487	1049937	1092627	940939	890699	786705	824428	857730	734042	842614	889790	814831	1003164	836350	1046296	1011460	1001833	1179039	1103339	1322063	1347315	1320988	1544968	1570523	1662475	1970772	2083959	2376576	2729211	3329382	3811494	5567238	11084210	24827056	5632962	0	0	0	2.0019
46	22975800	21081932	20897697	24589608	75590	75590	0	0	0	364820	1069003	1113530	956661	903363	798341	834120	869841	746355	853630	901360	825542	1010285	844875	1054254	1020867	1008809	1188426	1113990	1330872	1356586	1328697	1555539	1579397	1675988	1982331	2096287	2387390	2742789	3337006	3816678	5571116	11030412	24654542	5621335	0	0	0	1.9232
47	23005884	20997778	20863566	24567939	185460	185460	0	0	0	385417	1129740	1184813	1016065	956200	838983	876774	909874	776880	888180	934767	851779	1043508	870848	1083104	1041575	1029348	1211928	1131999	1348340	1378257	1340427	1570725	1598001	1683813	1991173	2099879	2385552	2739452	3323351	3792255	5511363	10868464	24159224	5483109	0	0	0	2.1425
48	22836616	21160734	20926051	24565427	131799	131799	0	0	0	353994	1088818	1134308	981436	929791	824634	858188	891418	764584	874420	920694	842496	1030900	863829	1074342	1040613	1026702	1206668	1130287	1347644	1376432	1346497	1572650	1598423	1693941	1999016	2111262	2406290	2760505	3347506	3824030	5560757	10931733	24247494	5526526	0	0	0	2.0187
49	23180278	21048714	20915958	24406744	68933	68933	0	0	0	381207	1167130	1240738	1061749	1002121	878491	916678	948700	809733	921480	968197	880948	1072536	897230	1111585	1066015	1053683	1235254	1157894	1370966	1404800	1358564	1589809	1616114	1706570	2007530	2120748	2403385	2752022	3320529	3792229	5477694	10720562	23752529	5386274	0	0	0	2.0811
50	22814342	21128209	21077865	24561600	38611	38611	0	0	0	374711	1180383	1231624	1067359	1010899	896252	928257	964173	830634	940297	989032	907834	1102594	926725	1146887	1101918	1094546	1279689	1204768	1421854	1463009	1415786	1661797	1689758	1795758	2096981	2227744	2515106	2878560	3440393	3930363	5601711	10509089	22533793	5221732	0	0	0	2.0642
