#Name	E:\SaveData\2016-10-18_15_18_08_1001160117_R0024_A_CL100007988_BGI12070_WESPE_result\\CL100007988\L02\CL100007988_L02_12_1.fq
#PhredQual	33
#ReadNum	69081240
#row_readLen	50
#col	48
#BaseNum	3454062000
#N_Count	3238943	0.093772
#GC%	45.34
#Q10%	99.41
#Q20%	97.56
#Q30%	90.78
#EstErr%	0.316438
#Pos	A	C	G	T	N	0	1	2	3	4	5	6	7	8	9	10	11	12	13	14	15	16	17	18	19	20	21	22	23	24	25	26	27	28	29	30	31	32	33	34	35	36	37	38	39	40	41	Err%
1	23133851	15412446	16040410	14468299	26234	26234	0	0	0	3283	20686	35321	31083	31074	29121	31875	33469	32409	37740	42397	42465	56952	57324	68248	74565	124535	149757	162671	201566	262640	299993	358600	463005	469693	677421	741666	958673	1011559	1172638	762951	1440195	6560599	45034581	7574251	0	0	0	0.1453
2	20180355	12862147	16976891	18978563	83284	83284	0	0	0	7795	30314	37121	32338	31463	30076	32298	33899	33286	39258	43932	47277	62817	63835	74996	91637	145387	177795	194516	241776	310634	349820	409320	501352	500142	691377	744231	937250	1027103	1312217	990954	1854365	7501601	43728567	6687207	0	0	0	0.2399
3	19223312	15541808	14808568	19402742	104810	104810	0	0	0	2569	16243	21211	19586	19438	19161	21648	23411	24314	29541	34823	38830	53566	55658	65814	84706	139573	171410	189934	237194	307904	349278	410190	506986	504081	701113	747842	942847	1027326	1300664	967633	1805851	7411919	44006914	6717252	0	0	0	0.2411
4	19583686	15278797	15139106	19078335	1316	1316	0	0	0	514	8277	13521	13193	13674	14622	17056	19547	20516	25675	30626	35212	48758	51721	60436	81268	135315	167921	187578	234616	304775	348667	406778	503312	499318	692269	742561	931040	1017844	1300122	981248	1834803	7514269	43978880	6843992	0	0	0	0.0769
5	19411655	15027133	15697340	18936162	8950	8950	0	0	0	1149	7939	12445	11971	12567	13684	16058	18327	20000	25053	29520	34593	48252	51649	60008	81779	135608	168954	188121	235490	306749	349303	407986	499668	500030	688474	737548	929758	1020177	1325806	1023993	1918642	7683258	43705666	6802065	0	0	0	0.0866
6	19174552	15396475	15345138	19130610	34465	34465	0	0	0	3267	10204	14781	13807	14511	14851	17353	19458	20500	26350	30545	35756	49121	52145	60311	84367	137460	171107	189804	238622	307172	350812	409452	499325	500061	688356	737348	923740	1021386	1339784	1046122	1967178	7779179	43571834	6700706	0	0	0	0.1286
7	19524029	15051189	15759224	18710443	36355	36355	0	0	0	541	8062	11579	11203	12015	12901	15264	17556	18818	24572	28620	34134	48297	51565	59585	84270	136772	171594	189132	239079	307232	349041	407387	496558	496025	683111	732622	920057	1020592	1358650	1078868	2029479	7926423	43374948	6688333	0	0	0	0.1249
8	19075185	15438636	14997335	19523519	46565	46565	0	0	0	2241	8454	11699	11176	11752	12269	14357	16909	18232	24072	27869	33624	48578	51045	58936	85568	137907	173379	190321	242261	309583	352464	412104	495996	495570	681690	730063	913905	1022414	1373185	1105350	2078970	8032843	43183083	6666806	0	0	0	0.1405
9	18988945	15309392	15164159	19579093	39651	39651	0	0	0	761	7286	10723	10689	11229	12437	14525	16918	18347	24065	28093	33859	48971	51435	60032	86225	138688	173745	191162	243764	308156	350708	410520	492442	492498	676956	725422	909236	1017606	1385332	1116991	2112556	8121357	43097029	6641826	0	0	0	0.1286
10	19256015	15179589	15420134	19151145	74357	74357	0	0	0	781	7048	10112	10203	11129	12185	14454	17306	18462	25011	29189	34566	50558	52397	61931	89887	141286	176729	194311	248401	310650	353593	412563	490240	494131	678119	726976	909594	1026108	1403675	1159601	2188935	8267407	42737296	6642049	0	0	0	0.1789
11	19216946	15103764	15405025	19084810	270695	270695	0	0	0	2575	11638	13910	13310	13928	14659	17150	19748	20643	27663	32305	38086	54938	56136	66029	94952	146721	183970	198722	254896	313596	357791	418577	492001	496703	676799	727992	911117	1031307	1427958	1213113	2282527	8398629	42162003	6618453	0	0	0	0.4718
12	19203436	15326634	15459788	19088065	3317	3317	0	0	0	1896	7492	10924	11005	12257	13492	16549	19553	20957	28332	32489	39193	56816	57331	68391	98035	150509	188498	201857	261719	318961	361758	422044	494186	500239	681725	733463	914206	1040521	1450316	1248305	2343337	8543875	42089155	6638537	0	0	0	0.0807
13	19335805	15260526	15487639	18992534	4736	4736	0	0	0	1457	8249	11834	12136	13530	14714	17909	21366	22524	30405	35168	41174	60563	60306	72326	102356	154770	194700	206652	266384	321472	366017	426541	495131	502637	683357	735952	918369	1048261	1470189	1278206	2398423	8651061	41804377	6627988	0	0	0	0.0857
14	19188374	15233129	15426311	19012954	220472	220472	0	0	0	3146	10161	13837	13698	15012	16267	19567	22874	24001	32420	37160	43734	64074	63106	75405	106146	158313	198424	209774	271545	324767	369713	429948	494768	505697	682913	736491	917854	1046978	1480234	1298465	2430349	8685961	41494903	6563063	0	0	0	0.4031
15	19119559	15456767	15488812	19013413	2689	2689	0	0	0	2898	10500	14545	14680	16532	17523	21647	24897	26332	35342	41162	46500	68895	67164	80941	112968	164447	206161	215621	280387	330461	374541	437391	498113	511716	689994	744185	928372	1065472	1510482	1362475	2536908	8859004	41131200	6629095	0	0	0	0.0913
16	19133134	15398578	15595533	18952626	1369	1369	0	0	0	3355	16392	22750	22785	24769	26215	31608	36037	37609	48402	56376	62107	89557	85029	104996	136230	165798	208876	217041	282570	329689	375843	438757	499174	514731	692101	747008	932427	1073032	1531915	1401093	2604377	8958821	40713254	6589147	0	0	0	0.1098
17	19081925	15358433	15563113	18937506	140263	140263	0	0	0	5053	19847	25341	25190	26614	28449	32854	37806	38699	50214	57594	62341	91090	86232	106418	137458	166968	211521	218450	284503	330744	375859	439554	497012	513557	690055	745111	927643	1068543	1529399	1394920	2604928	8977964	40593275	6539771	0	0	0	0.3167
18	18939837	15576800	15574012	18899300	91291	91291	0	0	0	4948	20235	26429	26454	28681	30020	35412	40431	40957	54000	61894	66544	97029	90808	112380	143464	173703	218788	224674	292406	336868	384147	447720	503191	520461	698034	755589	938667	1085371	1561235	1448743	2690768	9098893	40174762	6556243	0	0	0	0.2502
19	18989415	15459836	15642615	18816548	172826	172826	0	0	0	6456	23959	30560	29688	32349	34203	39519	44941	45265	58406	66889	70955	102518	95597	119054	149755	179928	225742	229849	301654	342750	390078	455409	505905	527802	706204	761610	948289	1096026	1583101	1484813	2749629	9177864	39767106	6524541	0	0	0	0.3782
20	19015580	15454460	15690890	18913840	6470	6470	0	0	0	7914	23664	30923	30959	33813	35152	40790	46826	47325	61142	69493	74123	107531	98885	123138	155196	184106	231502	235488	309295	347599	395616	461702	510564	534325	711892	769449	955993	1105382	1600154	1509732	2792098	9266129	39661311	6505559	0	0	0	0.1410
21	18951317	15578807	15722687	18825146	3283	3283	0	0	0	8598	30273	37987	36777	39402	40346	47169	54044	53085	68166	78375	81823	117656	107472	134988	166644	195010	245723	246595	323509	359335	407967	476126	521564	549799	729193	788296	977458	1133679	1639231	1585265	2905278	9400785	38978838	6511501	0	0	0	0.1519
22	19006813	15564043	15786049	18718125	6210	6210	0	0	0	10446	31051	39665	38258	41997	43154	49934	56875	56266	72697	82840	85479	123487	111674	141908	173526	201637	253556	251718	332797	366178	414469	483268	527373	557812	737102	799208	987776	1153083	1664041	1620571	2958636	9471571	38645805	6489172	0	0	0	0.1626
23	19021002	15499779	15755153	18765688	39618	39618	0	0	0	9551	31714	39772	39174	42384	44038	51232	59263	58019	74280	85111	88967	128582	114802	146991	178617	208256	259484	256371	340769	371080	421125	490578	533565	566456	745398	806238	997397	1160695	1682812	1651798	3011864	9538399	38356098	6450742	0	0	0	0.2132
24	18937370	15633569	15742458	18728200	39643	39643	0	0	0	11500	34118	41992	41405	45149	46751	55102	62336	61658	78714	89339	93051	134342	120103	153056	185160	213251	267605	262634	349258	376554	429827	499842	538479	575049	753880	817804	1010637	1180331	1708177	1692834	3076316	9618254	37968467	6448622	0	0	0	0.2212
25	18982983	15602484	15796133	18623697	75943	75943	0	0	0	14534	44293	50754	49156	52493	53461	60784	69394	66721	86104	98212	99774	143974	127529	163105	195110	222615	279964	272521	362570	386639	439883	512811	550989	588913	768406	835440	1032059	1203177	1737961	1744007	3149619	9692877	37415696	6433752	0	0	0	0.2936
26	18962324	15536540	15811403	18683899	87074	87074	0	0	0	17626	42404	50029	48974	52863	54149	62678	71669	69502	89295	100953	103120	148121	131257	167499	200090	227795	284287	276886	368529	392054	443617	516541	552490	593502	775806	840345	1036347	1208209	1749821	1764180	3182686	9733512	37199420	6437910	0	0	0	0.3126
27	18842825	15669143	15792470	18650464	126338	126338	0	0	0	25650	52155	57188	55196	58770	58416	68746	77468	74575	95369	107506	108674	156320	137080	176745	209368	236514	295396	285426	380731	400921	454867	529264	562008	605747	789881	857399	1050478	1228550	1777728	1807029	3239260	9800312	36740911	6393254	0	0	0	0.3897
28	18941900	15649662	15859817	18587277	42584	42584	0	0	0	19447	51598	58535	57398	62043	62873	71769	81995	77870	100154	112794	114365	163726	142321	183927	215036	242959	304193	290725	391961	407508	462056	540013	571377	619076	802095	867289	1066802	1248180	1806351	1846252	3300818	9870375	36431295	6393480	0	0	0	0.2707
29	18812047	15512422	15753509	18538056	465206	465206	0	0	0	21493	56123	62906	61117	65151	65963	76245	86367	82424	105629	118740	118396	170445	147918	192080	223332	250296	312680	298851	399480	415329	470166	548361	576757	626155	811502	878709	1076888	1256856	1817136	1865204	3326074	9860387	35868375	6302499	0	0	0	0.8933
30	18818912	15699651	15852057	18577755	132865	132865	0	0	0	20671	53343	61103	60504	65130	66452	76666	88082	84395	108194	121858	121174	175062	151649	197349	229202	254303	319566	304210	408314	420100	477205	556585	583164	635904	820083	888641	1090681	1275105	1841750	1898912	3379295	9950331	35826899	6336493	0	0	0	0.4117
31	18908950	15650789	15963803	18503398	54300	54300	0	0	0	25525	61751	68974	67858	72601	74086	84825	96211	91050	116184	131177	130917	186634	160841	210318	240876	265732	333067	315784	424540	433018	492028	573227	596150	653702	841666	914305	1113917	1302091	1876059	1951600	3447425	10011139	35349875	6311787	0	0	0	0.3191
32	18939433	15634333	15933370	18571637	2467	2467	0	0	0	25183	63351	71382	70186	75884	77768	89268	101749	96675	122132	137955	136455	195307	167797	219052	249676	274916	342838	323196	435224	443364	502105	583186	605915	666347	853822	925288	1132088	1324012	1899714	1991839	3501656	10069806	34987073	6316564	0	0	0	0.2520
33	18793178	15737494	15900460	18526398	123710	123710	0	0	0	32068	75078	80869	78894	84294	84860	96300	108775	102970	130360	145254	144277	205665	175279	229596	260522	284931	354845	333156	448947	452847	514001	596668	618346	679949	871120	942262	1150196	1342585	1923884	2030650	3552965	10087087	34454128	6283902	0	0	0	0.4515
34	18863096	15713450	15992034	18499494	13166	13166	0	0	0	37184	79418	87480	85014	90826	91586	104513	117986	111043	140477	157088	154389	220213	187899	245515	276421	298518	371873	349362	469095	471630	531793	619269	638614	703139	898715	966803	1180559	1378915	1962355	2094774	3641489	10149690	33916861	6237568	0	0	0	0.3109
35	18821461	15702780	15967997	18571312	17690	17690	0	0	0	39298	77902	86676	83963	90175	91308	104106	118368	111799	141170	158213	155927	221845	189154	246928	277423	301379	376252	351639	472261	471772	534686	620861	637445	705906	900787	972008	1184014	1381330	1968859	2101718	3661593	10170646	33811566	6244573	0	0	0	0.3177
36	18761136	15797833	15963373	18505940	52958	52958	0	0	0	35277	81633	89703	86563	93595	93695	107870	122430	114435	145308	162035	159378	225958	193255	252881	282383	305611	381242	355164	478545	476341	538729	627549	643176	711125	904768	976650	1190219	1389699	1978092	2118555	3687357	10192939	33564565	6261557	0	0	0	0.3740
37	18827748	15776139	16056176	18415266	5911	5911	0	0	0	36884	83820	91022	89123	96796	96643	110533	126071	118233	149596	167638	164569	233617	197880	260505	288883	311853	388626	361133	485911	482743	546368	636570	649703	720789	915154	988886	1203831	1405244	1996043	2144155	3712156	10220018	33330105	6264228	0	0	0	0.3135
38	18782954	15736581	16010474	18472131	79100	79100	0	0	0	41795	92367	99029	96083	103047	102969	117749	133385	124070	156838	175042	170539	242605	204423	269045	297894	319281	398903	369226	497415	490992	555651	645569	660192	730387	926932	1001401	1217362	1417445	2011718	2169228	3747803	10228748	32940889	6246118	0	0	0	0.4388
39	18724066	15846133	16025658	18482520	2863	2863	0	0	0	42785	94138	101521	99016	106215	106487	121946	138174	128925	162540	181045	176325	249437	210348	278788	307239	328118	409193	379275	509067	500814	566322	658768	669226	745889	942042	1015344	1234857	1438927	2034635	2201184	3784851	10264284	32663142	6227510	0	0	0	0.3371
40	18761918	15818037	16091346	18406869	3070	3070	0	0	0	45151	98937	106009	102649	111145	110859	125718	143543	133207	167633	186934	182173	257364	216888	285768	314802	334437	417691	384346	517958	509229	573536	667660	676637	755350	953172	1027572	1247016	1455160	2054860	2227953	3816528	10285256	32367186	6217843	0	0	0	0.3493
41	18735892	15739876	16035039	18406157	164276	164276	0	0	0	52039	113790	118310	114035	121340	119629	135710	153745	142070	178142	197702	191449	269050	225465	299009	326351	344447	430402	395066	531185	521047	585873	681884	691869	768948	971130	1043316	1268384	1474578	2074163	2258948	3852231	10272053	31829253	6164351	0	0	0	0.6123
42	18680715	15889394	16069168	18436071	5892	5892	0	0	0	52449	113259	119112	115552	124239	122618	139539	157740	146485	183844	203755	197872	277382	233791	307920	334878	352566	440357	405839	544185	529906	597512	695148	702204	785988	984047	1059336	1287222	1496816	2096482	2293515	3901911	10310275	31590525	6171079	0	0	0	0.3891
43	18696210	15834057	16099376	18357487	94110	94110	0	0	0	55822	119092	124782	120162	129112	127673	145042	164332	151431	190360	210103	204240	285330	239907	317539	343374	361753	450121	413133	555340	538684	605964	706288	711400	794889	997281	1070813	1300711	1512220	2113910	2318570	3936673	10302066	31228330	6140683	0	0	0	0.5314
44	18695609	15829861	16107881	18445335	2554	2554	0	0	0	60252	127634	132048	126925	135796	135183	151958	171982	158538	198253	219644	212206	296271	248602	328579	354376	370479	460534	422434	567821	551644	617758	718358	724591	808233	1012209	1087767	1317149	1530063	2133821	2347982	3972480	10320019	30922130	6134967	0	0	0	0.4186
45	18608327	15948646	16099220	18416837	8210	8210	0	0	0	65517	135189	139316	133877	142716	140578	159705	181224	165783	207099	228667	221222	307142	257635	339285	365156	381614	473792	432812	580151	560851	631016	732928	735988	823956	1028253	1102467	1334097	1548229	2154188	2380434	4008733	10322694	30543885	6106831	0	0	0	0.4468
46	18655048	15916376	16165598	18325613	18605	18605	0	0	0	68244	144403	147826	141348	150539	148099	168379	188061	172902	215921	238915	229582	318122	265470	352775	377105	392145	486454	443875	597285	574968	643945	747056	750065	838803	1047326	1120073	1355628	1572847	2174334	2413983	4061142	10296421	30177152	6041442	0	0	0	0.4823
47	18664036	15886185	16134408	18392220	4391	4391	0	0	0	75869	155355	157115	150036	158900	155493	174814	197033	180848	224374	247049	236722	327814	275304	362145	387056	399804	498746	452224	606417	585347	655483	758509	760379	852434	1061423	1137601	1369979	1587713	2190661	2434781	4076588	10307222	29837876	6037735	0	0	0	0.4861
48	18567780	15993666	16150914	18366398	2482	2482	0	0	0	75607	157973	159688	152601	161317	158262	179580	201951	183364	229417	251927	241922	332129	278914	368421	392644	405825	503048	458121	614390	590937	660265	767046	769167	860220	1066972	1141434	1379469	1599051	2203961	2446866	4095220	10307239	29618664	6065146	0	0	0	0.4903
49	18647354	15938255	16169104	18271758	54769	54769	0	0	0	81725	168955	168226	161037	170700	165190	186165	208797	189080	236204	259368	248173	342031	286012	377429	401100	412897	511448	466082	622817	597420	669404	774992	774359	870360	1076204	1152014	1389380	1611553	2212608	2461774	4104536	10301709	29341693	6025029	0	0	0	0.5884
50	18609777	15855557	16132955	18343411	139540	139540	0	0	0	95562	191875	192789	182250	192485	185489	209400	236215	208858	265471	288572	270650	380245	305748	418541	432768	445525	550659	497444	669649	635574	705527	822801	823816	917548	1143543	1223866	1473635	1721346	2329317	2681003	4419771	10178581	27525069	6120108	0	0	0	0.7726
