#Name	E:\SaveData\2016-10-18_15_18_08_1001160117_R0024_A_CL100007988_BGI12070_WESPE_result\\CL100007988\L02\CL100007988_L02_13_2.fq
#PhredQual	33
#ReadNum	50397273
#row_readLen	50
#col	48
#BaseNum	2519863650
#N_Count	3973447	0.157685
#GC%	44.54
#Q10%	94.94
#Q20%	84.56
#Q30%	67.14
#EstErr%	1.806450
#Pos	A	C	G	T	N	0	1	2	3	4	5	6	7	8	9	10	11	12	13	14	15	16	17	18	19	20	21	22	23	24	25	26	27	28	29	30	31	32	33	34	35	36	37	38	39	40	41	Err%
1	16208489	11813323	11333274	11005375	36812	36812	0	0	0	7813	28306	38280	42162	53080	59141	128891	159997	141993	217081	249650	221982	392296	248007	437384	434505	473419	589173	482034	780756	625438	716973	870070	819234	844269	1147272	1199807	1332383	1446772	2093444	2303768	3691968	6919361	19813118	1350634	0	0	0	0.4212
2	14072594	9643389	11854431	14777365	49494	49494	0	0	0	65320	124142	132433	131901	149686	149916	242354	286267	244113	330580	368778	319780	506246	349107	544472	523707	553198	675328	567610	840754	695283	803634	933065	875048	959136	1206910	1251641	1413382	1550526	2078874	2338263	3611138	6515661	17453118	1556408	0	0	0	0.7908
3	13386899	11512801	10353613	15114418	29542	29542	0	0	0	73078	119369	127657	122682	138512	133738	229302	273477	226700	320736	357853	304826	498256	329045	540608	519736	534630	668554	549925	839280	696211	772226	925728	870793	915658	1189579	1232925	1384431	1510377	2062925	2304518	3574771	6569855	17776666	1673104	0	0	0	0.7286
4	13783086	11285488	10571431	14698215	59053	59053	0	0	0	83098	146212	152033	142996	157667	151756	252751	295315	251787	341714	378992	331979	511980	360038	556359	541134	553501	686580	578697	847891	721788	799174	942675	895665	959399	1212268	1252837	1422027	1562835	2068788	2346958	3585052	6437184	17024926	1784164	0	0	0	0.8640
5	13742689	10960782	11106502	14580772	6528	6528	0	0	0	93187	151991	157101	146531	160629	152941	255078	298980	248011	344000	381364	324858	516991	350080	559433	540704	547886	687241	565557	849722	716656	779650	935799	888385	926802	1196593	1236879	1393560	1521294	2052733	2309816	3551956	6483739	17350874	1713724	0	0	0	0.7764
6	13473363	11258952	10880722	14705496	78740	78740	0	0	0	100630	182602	184716	172345	185061	178682	283557	325906	279827	367618	402342	360213	531961	387141	576692	563821	567235	701429	596871	852134	740294	809476	950273	907041	970852	1217974	1254301	1424233	1569076	2045703	2333358	3541965	6350815	16569314	1833075	0	0	0	1.0078
7	13811095	10915698	11224585	14440010	5885	5885	0	0	0	104714	173293	172850	159323	171512	164562	267374	307370	262281	348029	384363	341045	512664	368421	558640	546796	551246	685763	579961	837287	726449	791182	935758	893435	948457	1198768	1239866	1406671	1549529	2041621	2325001	3548167	6433690	17006870	1848430	0	0	0	0.8249
8	13505469	11231538	10539631	15058142	62493	62493	0	0	0	87871	167428	174804	162403	176421	169158	280292	322844	273717	367274	405464	356635	539355	381850	587262	572723	569063	711957	597178	867210	755906	809530	964813	925175	966819	1228885	1266746	1436347	1581334	2073562	2355701	3561687	6382794	16437689	1816883	0	0	0	0.9415
9	13306931	11217378	10656549	15207532	8883	8883	0	0	0	99291	179407	179934	169691	182930	176845	283259	324737	279986	366857	402458	361189	529125	390975	576314	564569	566875	701172	596882	847127	743743	812443	949675	909833	976526	1215633	1254867	1433374	1580466	2050621	2346592	3549523	6361066	16506058	1918347	0	0	0	0.8614
10	13533126	11121072	10864508	14864564	14003	14003	0	0	0	119729	205575	204558	186995	198816	187757	298185	341897	286974	381097	416585	365655	546160	392254	590213	573313	568705	711101	597213	860295	749443	806000	953292	912947	962695	1213906	1249439	1420731	1563740	2042512	2325096	3520967	6335745	16459154	1834526	0	0	0	0.9421
11	13627563	11063326	10850509	14818135	37740	37740	0	0	0	101772	188685	190376	178236	192294	183538	294453	338937	286310	380475	416997	366356	543975	391648	588256	574485	569034	711640	596169	859482	748055	804810	951862	909356	958856	1213392	1247410	1416779	1557368	2039316	2320713	3519235	6347353	16531436	1840474	0	0	0	0.9493
12	13608069	11160651	10851268	14709147	68138	68138	0	0	0	98548	190647	193159	181953	194263	184854	297395	340104	286875	380106	416931	367687	543038	393684	587683	573932	567586	708369	597305	855419	750570	803764	950394	913629	957628	1211371	1245592	1416196	1560503	2038243	2322038	3511708	6334252	16482192	1871517	0	0	0	1.0128
13	13643288	11157724	10853810	14717372	25079	25079	0	0	0	123205	226943	226303	206666	216761	204166	320463	362096	305933	401551	436075	385099	559942	410225	604506	593504	579826	725146	611806	865521	771022	814489	964106	927262	969455	1219458	1252232	1425066	1569473	2034683	2320421	3484366	6265549	16132445	1856430	0	0	0	1.0266
14	13549214	11096577	10841667	14645976	263839	263839	0	0	0	120242	237712	237272	217258	226993	213141	329999	371239	316318	407555	443367	394405	563753	419667	610263	596074	585544	725953	619580	865786	771015	816813	963029	926343	974744	1216741	1248237	1422513	1569330	2019177	2307773	3464150	6190176	15858458	1882814	0	0	0	1.5271
15	13547253	11191608	10960070	14690085	8257	8257	0	0	0	128961	246537	244285	221200	229258	214771	331171	373274	316542	411541	446559	395722	570477	418847	615312	602921	585440	732217	620122	874006	779149	817088	970653	938377	973907	1225885	1256950	1428657	1575039	2029733	2319647	3476558	6224788	15919167	1874255	0	0	0	1.0410
16	13577529	11210222	10983259	14608108	18155	18155	0	0	0	180738	347532	344637	307941	316851	292997	332683	370607	315127	406403	439793	393653	559323	418190	603064	594131	579942	720075	615831	856443	771342	810574	958917	926825	970624	1213623	1245536	1421844	1571301	2012616	2304770	3452793	6164662	15675636	1882094	0	0	0	1.2927
17	13557239	11207343	11008532	14609435	14724	14724	0	0	0	184371	362443	357886	319503	327765	301506	339683	379357	323108	412681	448141	402321	564937	425948	606935	598972	584174	724455	622441	859102	778227	814594	960454	932778	975151	1216368	1248066	1423426	1574726	2012462	2305327	3437260	6133673	15540382	1883926	0	0	0	1.3216
18	13446358	11317589	10992180	14627359	13787	13787	0	0	0	168087	336735	333241	300698	311129	287788	325865	367502	312314	403228	437393	390954	556637	416819	602170	593876	576721	719147	614946	857970	773960	810146	957811	928210	971673	1213186	1244116	1421875	1570152	2015694	2309966	3456708	6180359	15721530	1894880	0	0	0	1.2525
19	13448400	11268109	11047492	14535073	98199	98199	0	0	0	198999	395935	390688	345666	351438	320645	359891	398353	337476	430263	462800	414781	579175	436847	622089	612431	590294	735746	628256	868471	789047	818694	965589	939606	976698	1219845	1247005	1423814	1570732	2003482	2293643	3405854	6057061	15235714	1872046	0	0	0	1.5736
20	13503108	11265486	11040032	14521419	67228	67228	0	0	0	162803	356728	351954	320448	328820	305753	343311	384092	327366	416657	449399	405144	564880	429203	609130	603631	582980	724566	624907	855853	780513	816246	961735	936598	978937	1217574	1248506	1426523	1580069	2009654	2310084	3439792	6112147	15445256	1918786	0	0	0	1.4070
21	13384985	11339313	11072440	14537188	63347	63347	0	0	0	209334	417403	407355	359809	360409	329246	365787	403795	343489	432028	466764	420397	576827	445551	622704	613286	593839	734891	635379	862166	792298	821957	966383	943663	984713	1224094	1253047	1431332	1586353	2001588	2304300	3416003	6024227	15079338	1904171	0	0	0	1.5490
22	13403473	11305553	11114522	14413062	160663	160663	0	0	0	214045	437241	425529	374368	376904	342407	378878	416541	353584	443756	477777	430337	588129	452304	628922	621080	599391	741297	640755	865996	798003	824604	966849	946137	987266	1222382	1251709	1427780	1585916	1992344	2293407	3387250	5972823	14868235	1902664	0	0	0	1.7916
23	13514210	11278549	11077142	14481599	45773	45773	0	0	0	215046	446604	437221	385493	386856	350064	386801	425294	360944	452473	486440	437797	596586	459405	638021	630786	605883	750532	650187	874139	805792	831853	977420	956214	991374	1230915	1258450	1434428	1591529	1996304	2297450	3384327	5956367	14786387	1876118	0	0	0	1.5934
24	13388654	11357589	11164329	14444680	42021	42021	0	0	0	222373	465889	454107	398385	397462	359706	396264	432722	369057	457172	489683	442330	594723	464531	637174	630977	607072	747806	653770	869870	808662	832292	974244	955210	996760	1228802	1253290	1432943	1590343	1992626	2292420	3378116	5927329	14689412	1911730	0	0	0	1.6282
25	13485245	11297812	11204104	14387695	22417	22417	0	0	0	224486	485909	479645	417640	415115	376284	412671	451380	381625	472277	506636	454382	613588	473830	655503	645275	616396	761516	660878	880853	817725	835321	982545	961273	996082	1232092	1256943	1431410	1587840	1984261	2282815	3349714	5876996	14505122	1888828	0	0	0	1.6478
26	13449941	11248250	11217467	14385421	96194	96194	0	0	0	246386	523183	513964	446759	440260	394342	432899	469650	393738	489124	521026	466629	628345	482999	669286	653532	622663	768843	665261	887857	827441	839226	985329	965780	996702	1231487	1255112	1427105	1583325	1976106	2268058	3315465	5815886	14241982	1855329	0	0	0	1.8900
27	13427724	11366030	11156691	14372376	74452	74452	0	0	0	235781	519259	509133	445018	439987	396477	433355	469640	396063	489547	521461	468264	627099	486038	665689	654818	625080	770091	669320	887263	830032	843731	987713	968470	1001130	1234906	1260973	1436332	1591955	1978827	2276621	3324920	5809604	14208577	1859647	0	0	0	1.8341
28	13534011	11296758	11244259	14262218	60027	60027	0	0	0	295854	646286	647173	549105	530505	468088	505593	539140	451057	545587	576845	514304	676236	525783	707153	687645	654509	798526	694099	908419	853723	853842	999212	981025	1006790	1233461	1253948	1422748	1574519	1938933	2221860	3213951	5587673	13475255	1798399	0	0	0	2.1415
29	13485611	11329068	11252545	14303352	26697	26697	0	0	0	259644	575360	565026	489125	479011	428396	463454	498535	419606	512667	545858	488671	647462	504618	683060	670684	638144	781322	682477	892377	840257	848940	992381	975823	1007857	1237818	1257239	1435909	1592367	1962308	2263076	3289090	5715341	13863258	1863415	0	0	0	1.8812
30	13416578	11398144	11255584	14292494	34473	34473	0	0	0	234482	543671	533080	467863	462216	412683	451803	488035	409594	504055	534723	481096	637100	497908	676117	665102	632391	775849	676829	889846	837586	848517	991700	975050	1006495	1236860	1260867	1438566	1594014	1971624	2274877	3307660	5756484	14007269	1880788	0	0	0	1.8146
31	13534199	11332543	11207561	14198896	124074	124074	0	0	0	251724	595999	587098	511588	499069	445754	480378	517128	435070	527624	560383	502690	658940	516862	695760	680754	647240	790878	692892	900579	851629	856687	998644	985835	1016603	1241606	1263472	1438403	1595016	1960059	2259099	3263775	5638399	13565273	1840289	0	0	0	2.1258
32	13518689	11323338	11220841	14225489	108916	108916	0	0	0	265285	620051	614482	530824	515596	458289	494274	529417	444582	537867	569593	511840	666969	522617	702447	687301	651299	795436	696278	904937	856133	857377	999283	986494	1014642	1243846	1261596	1434308	1590880	1953422	2246710	3246687	5599550	13448089	1829956	0	0	0	2.1605
33	13463012	11348011	11318773	14215043	52434	52434	0	0	0	252066	609809	602173	525621	510577	455010	491137	527110	442452	534735	566975	509739	663996	522175	700523	684446	649018	794320	695078	902747	855041	859193	1001036	988298	1017929	1242570	1263887	1438569	1596861	1955828	2253032	3254475	5618872	13509019	1850522	0	0	0	2.0187
34	13545156	11321963	11349080	14125569	55505	55505	0	0	0	267355	656109	648857	561999	542395	482707	517234	551273	464384	556211	587732	528116	683688	539809	716844	700145	664443	805896	710387	910566	868294	866137	1006422	996070	1023522	1244696	1265592	1434447	1594870	1941450	2237875	3214312	5530901	13195720	1825310	0	0	0	2.1405
35	13497635	11356186	11360435	14125820	57197	57197	0	0	0	264620	648756	640361	555205	538290	476638	511812	546415	460361	551373	583415	524438	678381	534084	710704	696976	657559	800587	705388	905865	861763	862823	1002464	992974	1021579	1242955	1263789	1436779	1592975	1948125	2243164	3226903	5549534	13269305	1833716	0	0	0	2.1228
36	13446540	11262593	11278065	14028418	381657	381657	0	0	0	265476	676211	671937	584407	562447	499332	532679	566622	475093	567923	597521	538257	690406	546359	719617	702617	665392	806664	711386	910658	869246	864657	1001243	993246	1021055	1238106	1257323	1426866	1581674	1922121	2214010	3172892	5434692	12920073	1807408	0	0	0	2.8395
37	13538654	11305564	11375897	14037106	140052	140052	0	0	0	281191	710666	707725	611901	586077	520144	551966	585479	490885	584965	613517	552491	705920	558139	733411	716001	676590	817711	721558	918625	880428	870718	1012971	1001101	1026585	1243326	1263296	1431847	1588245	1921459	2212786	3163708	5406935	12792822	1796032	0	0	0	2.4509
38	13440729	11376181	11368716	14099537	112110	112110	0	0	0	293896	723304	713260	614293	591412	519033	554996	588986	490209	588802	619013	551412	710102	557493	739111	719344	676443	824773	722882	925050	881856	873694	1017199	1005877	1026764	1249184	1267615	1435551	1594454	1932217	2221731	3172381	5405016	12712469	1765341	0	0	0	2.4211
39	13431021	11391366	11409073	14065330	100483	100483	0	0	0	302562	761447	760074	651847	622969	546978	580749	612096	510184	606385	635089	567955	721950	570680	748703	727144	686817	831325	731578	927448	892295	877182	1018482	1007368	1032187	1245569	1266532	1431633	1587598	1913978	2202199	3135984	5325572	12484026	1772205	0	0	0	2.5012
40	13563899	11324474	11454849	14003088	50963	50963	0	0	0	302144	780801	785297	672855	642400	560979	596390	626445	523183	619024	648498	579041	733946	582372	757405	735472	692247	834989	736842	927762	895720	878220	1019032	1008375	1028279	1243514	1259850	1423324	1581201	1903176	2186944	3111703	5285322	12426114	1757444	0	0	0	2.4569
41	13478778	11387860	11489333	13988907	52395	52395	0	0	0	286383	757427	747931	648913	622396	548219	580502	612706	511873	605620	634359	570081	722210	571268	749047	730139	686453	828727	733216	925542	892033	878742	1015698	1009837	1031773	1248609	1263047	1432783	1591988	1915090	2205010	3140358	5330669	12528778	1787451	0	0	0	2.3838
42	13415621	11326955	11351103	13811698	491896	491896	0	0	0	298311	809451	805403	693884	662329	580380	611588	642850	534658	630853	659262	590767	742080	589067	764439	742306	697738	837863	743260	930260	899624	879709	1016727	1008862	1030470	1240738	1255815	1416740	1571588	1881296	2164929	3060038	5165793	12010723	1735576	0	0	0	3.3871
43	13542693	11361376	11481263	13903709	108232	108232	0	0	0	322489	859172	866413	740179	699842	609105	644754	673453	558037	654932	683844	608399	763468	605820	781750	757921	710542	853460	753374	940423	911795	886759	1024676	1016831	1033962	1243168	1258852	1419680	1572036	1879836	2157083	3043646	5132814	11904435	1716091	0	0	0	2.7671
44	13473957	11382926	11527741	13936702	75947	75947	0	0	0	324823	874309	878512	750910	712264	618477	652915	680365	563922	661901	689455	614502	766320	610529	786618	761047	712822	856623	758123	941633	916705	890821	1027925	1021789	1037581	1245885	1260355	1422809	1577160	1877793	2154012	3035740	5106864	11814866	1714951	0	0	0	2.7367
45	13510193	11402933	11485957	13890534	107656	107656	0	0	0	328776	891839	899704	769136	727364	633524	664074	691329	574039	671493	698396	622316	775481	619981	794347	766712	719621	862253	762238	945729	920378	892158	1029931	1022219	1036084	1246781	1260419	1416457	1574245	1870289	2146812	3019773	5062915	11681253	1691551	0	0	0	2.8489
46	13561005	11379564	11536428	13861027	59249	59249	0	0	0	330102	907230	917486	784950	739816	642997	674497	701434	584022	676940	706394	628211	782463	624301	797640	772511	725517	864998	768341	949142	925149	894729	1031396	1023178	1041616	1245109	1262507	1416587	1572495	1866628	2140793	3005314	5033743	11609328	1690460	0	0	0	2.7924
47	13604171	11328350	11522284	13826398	116070	116070	0	0	0	344543	949349	966252	820946	772423	670181	701063	726018	601759	699372	727256	644555	798632	634219	812182	781903	732937	872217	774149	952653	931645	892672	1032421	1025533	1037901	1241289	1255993	1409211	1559757	1847816	2115502	2961742	4952883	11372620	1661609	0	0	0	3.0169
48	13401756	11445343	11602591	13855268	92315	92315	0	0	0	327678	923193	929653	798151	752180	655414	685336	712215	591935	690010	715728	636672	791073	629805	807246	778038	728563	871031	773621	951919	931204	898861	1034697	1028434	1044578	1249749	1264003	1416233	1574519	1864348	2136331	2994675	4997449	11439616	1680800	0	0	0	2.8932
49	13743257	11329309	11543739	13723201	57767	57767	0	0	0	341220	976476	1004550	853713	800918	692936	725410	747005	620443	717406	744506	658461	814675	650033	825484	792622	744713	881263	786098	958341	939327	901619	1036010	1029445	1040622	1244558	1258080	1407175	1557174	1835980	2106387	2936263	4888232	11181411	1640950	0	0	0	2.9796
50	13433975	11402853	11660686	13863873	35886	35886	0	0	0	348764	985396	988900	849745	801492	695028	723882	752949	622679	724864	750702	665101	825792	652668	838958	806407	752108	898911	796900	978266	956094	917661	1058829	1053262	1065500	1272717	1284294	1435069	1587094	1866505	2135833	2964239	4852837	10850418	1601523	0	0	0	2.9444
