#Name	E:\SaveData\2016-10-18_15_18_08_1001160117_R0024_A_CL100007988_BGI12070_WESPE_result\\CL100007988\L02\CL100007988_L02_10_2.fq
#PhredQual	33
#ReadNum	90950514
#row_readLen	50
#col	48
#BaseNum	4547525700
#N_Count	6770993	0.148894
#GC%	45.62
#Q10%	96.53
#Q20%	89.29
#Q30%	75.77
#EstErr%	1.279163
#Pos	A	C	G	T	N	0	1	2	3	4	5	6	7	8	9	10	11	12	13	14	15	16	17	18	19	20	21	22	23	24	25	26	27	28	29	30	31	32	33	34	35	36	37	38	39	40	41	Err%
1	29105188	21103746	19884769	20789952	66859	66859	0	0	0	8048	34165	46059	49201	60104	67273	139456	171117	157455	233444	268156	249966	423001	291473	475626	497465	552783	682783	596777	912330	794483	909557	1092728	1086070	1125011	1526717	1612224	1872182	2092695	3155086	3099114	5181200	13556303	42359485	5504118	0	0	0	0.3010
2	25228076	18195997	21397593	26025538	103310	103310	0	0	0	65479	138550	149119	147668	164824	166518	259513	304888	270307	354923	400797	363159	553547	407609	605560	604938	653431	793662	700260	998889	882815	1017868	1182234	1154066	1277008	1611799	1703194	1997251	2274661	3214556	3386674	5511084	13553140	37396684	6580529	0	0	0	0.5482
3	24357002	20784762	19150793	26599330	58627	58627	0	0	0	87078	144306	154081	148695	164484	161254	264672	309860	265548	366002	407905	362087	569087	398812	621287	618074	649678	807070	694421	1016730	896116	1001303	1189789	1164372	1237867	1602091	1685474	1961009	2212914	3167051	3295166	5378346	13532310	38083330	6273618	0	0	0	0.5135
4	24745955	20675092	19446560	25969125	113782	113782	0	0	0	92841	163375	172102	160958	173702	169393	274946	318795	277871	373514	416609	373261	573987	416487	629510	629284	657800	817240	706769	1019559	913295	1010060	1197624	1177424	1253124	1611669	1697291	1973615	2230650	3159664	3315302	5375444	13426583	37618944	6458040	0	0	0	0.5989
5	24520330	20043271	20359914	26018725	8274	8274	0	0	0	103717	201299	209242	197191	210404	204654	316245	362621	319337	415014	458694	421968	612436	466703	672899	674579	699776	857199	764721	1056958	966977	1065357	1246064	1236670	1337385	1683273	1771646	2072953	2370825	3243903	3527137	5638396	13340563	35271853	6943581	0	0	0	0.5533
6	23886773	20487259	20039304	26394731	142447	142447	0	0	0	112890	217255	222087	207704	221651	213738	329587	377027	329845	427675	472556	430841	627247	475539	686380	686617	707067	867400	767422	1066678	973642	1069358	1257989	1240404	1343890	1691556	1783606	2086182	2379284	3241819	3531651	5623277	13311061	35201305	6625837	0	0	0	0.7259
7	24403044	20082762	20680899	25776605	7204	7204	0	0	0	122210	223815	225144	209024	221593	215392	330702	374759	332942	423595	468405	435636	617292	484150	679415	683222	706904	865483	777131	1057301	980912	1080935	1260487	1251121	1372338	1704836	1801862	2116023	2422794	3255963	3591511	5690577	13273002	34727805	6959029	0	0	0	0.5848
8	23835096	20630763	19427412	26938234	119009	119009	0	0	0	93346	192688	206859	194489	207565	202089	322136	372485	321803	429125	472859	427198	633114	468602	695483	695389	709285	879737	770900	1083170	995093	1069318	1274594	1266994	1342431	1710598	1805373	2101344	2402842	3285348	3590224	5706779	13296660	35070219	6535366	0	0	0	0.6709
9	23609748	20562864	19629782	27134966	13154	13154	0	0	0	83136	174340	188931	180740	196169	191113	310796	359735	312851	417288	461776	418565	619294	462404	681619	683837	700155	865859	762138	1066297	978437	1057431	1257366	1247768	1329674	1692463	1783089	2083460	2380864	3262541	3577562	5703356	13382130	35241440	6822736	0	0	0	0.5262
10	23683543	20454008	19998144	26791923	22896	22896	0	0	0	139878	248795	248211	225072	236860	224902	343340	388825	336286	436321	480059	435063	632186	477329	691965	691716	699581	869199	762110	1059421	979061	1050631	1248852	1236523	1317348	1668851	1756002	2052599	2341290	3187875	3504718	5593123	13297698	35330074	6735854	0	0	0	0.6363
11	23801374	20471113	19983595	26625213	69219	69219	0	0	0	112250	216739	221677	207028	221315	212338	332876	381300	329068	431568	475565	427943	626809	469468	685632	683173	696148	861924	752369	1055821	963583	1046111	1235950	1221736	1301209	1654369	1738775	2028638	2307943	3182138	3454762	5537593	13361309	35710709	6735459	0	0	0	0.6443
12	23720570	20719064	19951454	26436891	122535	122535	0	0	0	109551	219453	225748	210073	223413	215826	335621	382705	331376	432408	475503	431524	626546	472639	684689	686438	695491	862286	753882	1052334	966246	1044957	1237445	1226769	1302431	1654758	1738433	2034689	2316647	3184049	3471990	5555587	13321674	35524892	6819906	0	0	0	0.7062
13	23813490	20699515	20072150	26326112	39247	39247	0	0	0	145248	272914	276134	251899	261365	247934	374066	420777	362209	467959	510970	463179	662452	504160	720925	722800	723243	895334	788214	1082999	1006494	1070871	1268074	1261551	1341232	1690206	1775065	2075894	2370776	3212531	3528998	5603376	13235546	34467157	6848715	0	0	0	0.7016
14	23633060	20643734	19959389	26221463	492868	492868	0	0	0	142108	282547	283654	258603	267632	252514	378449	426135	367533	470276	513417	466220	662285	506522	721755	722182	723833	894899	789526	1078309	1002818	1069692	1267728	1256824	1336137	1682829	1764999	2064942	2353737	3189798	3505614	5563021	13118953	34348575	6723580	0	0	0	1.2091
15	23631743	20962149	20123637	26223262	9723	9723	0	0	0	152426	295304	296535	267043	276269	261594	388133	435807	375719	480526	524715	477885	673806	519532	733423	733945	734871	907214	802159	1093802	1021264	1085636	1285597	1279056	1363866	1712322	1800178	2105318	2406514	3230598	3581987	5658801	13160013	33924898	6894035	0	0	0	0.7008
16	23688332	20924356	20163467	26151204	23155	23155	0	0	0	205313	401506	401901	358181	366605	340723	383475	430593	371647	473631	514726	471573	661998	513323	722552	723271	723888	896477	795043	1077867	1013669	1077976	1273319	1270983	1354210	1699016	1783463	2090554	2395446	3212924	3561765	5627454	13091888	33830625	6809774	0	0	0	0.8477
17	23665717	20938685	20176863	26150927	18322	18322	0	0	0	209505	419240	418729	373279	380192	353059	396011	440347	382971	482660	526639	482402	668613	524774	729653	729077	732969	904644	806160	1086474	1026024	1086292	1282134	1283944	1365623	1709759	1799055	2109034	2412125	3223617	3584412	5640935	13041922	33527460	6792458	0	0	0	0.8679
18	23531668	21225107	20143653	26031469	18617	18617	0	0	0	190306	392412	392196	355250	365165	342227	383255	429769	373599	474888	517286	476832	663346	519854	724429	729629	729667	900161	804042	1082313	1021969	1086126	1281173	1279353	1369282	1713759	1801512	2116369	2424940	3234177	3611336	5688000	13091449	33436689	6929137	0	0	0	0.8307
19	23542738	21142230	20235836	25855725	173985	173985	0	0	0	233601	472188	469965	415385	418121	386570	427839	473295	409372	512672	556938	510420	698403	550077	757000	757891	756177	927848	832777	1107863	1054384	1108470	1307937	1308564	1394865	1739862	1829608	2140432	2458770	3239590	3634757	5680014	12901984	32502179	6800711	0	0	0	1.1181
20	23636005	21031079	20228548	25931184	123698	123698	0	0	0	180598	408718	410051	374533	382703	358386	399945	445460	388472	486233	529884	489736	671793	532100	735663	739130	738398	906919	813679	1088233	1034239	1089579	1286392	1288855	1377019	1718579	1807577	2122953	2433680	3229768	3620648	5691368	13009666	33181291	6854568	0	0	0	0.9691
21	23625770	21169146	20256928	25786523	112147	112147	0	0	0	212026	466817	470530	420481	423326	392529	434173	479092	418622	519327	563065	520680	705573	564327	767736	771756	766909	942714	851966	1122867	1081263	1128025	1330702	1339603	1434064	1773922	1872245	2187745	2520186	3293867	3721847	5774481	12818860	31991369	6755672	0	0	0	1.0465
22	23581009	21100575	20350580	25625060	293290	293290	0	0	0	233215	501944	503459	444110	446945	409869	453060	498615	429247	536226	579085	530451	719581	567900	780351	781655	771699	949842	852358	1127338	1081096	1124807	1330413	1336426	1417621	1763819	1855769	2166770	2484547	3265962	3670449	5706654	12782608	31970696	6582637	0	0	0	1.2952
23	23581039	21071992	20477715	25741904	77864	77864	0	0	0	242598	531863	528468	468298	466316	428455	468834	513296	446334	549891	592281	548222	731654	587606	792568	792758	788332	962733	870388	1139600	1099481	1143994	1347294	1354969	1447908	1787418	1879410	2195906	2528131	3290371	3720881	5765428	12737654	31359227	6764083	0	0	0	1.0991
24	23532999	21237005	20430010	25677305	73195	73195	0	0	0	241695	535390	536985	472946	471995	430925	474955	518953	447355	553807	596254	547665	737618	587403	795527	795261	788530	963633	871589	1139602	1102407	1138213	1345850	1357560	1437426	1781329	1877066	2188595	2511200	3274569	3696006	5716658	12703763	31652129	6586460	0	0	0	1.1013
25	23576000	21240220	20507683	25598302	28309	28309	0	0	0	261611	579013	580205	508022	501469	457812	500332	545214	471804	575344	619864	569473	757641	608801	816265	813870	803687	982324	888560	1152435	1117374	1155868	1359650	1370472	1455912	1796518	1889985	2206471	2537830	3284751	3723795	5745072	12629041	30972181	6683539	0	0	0	1.1164
26	23454141	21187797	20517295	25630647	160634	160634	0	0	0	289435	626040	624179	543025	533146	481825	525280	569827	489268	597226	641508	587865	777400	622568	836134	831261	820356	1000873	905690	1169094	1137730	1167305	1378793	1387032	1475484	1813488	1908214	2224781	2558462	3295248	3736001	5735727	12503298	30449820	6546497	0	0	0	1.3302
27	23371351	21288308	20573251	25584922	132682	132682	0	0	0	265786	618641	621137	545389	537195	488463	530698	575541	496017	604737	647456	596328	783566	632824	845187	839751	828120	1008050	916349	1179484	1147920	1177692	1388387	1398246	1491908	1826780	1922601	2239690	2581699	3310229	3761883	5764607	12476586	30206806	6562079	0	0	0	1.2915
28	23460151	21315866	20589440	25493474	91583	91583	0	0	0	361434	791254	804209	680077	656394	580141	625715	666749	567475	681750	724168	659445	857087	689393	909362	893780	876499	1060756	962577	1224271	1200307	1212121	1429381	1440514	1520814	1857024	1948946	2255160	2589206	3295552	3736028	5662704	12143080	29021917	6273641	0	0	0	1.5019
29	23450566	21231332	20595139	25641304	32173	32173	0	0	0	302724	683595	682064	590773	576861	519227	559990	602718	518872	625528	670074	615121	802058	649124	860391	852390	840779	1020020	929440	1184905	1162941	1187197	1395215	1413976	1497520	1832763	1931163	2244311	2584219	3306473	3760254	5740639	12372978	29892713	6509325	0	0	0	1.2694
30	23388304	21340148	20617381	25556781	47900	47900	0	0	0	263310	638202	636216	562600	552645	502345	543466	587615	506686	613118	657032	606333	791096	641114	847311	847330	830828	1009620	920009	1179501	1153060	1181198	1388421	1403062	1490885	1827681	1923197	2247849	2585048	3308670	3772757	5766903	12447748	30116736	6553022	0	0	0	1.2216
31	23460375	21245124	20695860	25333557	215598	215598	0	0	0	292261	716699	720242	628567	614069	552589	594184	637317	548985	657478	701961	642954	833196	678876	892083	882089	867764	1048328	958624	1215843	1201517	1217257	1429114	1445227	1535705	1873250	1972659	2289461	2636407	3337618	3813186	5772262	12193414	28957084	6376646	0	0	0	1.5248
32	23473103	21190015	20706365	25387945	193086	193086	0	0	0	303824	746045	756014	656119	638798	570850	614617	658326	561277	674749	718565	659892	850192	690383	904761	893981	877971	1060469	969759	1223983	1211283	1220238	1437745	1457036	1539322	1872220	1973906	2286616	2628238	3327052	3792034	5737449	12132506	28822721	6288487	0	0	0	1.5467
33	23436715	21394021	20693289	25339910	86579	86579	0	0	0	289587	731191	736448	643642	626174	564411	604185	648608	556588	665323	708843	651452	839959	684948	896966	887895	870835	1053923	962789	1217645	1202888	1219229	1431619	1449931	1539609	1871532	1972273	2289654	2634960	3332985	3808328	5763468	12181044	28956473	6368530	0	0	0	1.4026
34	23530912	21355821	20760673	25213639	89469	89469	0	0	0	310482	790291	793818	690876	668036	599921	638477	683656	586046	696176	740598	680963	869960	711844	924450	913734	895353	1077810	992633	1242153	1233075	1245736	1458794	1477724	1570561	1900483	2001272	2316118	2665241	3348533	3831044	5764170	12019180	28243683	6278154	0	0	0	1.4903
35	23489309	21281372	20745945	25345069	88819	88819	0	0	0	303584	775154	782665	679448	658379	592211	631666	672967	578780	687539	729908	671921	858969	704466	913659	902851	885461	1067795	981481	1227469	1220392	1230905	1445348	1462569	1554430	1886531	1985320	2300075	2651793	3334414	3817921	5751313	12067491	28559750	6287070	0	0	0	1.4682
36	23299537	21276962	20615690	25078384	679941	679941	0	0	0	310467	816389	825589	720743	692653	622068	664061	701946	604507	713365	757616	696943	881744	727183	937766	923022	906894	1089631	1003251	1246353	1241711	1248377	1463520	1481980	1574166	1900028	2000724	2312545	2663181	3328437	3816113	5717918	11836738	27680211	6162733	0	0	0	2.1804
37	23482835	21355076	20785753	25085569	241281	241281	0	0	0	328724	863342	875374	759739	730414	651859	691107	731318	627456	737185	781099	719359	907724	746358	958743	942651	925999	1108607	1022995	1265567	1263379	1266068	1482988	1505527	1598408	1925133	2027603	2336021	2691795	3347855	3836459	5725430	11797838	27407454	6121655	0	0	0	1.7684
38	23383755	21326038	20885812	25165473	189436	189436	0	0	0	339547	882301	892123	773543	743806	662213	704839	747761	635809	753433	797508	729566	925220	756499	978782	961886	939195	1126807	1033366	1286487	1281848	1279091	1506208	1523326	1610171	1943968	2043607	2357993	2708156	3372867	3860641	5747153	11731306	27174371	5949681	0	0	0	1.7417
39	23452694	21380981	20830976	25126337	159526	159526	0	0	0	347099	919422	942979	814545	781680	692301	734026	776444	660179	778375	822319	749227	946608	775183	998660	975150	952625	1142096	1050515	1299385	1299060	1287138	1514773	1535866	1616332	1949274	2049463	2356370	2703449	3354703	3831897	5682190	11627939	26982295	5841421	0	0	0	1.7714
40	23548990	21394283	20884484	25056987	65770	65770	0	0	0	354637	959410	984579	848569	809234	717612	758004	796889	679790	794312	838305	768149	959525	791611	1009138	984322	965174	1148785	1062364	1300484	1307750	1296318	1519493	1538933	1626663	1955171	2055718	2358987	2712995	3360039	3841011	5692831	11570804	26566366	5950772	0	0	0	1.7222
41	23453050	21345999	20923747	25146142	81576	81576	0	0	0	325699	910390	921855	803304	771831	688407	726810	767873	658693	769891	814406	746403	936282	773046	986302	968422	948098	1133517	1049462	1286784	1290178	1288077	1505235	1527653	1621677	1947188	2048763	2359657	2715500	3361977	3856230	5725606	11681214	26933793	6018715	0	0	0	1.6593
42	23191245	21277739	20715100	24878211	888219	888219	0	0	0	348975	977760	994675	860982	822947	730852	767753	807262	689346	800719	846715	776336	966670	798000	1014532	989254	968033	1154479	1069044	1302477	1313225	1300957	1519924	1544661	1630699	1953600	2057771	2362124	2714138	3346275	3828075	5646648	11378435	25977816	5801136	0	0	0	2.6442
43	23541805	21349216	20938899	24942754	177840	177840	0	0	0	375269	1058257	1097803	941318	894750	786701	828119	865625	735961	854699	899675	816877	1016595	838547	1061172	1027648	1006661	1195025	1103807	1343807	1355228	1328937	1559291	1581570	1663561	1988674	2089493	2389187	2738156	3358905	3841512	5634423	11267531	25559974	5667916	0	0	0	1.9961
44	23452559	21363834	21023941	24993339	116841	116841	0	0	0	378653	1077237	1111402	957784	908467	799651	840503	878730	746917	864268	910322	827703	1025952	846819	1070969	1039041	1014797	1206414	1114240	1350030	1363722	1337499	1568261	1589829	1673798	1993389	2098621	2396014	2745300	3364032	3843464	5625990	11226588	25387816	5649451	0	0	0	1.9544
45	23450463	21435127	20959707	24931881	173336	173336	0	0	0	384801	1097696	1143094	985147	931781	821859	859494	894887	762959	880395	927692	841900	1039691	861818	1085289	1049673	1027710	1216219	1127180	1362130	1376689	1346695	1578804	1600353	1682898	2003010	2112790	2402046	2748919	3362907	3839354	5608387	11122737	25123610	5566564	0	0	0	2.0566
46	23485503	21429557	21059443	24895590	80421	80421	0	0	0	384964	1118237	1162078	999835	943071	832836	871086	905462	773545	889276	935902	852647	1051256	870216	1093432	1057751	1037031	1222534	1137106	1368166	1388096	1354320	1587072	1609344	1695138	2012503	2119848	2413361	2762107	3369963	3844774	5603961	11078495	24973512	5551168	0	0	0	1.9789
47	23502744	21351718	21031626	24871798	192628	192628	0	0	0	405826	1178410	1236064	1057550	996602	873723	914714	947479	805520	924020	970829	879538	1081565	894969	1122085	1077333	1058120	1246024	1158164	1384946	1407114	1367576	1599984	1623579	1703506	2019293	2123508	2410951	2760474	3350445	3822669	5548266	10913787	24466499	5426754	0	0	0	2.1983
48	23297297	21529470	21125335	24859928	138484	138484	0	0	0	375337	1138193	1184796	1023733	966978	852241	891626	931100	792929	909959	956092	869842	1069221	887922	1108502	1074399	1051920	1241673	1154865	1385496	1405335	1369355	1604664	1626951	1712153	2029493	2138591	2430243	2779385	3378788	3859780	5601881	10981762	24557641	5469184	0	0	0	2.0744
49	23718269	21366930	21068519	24724279	72517	72517	0	0	0	401357	1214340	1292409	1105175	1043788	912089	952332	985743	836558	954828	1003226	906698	1114576	922184	1147954	1101877	1081871	1270312	1180420	1406893	1431242	1382812	1618283	1642707	1722512	2036670	2143599	2423680	2767687	3351825	3821907	5517579	10770283	24077089	5335492	0	0	0	2.1332
50	23285688	21498029	21259493	24864386	42918	42918	0	0	0	398292	1231122	1279666	1110191	1051424	928683	965319	1000986	854204	974832	1026033	930900	1143101	948608	1183583	1136525	1117828	1316309	1228074	1459083	1488813	1440521	1691013	1717911	1808902	2128283	2247388	2534561	2898997	3469536	3963037	5639869	10572034	22849030	5172938	0	0	0	2.1184
