#Name	E:\SaveData\2016-10-18_15_18_08_1001160117_R0024_A_CL100007988_BGI12070_WESPE_result\\CL100007988\L02\CL100007988_L02_14_2.fq
#PhredQual	33
#ReadNum	39988725
#row_readLen	50
#col	48
#BaseNum	1999436250
#N_Count	3033509	0.151718
#GC%	44.71
#Q10%	95.15
#Q20%	85.11
#Q30%	68.02
#EstErr%	1.735827
#Pos	A	C	G	T	N	0	1	2	3	4	5	6	7	8	9	10	11	12	13	14	15	16	17	18	19	20	21	22	23	24	25	26	27	28	29	30	31	32	33	34	35	36	37	38	39	40	41	Err%
1	12643783	9253302	9092223	8970758	28659	28659	0	0	0	7008	25079	32424	35902	45114	50884	103965	127383	119481	169366	196259	179299	298305	206125	334803	333766	365827	453003	381227	590153	482772	566883	671141	631627	689320	892215	936456	1059013	1165234	1619408	1815830	2890098	5424130	15565596	1494970	0	0	0	0.4265
2	11194573	7779586	9344115	11630796	39655	39655	0	0	0	48545	88023	94685	95155	109264	108121	175958	210422	177905	245536	275100	234087	381477	253775	411800	393071	416692	510540	425521	642126	523656	607091	710040	664551	724924	920400	956771	1078438	1180875	1615747	1796573	2802992	5255302	14393733	1420174	0	0	0	0.7396
3	10647467	9055926	8395695	11866311	23326	23326	0	0	0	56092	91394	96637	93362	105539	102303	173157	207017	172887	243369	272055	231867	378199	252308	410981	397652	409497	511902	423520	640797	535099	595864	713696	673628	712484	920565	954514	1077002	1179396	1607719	1791703	2787662	5254546	14371773	1519213	0	0	0	0.7027
4	10852193	9028886	8554973	11506145	46528	46528	0	0	0	64325	114912	118131	112712	123267	120606	195739	227253	198378	262760	291880	260305	392022	283784	428031	418510	430578	531159	453753	650410	563329	628169	732885	700461	762966	950442	982730	1121962	1243621	1621619	1850703	2818198	5132117	13523109	1631371	0	0	0	0.8501
5	10824262	8765328	8877632	11517163	4340	4340	0	0	0	72751	118600	120309	113097	122313	118007	193157	225582	191896	259222	288622	251907	391009	273009	424353	413203	421354	525079	438593	647008	554007	609855	722779	687887	731965	929323	963610	1091420	1203475	1603881	1810862	2785943	5173789	13897385	1609133	0	0	0	0.7507
6	10726180	8932980	8686960	11582553	60052	60052	0	0	0	53039	109806	117845	112559	124137	121377	203119	236970	202095	274820	303482	268471	407462	290725	446564	436628	438642	546219	461623	669321	583168	630427	748177	718121	760343	960934	994023	1130130	1249285	1636363	1859046	2818688	5140132	13240254	1634678	0	0	0	0.8805
7	10834759	8761287	9006605	11381532	4542	4542	0	0	0	78633	132846	132546	123406	132828	128275	204861	236861	202611	269829	298873	264045	398832	285003	433235	422680	428593	531268	448148	650326	561165	618956	727188	695269	741808	935075	964531	1098506	1211041	1603736	1810207	2773063	5139191	13680784	1619964	0	0	0	0.8011
8	10584933	8996403	8446630	11912042	48717	48717	0	0	0	80559	140588	140028	128496	138075	132294	211130	242553	208304	275349	303060	270601	401799	293810	437238	430869	430155	537083	454327	653747	572703	618831	731587	701077	745136	937034	969900	1104325	1219973	1598145	1820774	2775072	5123008	13483571	1628807	0	0	0	0.9369
9	10506593	9024626	8515089	11935934	6483	6483	0	0	0	76632	144803	143591	135593	146237	141570	221160	251981	222159	283546	311804	286556	405603	312678	441991	438543	442751	544633	475242	654334	584818	644236	742164	715654	780559	957241	988297	1137210	1264390	1610266	1853501	2794368	5056905	13017878	1753348	0	0	0	0.8555
10	10784716	8853774	8627559	11711837	10839	10839	0	0	0	71553	140521	146470	136843	147077	139776	226510	261356	220402	295626	325631	285494	428872	305672	467293	453492	447853	561624	474171	679367	600701	636719	759507	732322	765967	969319	999352	1135403	1257122	1634567	1858486	2795179	5076824	12929261	1611554	0	0	0	0.8694
11	10728166	8866261	8637736	11728508	28054	28054	0	0	0	79039	144390	143937	135312	145244	138306	221584	254522	216356	286727	313997	277771	411575	299786	446879	435723	435351	541743	458620	655903	573911	622072	733182	701716	746773	936979	965852	1101420	1218093	1594519	1810743	2759629	5101806	13396229	1654982	0	0	0	0.9084
12	10708754	8942091	8610031	11673430	54419	54419	0	0	0	75247	144139	145550	135940	146286	140195	222352	253781	216789	286255	313364	278484	409774	301915	446671	437150	435009	541060	459281	655345	576113	621120	732618	703949	747633	937997	966767	1105406	1222727	1591414	1814417	2756811	5087220	13333722	1691805	0	0	0	0.9727
13	10731319	8927017	8651535	11660414	18440	18440	0	0	0	94377	174052	174258	157903	166246	157238	243346	275040	234905	305842	333022	296541	427665	317718	463182	455797	448559	555714	474668	665159	594108	632169	744042	718754	761287	951096	974743	1115953	1235802	1593772	1816310	2740632	5021243	12954800	1694342	0	0	0	0.9904
14	10666699	8880621	8611637	11623421	206347	206347	0	0	0	92174	179068	178994	163437	171289	161451	247436	279952	238146	308673	335823	299689	430455	320409	465392	457312	446924	557375	475950	667040	592892	631550	743108	716753	754977	944627	972164	1108373	1225241	1583052	1805108	2718770	4987681	12865962	1655131	0	0	0	1.4748
15	10664387	8966740	8703045	11648909	5644	5644	0	0	0	99877	188794	186096	169363	175928	166095	253136	284315	243123	313496	340879	304381	434580	326202	468083	461698	453844	563456	483111	668625	600688	638134	749680	726623	767018	955420	981194	1123344	1243281	1593936	1825971	2735180	4989978	12763737	1703815	0	0	0	1.0051
16	10688597	8949587	8720952	11616729	12860	12860	0	0	0	137795	261963	257876	231981	238113	221359	248999	279374	240051	307251	333407	301056	424576	322941	458621	453510	445863	552703	476863	657753	594326	631766	738508	718814	761144	945156	971950	1111923	1234719	1577835	1811835	2716809	4953137	12669695	1686193	0	0	0	1.2303
17	10668237	8951422	8745441	11613076	10549	10549	0	0	0	140515	273218	268612	240476	246466	228715	255742	285778	245371	311910	338193	306298	428826	327698	462912	458600	448624	554941	480203	659084	599497	633378	743431	721592	762862	947107	970867	1114414	1239389	1579545	1811484	2711519	4930125	12563162	1687622	0	0	0	1.2591
18	10592785	9057591	8734643	11593921	9785	9785	0	0	0	129035	255778	252043	227886	236620	219677	248286	278367	239493	307288	333854	302157	424268	322277	461527	456557	447171	554133	476333	657490	597270	631120	741707	722699	759965	946675	972333	1116402	1238622	1583635	1814613	2724246	4956616	12643194	1699603	0	0	0	1.2022
19	10592871	9015894	8779444	11524677	75839	75839	0	0	0	153272	302843	296303	264377	266288	245728	274717	303954	260316	327734	354281	320472	442694	338576	475502	470067	458124	566679	491631	665673	610555	641081	748858	730228	768422	951329	977034	1120280	1239881	1572979	1806006	2690431	4859674	12229553	1687344	0	0	0	1.5195
20	10634615	8987954	8759965	11554312	51879	51879	0	0	0	123572	267626	262968	240342	247326	231499	257469	288547	248266	313870	341001	309991	429409	330910	463922	460124	448546	556042	482255	657601	601649	631850	739933	723160	763868	947160	972087	1118210	1241923	1576783	1819240	2715256	4918597	12485762	1720082	0	0	0	1.3413
21	10599385	9044408	8768053	11528414	48465	48465	0	0	0	148057	306977	303073	269281	271723	250405	277985	307634	265145	330985	356573	325720	443571	346590	479695	474224	463427	569123	498345	668042	619171	645385	756707	739045	781272	961001	986588	1130835	1260468	1585115	1825178	2704099	4835535	12054606	1698680	0	0	0	1.4642
22	10593868	9017439	8806145	11446083	125190	125190	0	0	0	157499	324745	319167	281451	284123	259831	288227	318270	269960	338582	364353	330508	449941	348804	484390	481333	464033	571211	499794	671347	620459	642486	754323	739088	772784	956167	979596	1122828	1249358	1573679	1807440	2676598	4810888	11979646	1670626	0	0	0	1.7120
23	10627286	8995099	8835002	11496056	35282	35282	0	0	0	163352	341870	333347	294774	294587	270111	297428	325522	280026	346396	372519	339127	457706	355504	490156	486187	470214	578643	506292	675444	628878	652552	758639	745042	783604	964887	987687	1130210	1259014	1573328	1811860	2674307	4783368	11828290	1692572	0	0	0	1.5392
24	10589597	9059678	8842464	11464629	32357	32357	0	0	0	164378	347157	341493	299666	299037	273658	300439	329773	280726	348196	375227	340614	458077	358365	492811	487650	471658	580381	507740	676009	628196	650677	759558	745451	780567	960191	985035	1127824	1253745	1569786	1808254	2666369	4776367	11840048	1671245	0	0	0	1.5501
25	10637689	9038468	8880459	11415799	16310	16310	0	0	0	172641	370303	364956	319357	316777	287865	314674	344651	292867	361807	386084	351828	470057	368557	501714	494888	478477	585304	515156	681068	634099	654005	761418	747856	785736	959929	984232	1125384	1255682	1563057	1802914	2652070	4731745	11652257	1683000	0	0	0	1.5870
26	10606206	9003259	8891186	11416329	71745	71745	0	0	0	188956	400990	392064	340256	336393	302414	331127	359547	304542	373471	399602	360609	479922	375740	511696	502472	483713	593751	518949	685358	641421	656276	765762	753487	784714	963526	984177	1128153	1254968	1557172	1792388	2625923	4677234	11434916	1655291	0	0	0	1.8203
27	10569520	9061096	8899987	11400898	57224	57224	0	0	0	177090	396535	388814	341217	337180	305210	330751	360522	307311	375061	402020	364236	482658	378797	514393	506214	486841	594802	523394	687958	645187	659640	770262	756149	791055	967189	989990	1129377	1261435	1560567	1796974	2635951	4664774	11382089	1659858	0	0	0	1.7705
28	10662086	9033734	8927392	11322773	42740	42740	0	0	0	229601	497033	494479	420574	406237	358373	385979	411703	347394	419112	443033	397890	519131	406491	544712	530988	507119	617230	542372	701273	664520	669701	777866	765895	794894	966809	985361	1120095	1246163	1532558	1758169	2552101	4503607	10833325	1594197	0	0	0	2.0655
29	10623622	9023476	8934256	11388263	19108	19108	0	0	0	199466	438493	428950	370031	362870	324144	351796	378039	320227	391403	414988	375293	493004	388779	521923	513311	491229	602312	529470	689947	651656	661607	770235	759441	791896	965520	986784	1128379	1257152	1549630	1788055	2608720	4611524	11200384	1652959	0	0	0	1.8033
30	10582881	9084003	8927175	11369000	25666	25666	0	0	0	177828	410075	402278	353402	347623	314616	339259	369704	313508	382969	407996	368692	486812	383167	517812	510145	487421	596713	524195	684900	645179	660813	769962	757748	789247	965400	986451	1131235	1258536	1555701	1797302	2626467	4653116	11316964	1669823	0	0	0	1.7322
31	10647096	9028220	8944513	11276507	92389	92389	0	0	0	191274	453745	450343	390797	381560	341951	368767	396916	335371	404319	430908	389971	507616	402003	536127	526552	502912	611538	542283	699404	663858	671765	779173	771054	801157	976161	993197	1136943	1264049	1550107	1787981	2589907	4536925	10875688	1634014	0	0	0	2.0456
32	10639980	9004779	8956851	11297118	89997	89997	0	0	0	200128	473379	465935	405314	395247	351322	378271	405217	341619	413880	438317	394928	513052	405749	541361	529688	505274	614576	543483	700535	666318	670648	781025	770652	796914	972207	991151	1130052	1259426	1541195	1777334	2574053	4513285	10820078	1617115	0	0	0	2.0976
33	10606893	9073382	8981258	11288551	38641	38641	0	0	0	192075	464488	455535	399006	388118	348057	374763	401381	339148	408322	433353	393219	507766	404073	536672	526821	504379	613236	542346	699461	664070	672280	778433	770640	800312	971365	992553	1132955	1264368	1548666	1783436	2583612	4530493	10884403	1640279	0	0	0	1.9365
34	10669064	9056630	8993116	11228184	41731	41731	0	0	0	204029	499423	493110	427462	414165	370325	394645	421169	356475	425552	449712	408748	523058	418093	550920	539948	514135	620640	554384	704715	674050	678388	784938	777670	808253	974735	994712	1133392	1267225	1535430	1773707	2559322	4460485	10616399	1617580	0	0	0	2.0589
35	10634893	9032841	9005146	11274520	41325	41325	0	0	0	200157	491377	484863	420067	407266	364514	388961	416826	351213	420405	444480	401409	517387	411572	544782	534786	506909	617724	548206	699969	671460	673162	782070	772850	802707	972755	992698	1132696	1263325	1539066	1777654	2564543	4482327	10723824	1623390	0	0	0	2.0278
36	10572677	9019937	8941144	11162376	292591	292591	0	0	0	202568	515808	510554	443601	429670	381385	405658	431344	365891	433847	458026	414719	527501	424198	553422	541355	516551	622999	555881	703300	675948	678774	782814	776726	805417	970451	988264	1127477	1257662	1520871	1756000	2524462	4388262	10406678	1598050	0	0	0	2.7355
37	10659930	9059141	9002218	11160931	106505	106505	0	0	0	215066	542969	537837	466411	447621	397603	422852	445819	377598	447260	469746	426220	541837	433215	563142	551744	525383	633397	565588	711357	686720	683989	789625	782117	810774	978524	996730	1132575	1261962	1522823	1759305	2520406	4360610	10286188	1587207	0	0	0	2.3606
38	10570633	9068182	9053545	11212470	83895	83895	0	0	0	223675	553195	545405	471445	454474	401633	425904	452965	378576	451905	474858	427487	547612	433718	571939	557942	527759	638955	566091	718112	689164	684990	795662	788029	813589	982247	999979	1135419	1264459	1529462	1766478	2521010	4349678	10209187	1551827	0	0	0	2.3367
39	10626988	9065944	9032697	11186505	76591	76591	0	0	0	226534	576629	574779	496330	476172	419121	444135	469674	393359	466474	489539	440066	558359	444499	577881	564023	535179	643203	571628	722054	695727	686951	795991	789401	813631	979061	999885	1128711	1258738	1516946	1746508	2493140	4301399	10083268	1533139	0	0	0	2.4013
40	10676828	9069504	9064050	11141309	37034	37034	0	0	0	229216	598747	597715	512123	490795	431857	457591	480998	403376	473322	497715	448616	563465	451489	583209	568498	538515	645937	577362	721564	699926	689955	794994	790560	813004	979142	996111	1128164	1258411	1507938	1740182	2476596	4266367	9987966	1550265	0	0	0	2.3653
41	10600347	9080966	9098616	11171682	37114	37114	0	0	0	216806	574160	566736	490678	471542	415879	440905	464741	391320	462671	485705	437393	553228	441932	574536	560718	531937	639428	570567	716739	693609	687644	792884	787909	814995	979308	997437	1133073	1262813	1518208	1753868	2501923	4316451	10134034	1569834	0	0	0	2.2761
42	10535911	9037411	8989772	11046579	379052	379052	0	0	0	225895	612297	608670	525030	501238	442089	465033	487699	409517	480343	501389	452920	567023	454290	587787	571076	540587	647789	580393	719099	699637	688271	793933	788678	811892	975479	990136	1121840	1249467	1495045	1721549	2446677	4189773	9732813	1524319	0	0	0	3.2549
43	10676445	9066946	9089279	11073318	82737	82737	0	0	0	244695	654743	660429	563518	535707	468025	491469	515652	429841	503420	525572	469142	588723	470191	604614	586650	551862	662821	589158	731066	712339	693524	802793	796510	814454	978281	994195	1121086	1248043	1492170	1715212	2425955	4155813	9616399	1491916	0	0	0	2.6660
44	10631475	9063026	9130573	11106684	56967	56967	0	0	0	246033	664705	669398	572903	542724	472663	498495	521171	434362	507525	530322	473451	591621	471078	609344	588913	553631	665174	591195	733498	715977	695812	804005	799044	816602	980371	996040	1122726	1249860	1490213	1713690	2419772	4141532	9559403	1488505	0	0	0	2.6309
45	10657645	9081630	9097598	11069524	82328	82328	0	0	0	250727	677830	686119	585452	555445	484766	508042	529676	441435	515028	537374	480890	598211	478900	612918	593064	559662	669284	596286	736677	718767	698358	805290	801853	818368	980604	994371	1121364	1248434	1482288	1706751	2405143	4098077	9457141	1471802	0	0	0	2.7438
46	10699029	9066705	9134722	11043523	44746	44746	0	0	0	250736	690315	698825	597615	565410	492522	516524	538235	448192	523110	543807	484146	604379	484753	615614	596988	562560	671401	600529	737667	721158	698613	807391	804157	820519	981399	997538	1121745	1247821	1482786	1702799	2398337	4079782	9387758	1468848	0	0	0	2.6881
47	10726286	9039559	9119925	11012982	89973	89973	0	0	0	261277	725423	736280	628664	591116	512507	538045	557821	463892	537217	557878	497583	615262	493802	627914	603978	569290	679184	604563	741596	726798	701834	808413	805488	819726	978563	990897	1115167	1238338	1469674	1684749	2364535	4013534	9200392	1437352	0	0	0	2.9130
48	10577503	9118781	9185683	11037174	69584	69584	0	0	0	248019	702082	707429	606996	575985	500795	524932	545349	455703	528319	550730	490962	610464	488953	621166	605059	566529	676059	603009	742037	725032	705605	810065	807710	824355	983053	999736	1124089	1250789	1483773	1700048	2390660	4047190	9259826	1456633	0	0	0	2.7817
49	10835432	9029056	9140474	10940919	42844	42844	0	0	0	259247	744737	764539	652638	613450	531628	554351	574079	479382	553778	573126	509476	627252	503857	639106	614604	579628	685862	612149	747342	734453	707303	813135	809840	822298	979550	993287	1113416	1240060	1464142	1674321	2342465	3959789	9051453	1420138	0	0	0	2.8699
50	10590364	9100136	9233462	11038342	26421	26421	0	0	0	264874	751386	754655	650254	613113	534336	557893	579014	480725	557292	580267	515697	638202	509129	649798	625366	587972	699788	623344	765090	751262	720295	833208	827657	839855	1003901	1017807	1138244	1267048	1491733	1707480	2369474	3921627	8751405	1383113	0	0	0	2.8400
