#Name	E:\SaveData\2016-10-18_15_18_08_1001160117_R0024_A_CL100007988_BGI12070_WESPE_result\\CL100007988\L02\CL100007988_L02_13_1.fq
#PhredQual	33
#ReadNum	50397273
#row_readLen	50
#col	48
#BaseNum	2519863650
#N_Count	2382014	0.094529
#GC%	43.64
#Q10%	99.46
#Q20%	97.52
#Q30%	89.82
#EstErr%	0.308257
#Pos	A	C	G	T	N	0	1	2	3	4	5	6	7	8	9	10	11	12	13	14	15	16	17	18	19	20	21	22	23	24	25	26	27	28	29	30	31	32	33	34	35	36	37	38	39	40	41	Err%
1	17118978	10608878	11364433	11287163	17821	17821	0	0	0	3374	16781	26178	23662	23506	22440	24860	26922	26361	31813	35918	38980	52991	53147	61643	80664	127724	159364	173814	224107	291785	333718	378137	447270	407829	527792	508480	551068	547026	697332	833967	1617344	4411418	35347927	2244110	0	0	0	0.1555
2	15186086	8915892	11987699	14246867	60729	60729	0	0	0	5260	24431	30159	26898	26194	25788	28125	30147	30027	37177	41347	46681	63939	64405	73203	101569	151578	187032	200321	255761	312831	350709	394638	450515	430192	558735	564836	638437	677784	893398	1074182	2034535	5195916	32940754	2369040	0	0	0	0.2594
3	14399932	10651918	10719934	14549006	76483	76483	0	0	0	1935	13958	18157	17358	17337	17467	19558	21831	22900	28574	33034	38821	54888	56825	63494	94006	143414	178563	195073	246210	310687	347841	390455	450494	424667	555379	555321	622441	654246	853704	1021119	1938973	5055797	33417979	2438284	0	0	0	0.2591
4	14612039	10587046	10913417	14283755	1016	1016	0	0	0	519	8380	12634	12211	12867	13720	15978	18179	19759	25252	29207	35504	50011	52413	58633	89516	138446	173445	190620	240845	304319	341776	383263	443966	421286	546235	549804	619781	653632	851548	1020723	1940626	5087311	33512354	2521494	0	0	0	0.0940
5	14537836	10440911	11274059	14137463	7004	7004	0	0	0	925	7499	11389	11254	11854	12866	15035	17191	18840	24504	28393	34331	48631	52211	58212	88781	137567	172848	188547	238303	301583	338286	380715	439735	417886	544617	551461	626888	667015	871155	1047977	1985117	5173583	33283407	2581663	0	0	0	0.1033
6	14445388	10665206	10978979	14282519	25181	25181	0	0	0	2710	9333	13114	12144	12862	13315	16202	17698	19158	25052	28501	34908	49244	52644	57651	89888	137368	172163	188115	238515	300228	336052	377795	435880	417176	543150	551041	628619	671745	884575	1062094	2019273	5234988	33149046	2569845	0	0	0	0.1440
7	14632617	10466033	11248133	14024515	25975	25975	0	0	0	496	7270	10323	10204	10691	11946	14003	16079	17463	23382	27180	33384	47824	50754	56439	88267	135546	170479	186732	236725	295577	332266	375147	430884	415021	540652	551993	630844	681162	898418	1079176	2049266	5299869	33024538	2611298	0	0	0	0.1377
8	14382133	10696026	10751668	14533407	34039	34039	0	0	0	1769	7638	10197	9766	10353	11040	13244	15363	16899	22737	25664	32660	46750	49991	55151	88279	135634	169829	185023	235357	293361	329509	372355	426049	412811	540207	551216	633462	685482	909556	1092697	2076608	5363302	32872994	2660281	0	0	0	0.1536
9	14299048	10652838	10787100	14633486	24801	24801	0	0	0	645	6322	9292	9198	9883	10884	13159	15156	16507	22278	25752	32212	46699	49605	54941	87939	134247	168943	183380	233454	290249	326499	369003	421151	410006	533841	547943	632054	685832	915716	1099508	2095124	5398493	32853295	2663262	0	0	0	0.1323
10	14490964	10552367	10910943	14388924	54075	54075	0	0	0	672	6226	8616	8708	9563	10553	12920	15133	16537	22499	25963	32611	47318	49784	55628	89858	135143	170205	184016	235534	290024	325895	369402	419733	409794	537492	551340	640551	698716	934403	1122977	2135950	5466051	32585995	2717388	0	0	0	0.1899
11	14487170	10507210	10895698	14308772	198423	198423	0	0	0	1902	9521	11245	10799	11600	12115	14816	16756	17798	24438	28397	34485	51500	52163	59260	92543	137397	173919	185705	238868	289095	326649	369147	416764	410875	538859	557348	651595	715358	961937	1161473	2195148	5558394	32107596	2753385	0	0	0	0.4845
12	14481593	10663957	10928125	14321321	2277	2277	0	0	0	1431	6335	9066	9135	10121	11366	14063	16441	17913	24769	28367	35194	51624	53038	60640	93974	139542	175792	187216	240529	290717	327893	372019	416245	414296	542336	563464	659441	727485	980477	1181958	2237075	5639990	32066576	2788468	0	0	0	0.0908
13	14538397	10625419	10948055	14281676	3726	3726	0	0	0	1164	6740	9428	9882	10543	11728	14863	17353	18852	25885	29728	36408	53466	54694	62605	96258	140674	177670	188843	244352	289751	327717	372002	415660	415565	542528	565051	665989	737438	995643	1200506	2264306	5690735	31875344	2824176	0	0	0	0.0955
14	14446841	10611512	10897697	14281338	159885	159885	0	0	0	2220	8070	10561	10847	11642	12895	15732	18153	19606	27037	31127	37389	55592	55651	64706	98686	143065	180360	188866	245922	289965	329188	373153	415221	415512	543535	566817	668024	742805	1002773	1209887	2281085	5710862	31634756	2815678	0	0	0	0.4097
15	14424083	10739065	10955041	14277191	1893	1893	0	0	0	1913	8139	10842	10947	12550	13584	17063	19897	21193	28994	33579	40216	58199	58981	68470	102420	145751	184779	192220	249638	293176	331513	376337	415614	421270	550575	578545	683600	767890	1038539	1258631	2353482	5832712	31333380	2880741	0	0	0	0.0989
16	14432909	10724961	10997850	14240672	881	881	0	0	0	2135	11975	16583	16582	18501	19940	24156	27682	29458	38487	44727	51563	74488	73090	86325	121212	146853	185572	193900	251488	292689	330920	376388	416114	423491	552025	581723	692376	778621	1054963	1284175	2388314	5892227	31003554	2894095	0	0	0	0.1167
17	14370767	10710446	11001138	14211980	102942	102942	0	0	0	3183	14294	18110	18050	19444	20570	24469	28212	29466	39261	45244	51567	74804	73148	87050	121026	146814	184986	192836	251516	291662	328939	376471	411840	420144	548884	579558	685552	771212	1053136	1273987	2379310	5886508	30947547	2895531	0	0	0	0.3234
18	14298460	10829969	10998354	14200212	70278	70278	0	0	0	2947	14268	18570	18838	20656	21788	26155	30260	31620	41727	48151	54655	79111	76318	90867	125675	151278	191784	196247	257300	294798	333936	379667	417302	427520	556984	589386	699630	794253	1081305	1312024	2443290	5972408	30598022	2928255	0	0	0	0.2623
19	14316722	10774135	11041595	14141215	123606	123606	0	0	0	3763	16686	20975	21065	22997	24542	28767	33176	34003	45062	51601	57447	82787	79095	95710	130179	154735	196172	199849	262009	298717	337446	385803	418080	431868	562402	596313	712656	807900	1100748	1338888	2483035	6023526	30277450	2938215	0	0	0	0.3768
20	14352611	10787756	11078993	14173776	4137	4137	0	0	0	4616	16202	21125	21370	23100	24691	29365	33649	35298	45880	52840	58999	85192	80843	98646	132854	158673	199131	203026	266118	301283	341008	388821	419631	435663	566857	601762	717589	814392	1116048	1353467	2504632	6065773	30216421	2958171	0	0	0	0.1417
21	14305923	10863029	11096495	14129598	2228	2228	0	0	0	4794	20455	25456	25138	27423	28664	33845	38704	39273	51861	58755	64730	92895	87754	107005	140647	165491	209066	210884	276708	308002	348958	399490	428445	449683	580769	620846	743973	850773	1158263	1410532	2580973	6168826	29639649	2996315	0	0	0	0.1523
22	14338530	10846090	11133574	14074738	4341	4341	0	0	0	6165	20288	25621	26015	28358	29698	35616	40788	41284	54390	61975	67508	97433	91232	110899	146144	170281	214459	214459	281635	311010	352568	404716	432404	456188	589478	628806	755219	862014	1179961	1436610	2616812	6210595	29388672	3003631	0	0	0	0.1611
23	14347011	10819151	11127798	14076582	26731	26731	0	0	0	5344	20838	26014	26419	28750	30217	36036	41843	42230	55048	63415	68798	99450	92755	114477	149592	172967	217662	217380	285899	314929	356137	408350	435614	461925	595141	634581	764009	872427	1196772	1453472	2644961	6248644	29177623	3010823	0	0	0	0.2072
24	14269364	10920785	11112394	14068136	26594	26594	0	0	0	6216	21797	27451	27497	30306	32488	38250	44019	44588	58193	66625	72170	103442	96454	118931	154088	176498	222145	221938	293138	319415	362137	414572	440873	469613	603577	646508	777846	891590	1217472	1482982	2685531	6302636	28863642	3036051	0	0	0	0.2133
25	14296600	10890476	11151115	14005824	53258	53258	0	0	0	7939	28993	33474	32871	34963	36452	42536	48510	48919	63319	72089	77357	110720	101676	126002	160629	184102	230968	228281	301627	325255	367850	423430	446701	480555	618183	662194	797089	915094	1251419	1520022	2735216	6356977	28420609	3051994	0	0	0	0.2847
26	14271368	10862567	11158087	14045397	59854	59854	0	0	0	9770	26932	32556	32434	35413	37026	43815	50039	49825	65506	73569	79326	113622	104423	128720	164311	186255	235749	230054	305379	327294	371362	426674	450111	482837	620961	664397	801287	922851	1259055	1532670	2754729	6384640	28263985	3069842	0	0	0	0.2994
27	14196849	10941825	11144869	14020017	93713	93713	0	0	0	15806	34301	37550	36186	38547	39561	47095	53449	53329	69029	78068	82756	119123	108110	135984	169856	192681	242906	236762	314359	332518	378753	435512	456285	492300	630923	677083	816170	941832	1282075	1562143	2788478	6422691	27898683	3082656	0	0	0	0.3855
28	14264306	10932187	11184957	13987196	28627	28627	0	0	0	10154	32779	37501	37536	40611	41976	49069	56232	56254	72426	82073	87061	123537	112217	141501	175236	197664	248372	240930	320964	337793	385158	442620	462897	500941	642509	690367	830523	958261	1307964	1591481	2828247	6472884	27657795	3095113	0	0	0	0.2561
29	14177166	10839456	11105634	13929035	345982	345982	0	0	0	11673	35557	40364	39988	43011	44859	51841	59447	58396	74986	84746	90252	128750	114991	146603	179765	201907	253666	245263	326764	342388	388673	448499	465443	506249	647588	697251	836343	967708	1315867	1600355	2836886	6458056	27236086	3071070	0	0	0	0.8956
30	14185631	10960709	11173471	13979724	97738	97738	0	0	0	10809	32781	38478	38462	42534	44710	52210	60161	59722	76998	87695	91965	131340	117760	149017	183434	205302	258077	248552	332460	346170	393602	453083	470891	514399	658170	705241	850854	980979	1336133	1626720	2873177	6520241	27208285	3099123	0	0	0	0.4007
31	14237408	10936662	11243593	13934424	45186	45186	0	0	0	13568	38748	43987	43345	47499	48946	57191	65611	64167	82830	93918	98025	138328	125538	158497	192712	213477	268272	257829	342362	355950	403806	464866	481524	529028	671823	723108	870842	1005404	1366631	1659525	2916372	6559184	26839655	3109519	0	0	0	0.3156
32	14236577	10941147	11248020	13970056	1473	1473	0	0	0	13355	38998	44766	45169	49027	51703	60075	68823	67292	87401	98090	102638	145153	129915	165902	198438	219186	275376	263734	351797	362823	412396	475169	488545	538393	683266	734407	886982	1024049	1391379	1686867	2953390	6600010	26550683	3130603	0	0	0	0.2352
33	14157741	10989952	11223447	13933031	93102	93102	0	0	0	17988	47192	51983	51204	54958	56651	65333	75072	72747	93324	104673	108189	151715	136301	173520	207005	226370	284941	271355	361210	371611	421644	483619	498773	551432	696475	748899	902074	1044667	1411927	1716519	2983220	6611095	26108398	3142087	0	0	0	0.4409
34	14201586	10990862	11267850	13928325	8650	8650	0	0	0	20508	48828	55040	54393	59311	60969	71171	80994	78830	100145	112657	116157	162708	144870	185355	218982	238122	297956	283247	377479	383247	435231	500065	514863	567933	718516	771781	931538	1074637	1448482	1760121	3037132	6665884	25661718	3149753	0	0	0	0.2890
35	14171757	10994309	11256835	13962357	12015	12015	0	0	0	21794	46888	53782	53131	58822	60010	70477	81360	78788	100232	112767	116695	163806	145802	186639	219785	239559	298863	284428	379084	383192	435455	502377	513312	570175	720199	772811	932393	1076578	1453246	1767188	3049468	6680424	25595258	3160470	0	0	0	0.2942
36	14131105	11040016	11258471	13923356	44325	44325	0	0	0	18497	50051	55116	55022	60449	62386	72310	82628	80460	102744	115652	118757	166784	148128	190095	222117	242871	303359	284925	383538	386366	439821	505040	515948	573977	724493	780061	936157	1082080	1464407	1779998	3062952	6689376	25411697	3184686	0	0	0	0.3623
37	14164727	11036518	11304274	13888085	3669	3669	0	0	0	19136	50881	56331	56476	62035	63755	74649	85513	83011	105832	119658	121018	171200	150930	194334	227265	246174	308734	289894	389489	390564	443130	511690	521022	582402	732113	786926	950132	1095895	1477339	1792808	3074162	6700908	25271528	3186670	0	0	0	0.2877
38	14123311	11010823	11286980	13915143	61016	61016	0	0	0	22615	56896	61286	61214	66992	67890	79127	90593	87166	110843	124451	127440	178539	156210	201599	233756	252380	314641	295767	397235	396914	451142	520478	529851	590054	742080	798036	960147	1108200	1494231	1806744	3097119	6710926	24958494	3185201	0	0	0	0.4200
39	14105375	11072210	11296685	13921295	1708	1708	0	0	0	22141	56843	62778	63048	68211	69888	81641	93623	89865	115231	128810	129990	182633	161619	207700	238820	257355	322724	302605	404898	402161	459458	529793	537104	599543	752998	807242	973927	1124744	1512369	1833934	3120265	6731397	24749755	3200452	0	0	0	0.3079
40	14134986	11056374	11333091	13870995	1827	1827	0	0	0	23581	60125	64947	65261	71507	73779	85187	97099	93387	118157	132493	134918	188196	165956	213588	244828	262634	327562	307447	410965	409991	463397	535530	544274	606478	762866	820246	985420	1137967	1527059	1850578	3137517	6746029	24527015	3199462	0	0	0	0.3192
41	14096072	11018658	11293507	13863221	125815	125815	0	0	0	27963	69622	73880	72721	78815	79887	91402	104102	99388	126576	140667	141525	196850	173093	222600	254759	270127	338204	315197	422496	417471	472906	546447	552910	619937	775795	831339	1001588	1154722	1547631	1870273	3154268	6736506	24093854	3195937	0	0	0	0.5928
42	14082228	11114255	11317889	13879342	3559	3559	0	0	0	27907	68463	73223	73200	79873	81214	93976	107009	102440	129839	144437	146523	202617	178361	229077	260831	276946	345702	321828	430291	426867	483552	556227	562750	631068	787735	844715	1016753	1171327	1566278	1894556	3185180	6766840	23916406	3209703	0	0	0	0.3539
43	14076520	11072482	11339066	13837531	71674	71674	0	0	0	29735	72098	77126	76482	82781	84749	97654	111615	106484	133679	150356	150447	209904	183037	236211	267111	281915	351545	327950	437746	432779	490003	564151	569218	639299	797546	853620	1027893	1184929	1578978	1910304	3203038	6764294	23630833	3210089	0	0	0	0.5024
44	14081217	11081968	11343504	13889163	1421	1421	0	0	0	32431	77022	82109	80666	88208	88997	102824	117224	110974	141288	156188	156345	216928	188957	245409	274808	289517	361152	335722	448453	440002	499313	575693	579738	651113	809928	866084	1040751	1202519	1598136	1931163	3226004	6776537	23386641	3217008	0	0	0	0.3810
45	14026586	11154777	11337293	13873140	5477	5477	0	0	0	35273	82898	86807	85801	93785	94627	108173	123892	116722	146360	163187	163531	225019	195946	253486	283394	297861	372322	344168	458826	450186	508721	585092	587351	662536	823541	879732	1057622	1219042	1615577	1951239	3242465	6782329	23074752	3219533	0	0	0	0.4089
46	14038493	11135767	11384125	13826695	12193	12193	0	0	0	36669	88488	91535	90540	98377	98266	113895	128818	121846	152963	169979	170293	232710	202613	263782	292896	305530	381339	353234	471696	459350	518769	598155	599891	675819	837115	892695	1073176	1236736	1635593	1975848	3273714	6783311	22756654	3202785	0	0	0	0.4396
47	14039653	11133908	11361451	13859105	3156	3156	0	0	0	41306	95539	98429	96173	103945	104682	119286	135019	126138	159961	176294	176334	240974	209871	271258	298429	312869	388289	359053	478771	467892	525462	606089	608039	683235	845759	902276	1082414	1249056	1646967	1990128	3279058	6782259	22518244	3214619	0	0	0	0.4447
48	13982655	11198208	11368200	13846881	1329	1329	0	0	0	41156	96523	100891	98096	105642	106230	121642	138180	129083	162330	179692	179321	243570	212019	276236	303963	316870	393891	363214	482600	471809	530483	610559	613679	691125	853908	908596	1094443	1257524	1654942	1998611	3286608	6775125	22365925	3231458	0	0	0	0.4474
49	14050953	11154321	11363692	13782804	45503	45503	0	0	0	44908	103830	106491	103422	110918	111180	126271	142392	132971	167527	183741	184762	249837	217808	281825	310363	321187	399857	368462	490735	476639	536365	617922	618372	697233	860891	915164	1101135	1266230	1663313	2007569	3291409	6764310	22165427	3211304	0	0	0	0.5550
50	14011613	11110250	11362903	13807829	104678	104678	0	0	0	52477	119705	122500	117864	126944	125868	142593	161907	148148	187336	207240	201400	277946	234364	311788	334680	346695	428312	393168	526230	505746	566286	653408	655092	732585	909110	964101	1157467	1332674	1741295	2110862	3411862	6762952	20970872	3251118	0	0	0	0.7300
