#Name	E:\SaveData\2016-10-18_15_18_08_1001160117_R0024_A_CL100007988_BGI12070_WESPE_result\\CL100007988\L02\CL100007988_L02_14_1.fq
#PhredQual	33
#ReadNum	39988725
#row_readLen	50
#col	48
#BaseNum	1999436250
#N_Count	1830238	0.091538
#GC%	43.68
#Q10%	99.46
#Q20%	97.51
#Q30%	89.85
#EstErr%	0.307383
#Pos	A	C	G	T	N	0	1	2	3	4	5	6	7	8	9	10	11	12	13	14	15	16	17	18	19	20	21	22	23	24	25	26	27	28	29	30	31	32	33	34	35	36	37	38	39	40	41	Err%
1	13571927	8453223	9034604	8914960	14011	14011	0	0	0	2438	12885	20420	18196	18065	17264	19293	20555	20009	24572	27378	29563	40208	40788	47186	61353	97115	120058	131453	168994	221959	253654	290664	347810	319710	420436	408818	447091	443266	553203	634910	1234644	3463179	28004980	1992597	0	0	0	0.1519
2	12044227	7125943	9499085	11273009	46461	46461	0	0	0	3879	18422	22693	20216	19965	19432	21150	22843	23139	27911	31501	35297	47903	48619	55856	77901	115588	142765	152269	193840	239923	268543	304246	351473	335216	441751	446638	509642	536942	700337	815296	1545395	4070719	26200409	2074545	0	0	0	0.2498
3	11417970	8509017	8475893	11526416	59429	59429	0	0	0	1490	10603	13948	12890	12854	13147	14670	16131	17005	21473	24745	29014	41365	42920	48174	71226	109074	135678	148320	188473	236522	266727	300961	350064	330337	436907	439489	498976	522136	672580	778136	1471483	3967948	26555656	2128174	0	0	0	0.2520
4	11609107	8438378	8623539	11317025	676	676	0	0	0	328	6071	9249	9087	9660	10395	11997	13526	14626	19019	21893	27151	37967	39902	44573	67777	106037	131660	144516	183622	232802	262450	295061	346167	328231	430761	435541	495456	519128	670292	777612	1476084	3994660	26617849	2196899	0	0	0	0.0901
5	11569134	8308637	8923313	11182716	4925	4925	0	0	0	614	5568	8401	8304	9057	9434	11194	12771	13961	18532	21328	26042	37028	39653	44302	67647	104149	130840	143398	182216	231261	260223	293881	343451	326885	430272	437003	500598	530798	687008	798506	1513918	4072683	26423165	2239709	0	0	0	0.0983
6	11480069	8477810	8704959	11306477	19410	19410	0	0	0	2070	6902	9807	9281	9537	10020	12306	13273	14248	19188	21642	26532	37558	39652	43970	68574	104827	131833	143144	183299	229323	258584	292951	339622	326043	429036	437355	502386	535614	697868	810895	1540234	4126416	26312945	2222380	0	0	0	0.1394
7	11636711	8319240	8919922	11092440	20412	20412	0	0	0	335	5386	7593	7810	8190	8677	10603	12015	13408	17751	20706	25102	36728	38862	43190	67956	103543	130300	142381	182311	227641	256273	289712	336588	324017	428762	438316	506058	541159	709424	825288	1569350	4182700	26201608	2248570	0	0	0	0.1344
8	11427190	8511779	8518558	11505052	26146	26146	0	0	0	1283	5500	7510	7301	7724	8511	10252	11569	12636	17136	20077	24656	35725	38218	42621	67629	103412	130782	141696	181272	225856	255369	289332	333688	322138	425739	436569	507189	546963	720648	839887	1594480	4234566	26071574	2283071	0	0	0	0.1486
9	11369418	8463009	8549206	11587272	19820	19820	0	0	0	426	4881	7011	6992	7588	8366	10197	11519	12578	17045	19823	24934	36017	38129	42508	67961	102864	131066	141133	180659	223753	252976	287642	329901	320839	421727	435000	505924	546377	724757	844965	1610357	4273055	26043956	2275979	0	0	0	0.1308
10	11516665	8393611	8657283	11379375	41791	41791	0	0	0	460	4639	6457	6787	7213	8155	9768	11408	12756	17547	20203	25398	37203	38450	43312	69555	104146	131848	141674	182517	223635	253677	287098	327285	320833	423893	436547	511876	556462	739904	864956	1641006	4335749	25831674	2312843	0	0	0	0.1852
11	11517066	8362744	8634663	11318790	155462	155462	0	0	0	1395	7113	8490	8200	8819	9469	11419	12757	13818	19138	21836	26810	38983	40704	46344	71908	106911	134516	143113	185217	224412	253823	289053	326674	323030	426090	441925	518177	570400	763306	894818	1692243	4409617	25446856	2335879	0	0	0	0.4774
12	11514943	8481231	8661212	11329466	1873	1873	0	0	0	1006	4762	6936	7072	7692	8685	10937	12656	13777	19200	22031	26972	40045	40639	46681	73236	108236	136477	144890	187389	225680	254982	290440	328255	323264	428821	446150	525577	579370	778963	914155	1725728	4475304	25408647	2362197	0	0	0	0.0891
13	11558277	8448607	8685467	11293786	2588	2588	0	0	0	772	5161	7144	7347	8128	9191	11449	13499	14427	20211	23551	28193	41492	42627	49225	75189	109064	138054	146289	188772	225153	256430	290548	326813	324382	429874	449243	529581	587249	790771	929205	1747334	4517132	25253658	2388979	0	0	0	0.0929
14	11471592	8436083	8658800	11297090	125160	125160	0	0	0	1633	6243	8270	8349	9140	9891	12330	14219	15265	21170	24401	29395	43301	43619	51060	77197	110687	140811	147418	192203	227517	255688	291240	327003	325487	429846	450174	531823	589054	797396	935521	1762085	4538949	25060431	2374749	0	0	0	0.4041
15	11463787	8531378	8700588	11291388	1584	1584	0	0	0	1496	6116	8420	8607	9612	10720	13193	15429	16412	22862	26186	31108	46098	46048	53868	80664	114703	144313	149131	194952	227749	258802	294547	326860	330924	434287	456683	543225	608876	826681	974960	1825100	4639798	24809157	2429554	0	0	0	0.0977
16	11478173	8520091	8727016	11262811	634	634	0	0	0	1683	9212	12713	12875	14250	15483	18792	21538	22698	30523	35223	40694	58266	56630	68016	94943	114252	144491	150900	196420	228044	258089	295980	325897	332638	436494	460919	549527	616761	839932	996272	1854147	4688878	24552761	2432150	0	0	0	0.1147
17	11437325	8504260	8725845	11243875	77420	77420	0	0	0	2510	10888	14257	14059	15290	16129	19213	21947	23389	30769	35732	40297	58850	56580	68461	94950	114982	145591	149464	196720	227986	257721	294897	324411	330674	435058	458764	546608	612906	836421	990684	1851194	4686133	24499477	2428293	0	0	0	0.3114
18	11367847	8611011	8725543	11230806	53518	53518	0	0	0	2374	11039	14253	14740	16175	17243	20830	24037	24737	32913	38164	42963	62424	59931	71981	99075	118585	149992	153020	201824	230104	261573	299339	326884	337348	441938	465958	558487	629230	861272	1022410	1900154	4753572	24217157	2453481	0	0	0	0.2556
19	11378083	8575182	8756097	11182578	96785	96785	0	0	0	3120	12986	16690	16483	18138	19387	22808	26072	27136	35467	40899	44833	65991	61765	75809	102138	121608	154385	156188	206240	232746	264704	302506	330039	339559	446686	473398	565998	640645	877721	1040845	1926050	4801330	23965458	2456112	0	0	0	0.3729
20	11403777	8588570	8781183	11211948	3247	3247	0	0	0	3772	12630	16535	16565	18078	19657	23564	26772	27665	36968	41680	46802	68206	64097	77926	104966	124616	157121	159288	210091	234492	267265	304369	331989	344455	450300	477420	571458	646986	887844	1053881	1945784	4835553	23908318	2468365	0	0	0	0.1410
21	11366900	8639456	8802832	11177861	1676	1676	0	0	0	3895	15763	20145	19943	21399	22720	26665	30925	30981	40579	47095	50883	73740	68868	85228	111629	130113	164392	164611	218458	241000	274076	314883	338908	354526	461022	491335	589136	672802	922783	1099187	2013091	4917326	23453108	2495834	0	0	0	0.1513
22	11392161	8625129	8833229	11134665	3541	3541	0	0	0	5031	16065	20763	20604	22504	23817	28004	32367	32607	43555	48611	53622	77220	71550	88062	115784	134290	168992	167878	222168	245004	277025	318998	342349	358727	467176	500213	599312	685024	939907	1119529	2040470	4953775	23241982	2502199	0	0	0	0.1615
23	11393684	8598604	8832111	11144239	20087	20087	0	0	0	4396	16521	20496	20901	22860	24289	28881	33385	33680	44345	50764	54685	79933	73111	91056	117775	136401	171970	170707	226883	246518	280914	320950	344223	363368	471057	505589	606028	693133	952702	1135772	2062796	4982603	23077478	2502468	0	0	0	0.2046
24	11341465	8675312	8831264	11120550	20134	20134	0	0	0	5188	17398	21642	21870	23983	25504	30589	35172	35360	46568	53043	56979	82782	76001	95293	121533	140348	176614	174623	231093	249142	284014	326972	347180	370253	477956	513249	617798	706077	970125	1156398	2098163	5030649	22828152	2520880	0	0	0	0.2111
25	11360200	8653223	8851759	11082515	41028	41028	0	0	0	6652	23051	26527	25787	28080	29265	33981	39179	38533	50333	57727	60743	88118	80642	100710	127485	146421	183072	179637	239637	255983	291278	335273	354299	378530	489715	524861	634455	724522	997445	1189853	2136813	5071602	22469362	2528126	0	0	0	0.2822
26	11352353	8628012	8859291	11103982	45087	45087	0	0	0	8017	21308	25551	25843	28094	29367	34968	40083	39930	52099	59392	62579	90795	82663	103501	130704	147653	186260	182329	242053	256550	293517	337928	355150	381611	493414	527739	635997	731324	1002152	1198468	2150488	5095169	22347177	2543765	0	0	0	0.2937
27	11299689	8686362	8849879	11081720	71075	71075	0	0	0	12858	27431	29692	28634	31145	31658	37441	42941	42204	55511	62755	66065	94966	85980	108301	135314	152211	192466	186561	249245	261907	298220	344752	361354	389631	501025	537059	648543	745191	1021189	1222520	2180045	5128447	22055064	2549324	0	0	0	0.3783
28	11341764	8686670	8883476	11055110	21705	21705	0	0	0	8483	26304	30041	29992	32366	34202	39747	45469	44946	58113	66298	68957	99881	88991	113218	139869	156558	197109	190452	254412	266889	303469	349375	365708	395871	508850	548380	659492	758012	1039098	1245903	2211093	5166619	21863286	2559567	0	0	0	0.2556
29	11268900	8609480	8832465	11013690	264190	264190	0	0	0	9586	27992	31528	31482	34415	35713	41939	47771	47260	60743	68960	71699	102775	92270	117837	143273	160030	201596	193161	259973	270189	307145	353213	368289	399790	514053	551751	665299	765129	1049388	1255279	2220196	5156559	21531223	2537029	0	0	0	0.8705
30	11269785	8708545	8880927	11054344	75124	75124	0	0	0	9186	26230	30756	31048	34183	35989	42384	48935	47856	61842	70318	73394	105523	93812	119878	146265	163671	205208	197392	264786	273099	310730	359379	371596	407427	522077	559442	674147	777059	1067172	1274875	2249429	5206602	21493029	2558882	0	0	0	0.3970
31	11322249	8688586	8930293	11013425	34172	34172	0	0	0	11549	31108	34848	34837	38039	39294	46114	52791	51880	67041	75852	77956	112762	99438	127544	153733	170693	213501	203813	274479	280776	319568	368848	381267	417720	533542	573172	691395	795322	1089433	1302651	2286546	5237131	21197894	2562016	0	0	0	0.3140
32	11324953	8692799	8931290	11038513	1170	1170	0	0	0	11290	31407	35672	35980	39316	41275	48094	55884	54270	71041	79733	81793	117416	103580	133199	159391	174639	219035	208261	281138	286509	325903	377401	386837	426485	542788	583322	705286	810749	1106141	1323710	2312164	5271204	20967210	2579432	0	0	0	0.2379
33	11266086	8726097	8910372	11014845	71325	71325	0	0	0	14856	37363	41665	40987	44252	45632	52804	60381	58099	74985	84396	86756	123543	108152	139462	164971	180591	226805	215585	288160	293067	333051	384334	394728	435831	551731	591940	716692	826333	1124587	1344518	2336770	5286050	20623025	2585298	0	0	0	0.4370
34	11297097	8720987	8954967	11008702	6972	6972	0	0	0	17316	39760	44261	44008	47840	49015	57424	65635	62771	81335	91198	92899	131755	115697	149275	174174	189454	238112	223500	300490	302870	344489	399128	407333	449192	568801	611906	737121	848645	1155482	1382196	2378971	5322476	20265882	2591342	0	0	0	0.2938
35	11263078	8730061	8940735	11045262	9589	9589	0	0	0	18449	38471	43466	43278	47379	48948	57341	65588	63238	81607	91483	93348	132897	116031	149948	175110	190922	238883	224638	302881	304980	345617	399533	405885	451614	570394	613739	738888	851915	1158222	1389077	2391945	5330357	20205213	2597851	0	0	0	0.2998
36	11243775	8763060	8953263	10995057	33570	33570	0	0	0	15969	40477	44005	44147	48665	50646	58829	67263	65178	83692	93780	95185	135623	118340	153174	178710	193224	241593	226423	306235	305750	347690	401287	409926	454596	573735	617170	743721	857256	1162414	1396240	2400834	5345071	20065164	2613143	0	0	0	0.3631
37	11275893	8760291	8980922	10968688	2931	2931	0	0	0	16303	41207	45711	45648	50316	52575	60446	69521	66048	85891	96764	97824	138527	121043	157398	182051	195120	245702	229712	310257	309460	351396	406928	413631	459426	582417	624172	751135	869572	1175707	1407780	2416846	5354015	19939778	2615467	0	0	0	0.2933
38	11242682	8742162	8970705	10985997	47179	47179	0	0	0	18911	45582	50199	49431	53947	55639	64088	73846	69974	90555	101063	101824	144164	124528	162680	186833	200930	252032	234624	316527	313834	357926	412208	419557	467010	588322	631784	762264	877356	1187698	1423851	2428771	5356386	19701365	2615837	0	0	0	0.4223
39	11225420	8789984	8973009	10998977	1335	1335	0	0	0	18952	46562	50389	50356	55291	56506	66624	75531	72624	93306	103998	104760	148205	129127	168196	191767	204844	258030	239535	323143	320378	362583	419424	425441	474189	598638	641210	772230	890258	1203066	1438018	2449522	5378233	19532618	2623836	0	0	0	0.3137
40	11243831	8774762	9008929	10959665	1538	1538	0	0	0	20176	48504	53191	53198	57999	59444	69120	79227	75508	96587	108324	108717	152389	132285	172951	195774	209962	262869	244081	328672	324253	368000	425972	430321	480423	605281	649959	781855	898126	1213576	1453067	2465943	5387747	19348693	2624993	0	0	0	0.3264
41	11227457	8747411	8967960	10949713	96184	96184	0	0	0	23696	57142	60182	58559	63823	64517	74652	84870	80211	102603	113451	114477	160356	137404	181141	203623	216358	270206	250898	338164	331686	375871	435353	438925	490715	614755	659653	791026	914974	1230741	1467001	2478759	5377580	19010237	2618932	0	0	0	0.5914
42	11209925	8812761	8999806	10963309	2924	2924	0	0	0	23862	55887	59354	59066	64946	65903	76605	87319	82383	105543	117389	117354	164597	141849	186137	208772	221888	276792	256151	345472	338266	383316	442066	446072	499134	625821	668792	805547	927654	1243227	1487674	2500983	5401046	18872804	2626130	0	0	0	0.3619
43	11204062	8789212	9009592	10931226	54633	54633	0	0	0	25066	58826	62316	62168	67651	68698	79720	90808	85940	109765	122268	122004	170292	146602	191340	214805	226495	281645	261033	351152	342425	389716	448839	450243	505750	632775	676812	814350	937318	1253701	1503883	2516402	5396532	18639545	2627207	0	0	0	0.5051
44	11202180	8785321	9025367	10974607	1250	1250	0	0	0	27573	63591	66032	65701	72256	71938	83830	96078	89734	114481	126746	126556	175242	151313	197985	220598	231234	288531	266114	358277	350069	395737	456668	459633	516023	642656	687145	825127	949948	1269351	1518854	2531577	5415828	18444064	2630985	0	0	0	0.3906
45	11157908	8844163	9023284	10959255	4115	4115	0	0	0	29918	67574	70806	69790	75487	75854	88114	100748	94169	119491	132375	131910	182741	156432	205525	226659	238099	297608	272942	367441	356158	403415	465561	467477	524597	652752	696492	836026	962440	1283384	1533876	2548866	5414035	18200121	2635727	0	0	0	0.4172
46	11185172	8834054	9056345	10903601	9553	9553	0	0	0	31323	72899	74618	73685	80184	80269	92612	105447	98951	125055	137920	136271	189163	162572	212041	235013	244604	303845	280660	375161	362964	411965	474820	474966	532774	664572	708764	849659	977932	1299991	1550653	2569821	5415880	17952598	2619520	0	0	0	0.4504
47	11183086	8827838	9038513	10936865	2423	2423	0	0	0	35182	78796	79746	77906	84855	84760	96936	109834	102411	129759	142665	141560	194877	167332	218002	240121	249197	311705	284845	382928	370728	417731	482179	482548	540091	671263	715933	856698	985143	1306379	1563418	2575996	5416418	17760250	2628110	0	0	0	0.4553
48	11138706	8881942	9036448	10930589	1040	1040	0	0	0	35086	79358	81241	79878	86101	86152	98884	112025	104071	132274	146294	144662	199009	170034	222079	243759	252390	314181	288224	386484	373969	421517	486160	485727	546057	678954	719147	866275	996227	1313232	1572918	2579734	5409693	17641332	2634557	0	0	0	0.4582
49	11183558	8843166	9045885	10881676	34440	34440	0	0	0	38303	85530	86388	84582	90655	90074	102576	116111	107859	136437	149859	147843	202425	174592	227923	248136	257264	320172	293108	391895	378499	425810	491723	490315	551406	683779	724794	870403	999532	1321416	1577039	2584613	5406063	17469241	2627920	0	0	0	0.5632
50	11152689	8814340	9031846	10910954	78896	78896	0	0	0	44034	98026	99253	95776	103658	100851	115725	132108	118629	152259	168102	161704	225506	186772	251580	268330	277701	343037	311012	420224	401876	448014	519768	518263	579938	721256	764548	915312	1053900	1382185	1662457	2688667	5396576	16516099	2666683	0	0	0	0.7315
