#Name	E:\SaveData\2016-10-18_15_18_08_1001160117_R0024_A_CL100007988_BGI12070_WESPE_result\\CL100007988\L02\CL100007988_L02_16_2.fq
#PhredQual	33
#ReadNum	79459528
#row_readLen	50
#col	48
#BaseNum	3972976400
#N_Count	5887406	0.148186
#GC%	44.30
#Q10%	95.14
#Q20%	84.84
#Q30%	67.32
#EstErr%	1.743446
#Pos	A	C	G	T	N	0	1	2	3	4	5	6	7	8	9	10	11	12	13	14	15	16	17	18	19	20	21	22	23	24	25	26	27	28	29	30	31	32	33	34	35	36	37	38	39	40	41	Err%
1	25285950	17918406	17794429	18402619	58124	58124	0	0	0	12239	46357	61610	68736	85760	98852	203394	250324	234560	341507	396155	358617	615949	409894	691015	683406	757725	929450	782205	1225831	981918	1170919	1384257	1296779	1419626	1844127	1932924	2172604	2387876	3331266	3721176	5897507	10822002	29972182	2812655	0	0	0	0.4266
2	22583644	15513935	18323271	22960662	78016	78016	0	0	0	53454	125528	147243	154415	183240	186237	325710	397913	340241	481490	543870	474473	769446	522494	847851	810668	863160	1055489	895296	1334402	1109510	1273109	1491071	1410452	1544211	1949361	2023646	2293996	2529904	3377397	3795240	5820201	10439696	26838767	2972331	0	0	0	0.6636
3	21217791	18060410	16708765	23426480	46082	46082	0	0	0	120481	214677	225052	219376	244860	241409	387062	454967	393753	527462	587749	521223	799854	569897	870233	845494	876873	1076442	916373	1329827	1130507	1276750	1491477	1412243	1541137	1926133	1994876	2266737	2497949	3287607	3716814	5666932	10220887	26590029	2970304	0	0	0	0.7824
4	21750273	17737833	16869135	23009434	92853	92853	0	0	0	93913	196997	218535	211057	234504	229799	387436	457202	388495	539405	601868	530511	824457	572638	901260	878681	890699	1109548	935508	1374417	1180711	1284987	1528524	1466732	1538635	1963083	2030263	2288942	2522138	3331342	3753170	5676938	10216553	26100925	2906802	0	0	0	0.8181
5	21780262	17376803	17343727	22950873	7863	7863	0	0	0	102855	211524	233446	224772	249442	244124	406105	476984	407294	556869	617104	544298	839277	589347	914873	889018	903347	1119759	949347	1376233	1191294	1296133	1535829	1475398	1559171	1974085	2034889	2302981	2544603	3332899	3769070	5683620	10169852	25746733	2979090	0	0	0	0.7449
6	21312443	17738845	17053698	23231676	122866	122866	0	0	0	122628	231798	245012	233908	259423	248110	413937	487288	403793	564132	624137	535333	845314	572438	920146	888458	886186	1115480	914857	1376190	1167251	1254789	1514952	1438763	1486977	1927890	1986246	2238977	2448436	3284141	3671011	5589419	10234273	26373860	2831109	0	0	0	0.9169
7	21732722	17342936	17443378	22932355	8137	8137	0	0	0	124373	226389	238349	226231	249775	241007	403479	472626	397387	549050	608804	529373	826589	571144	902896	872994	880627	1103909	917003	1360972	1160561	1259305	1507022	1438203	1507041	1931731	1993612	2251517	2473501	3292990	3706159	5634360	10259463	26405853	2927096	0	0	0	0.7575
8	21144198	17734353	16722547	23763595	94835	94835	0	0	0	151058	279929	283918	266726	286486	278791	437221	503439	433612	573724	634297	561956	839741	609961	914468	892263	897880	1111154	941974	1353463	1174841	1284619	1509409	1442254	1540908	1934318	1988067	2261861	2493083	3256163	3692242	5586240	10086749	25709141	3152737	0	0	0	0.9559
9	21061856	17661621	16810544	23914315	11192	11192	0	0	0	140783	269376	275798	262173	284242	276476	437905	506137	436916	578646	636471	565663	846220	611439	919548	898771	900561	1119844	945494	1358680	1179274	1284341	1512731	1446335	1541042	1934720	1991633	2263126	2497425	3260696	3697617	5596551	10103198	25731918	3136586	0	0	0	0.8387
10	21564743	17469431	16872602	23533233	19519	19519	0	0	0	136053	274800	289659	274774	297914	284618	456453	529503	445054	604526	666233	580098	880332	619058	955984	930449	916155	1150942	960944	1397822	1221072	1291793	1552362	1490535	1545100	1972100	2030608	2296856	2530948	3306076	3741883	5607374	10065354	25141477	2995100	0	0	0	0.8734
11	21419449	17529892	16893304	23561221	55662	55662	0	0	0	151335	284207	288769	271986	294339	285184	448115	515974	442241	585110	642211	569790	845830	614701	918460	896067	894876	1115915	939826	1349070	1173218	1275467	1500094	1431267	1526205	1918007	1973708	2245305	2471869	3234218	3666957	5562094	10084410	25875515	3111526	0	0	0	0.9188
12	21368013	17680097	16853593	23450156	107669	107669	0	0	0	147798	289157	293680	278372	299342	287036	454676	522072	444572	588498	645568	570789	847045	615666	920422	901709	894265	1117121	940884	1347944	1177736	1270012	1502344	1437157	1522526	1917595	1973866	2244974	2477876	3228506	3670586	5547579	10059698	25766328	3148460	0	0	0	0.9912
13	21423130	17653625	16914383	23434658	33732	33732	0	0	0	183037	345800	347617	319453	338580	320797	495087	560261	479477	624760	681981	606193	879863	649131	954338	935259	918521	1144663	971991	1370990	1216153	1294274	1526639	1469150	1549495	1940456	1989966	2265476	2505358	3227237	3675338	5508948	9932796	25033724	3162987	0	0	0	1.0005
14	21297856	17543504	16847235	23354914	416019	416019	0	0	0	175899	354905	357321	329710	347156	329975	502003	568111	487931	628978	685845	614020	880679	655846	954228	935021	919586	1142777	973247	1364846	1210686	1290010	1519394	1462578	1545028	1927518	1978312	2253627	2482430	3201138	3644758	5470014	9857304	24880699	3111929	0	0	0	1.4934
15	21300911	17712877	17054909	23380871	9960	9960	0	0	0	191818	373926	373749	340721	356496	338330	510792	576133	493197	638584	696202	622813	891586	664123	964795	946113	927278	1153716	983571	1377695	1228148	1302694	1535661	1482474	1558903	1948708	1998577	2280916	2516221	3227720	3682344	5499540	9870997	24709745	3185282	0	0	0	1.0146
16	21351505	17676036	17090222	23320270	21495	21495	0	0	0	258423	515351	512502	463479	479114	449772	506849	572318	489857	627737	682064	615757	871819	657906	944272	930730	915887	1133596	974054	1352706	1215685	1288638	1514349	1465446	1544223	1925647	1977317	2260070	2496187	3198968	3654688	5457830	9797390	24533586	3153816	0	0	0	1.2303
17	21320216	17672959	17133314	23315925	17114	17114	0	0	0	264416	535876	532812	481891	496300	463132	520878	582695	501113	639626	694566	626995	879792	669035	951721	940212	922460	1142106	984393	1354941	1225017	1293015	1519172	1474332	1553240	1929755	1982065	2265273	2504383	3194157	3649695	5443219	9746003	24325846	3152282	0	0	0	1.2592
18	21142990	17883033	17117184	23300425	15896	15896	0	0	0	245210	503233	501082	457676	476365	446883	504158	567789	489734	627509	682632	618505	872307	662214	946671	934621	916416	1136452	976245	1353244	1221988	1290341	1517123	1472903	1552392	1930944	1978842	2265284	2509566	3203990	3668626	5472167	9796640	24436012	3207868	0	0	0	1.2054
19	21169178	17799533	17177933	23168475	144409	144409	0	0	0	289654	596723	591571	529694	537045	498175	556389	619166	530682	669841	725880	655067	908033	693819	978189	965809	938291	1160722	1003299	1369014	1247389	1304419	1530018	1489585	1563994	1938285	1984497	2266564	2512081	3180536	3641155	5391909	9605247	23682490	3159887	0	0	0	1.5187
20	21229919	17753783	17179692	23194061	102073	102073	0	0	0	235699	529346	524342	483183	499199	468494	524694	585989	506689	642240	697220	632284	879464	675998	954953	943772	920360	1140442	985270	1351387	1228834	1294064	1517698	1477388	1554167	1928745	1978510	2266159	2513872	3185430	3661965	5446740	9726518	24184042	3212298	0	0	0	1.3502
21	21168877	17859783	17202593	23137435	90840	90840	0	0	0	283167	608010	603995	540355	548574	508177	565387	626551	539321	675010	729988	665842	912882	706939	984192	971471	946991	1167872	1015196	1372510	1263557	1317486	1544861	1506780	1585242	1952443	2003780	2290619	2542721	3199820	3670383	5415539	9564718	23361890	3176419	0	0	0	1.4678
22	21135657	17814360	17277418	22987746	244347	244347	0	0	0	306033	645932	636981	567876	573550	527552	584691	645555	553150	692418	746392	673070	923507	711560	995918	979877	948762	1171355	1016604	1375347	1263195	1311700	1539594	1503368	1571773	1944263	1991365	2272549	2515977	3171526	3635508	5363628	9500777	23227101	3126727	0	0	0	1.7212
23	21211356	17800865	17310793	23070323	66191	66191	0	0	0	311463	674658	663191	590736	593158	547021	600574	661723	568109	705254	758494	690328	937290	729009	1006135	990937	962453	1183138	1032467	1382835	1278211	1325622	1549581	1515694	1589760	1954915	2000757	2285704	2539640	3175212	3645886	5361454	9454348	22956969	3170611	0	0	0	1.5410
24	21138698	17929886	17322510	23007745	60689	60689	0	0	0	314870	687389	678509	602527	603807	553855	610358	669149	573358	711586	764399	694457	940715	730480	1008489	995455	963399	1187135	1031666	1381134	1281583	1323725	1546519	1515040	1584207	1951769	1998277	2278372	2530516	3166166	3635765	5343974	9440000	22971117	3129072	0	0	0	1.5553
25	21229789	17882668	17396384	22922853	27834	27834	0	0	0	329636	730707	721335	637910	637018	580884	638541	697621	596474	737058	790151	715287	962654	747818	1029141	1013273	975515	1197780	1046631	1390766	1293137	1330968	1555018	1521282	1587997	1952050	1993489	2277054	2529602	3150041	3622010	5309603	9352414	22617337	3163492	0	0	0	1.5862
26	21155863	17810947	17419442	22935714	137562	137562	0	0	0	366334	793573	780612	682271	678398	613226	669001	729527	618261	763413	813608	734722	985083	765200	1048339	1029645	988339	1213775	1057114	1402869	1304431	1334758	1559275	1527743	1588334	1955380	1992312	2273560	2522997	3137724	3599949	5260534	9235940	22182789	3112930	0	0	0	1.8255
27	21100434	17930097	17426162	22891825	111010	111010	0	0	0	342857	787196	775332	683242	678240	616818	672110	730315	622332	766237	817080	740235	986587	769143	1051867	1033201	993020	1218363	1063304	1403453	1313227	1341729	1566505	1538541	1597488	1962311	2003139	2282489	2535765	3144247	3606342	5265658	9220668	22101864	3117613	0	0	0	1.7788
28	21327166	17864672	17449108	22739460	79122	79122	0	0	0	444262	984624	987553	844531	818790	725715	781700	836124	705142	850401	900482	807779	1061557	827846	1111343	1083175	1031901	1258434	1099591	1432336	1350426	1356267	1579800	1552498	1600385	1954535	1990052	2256801	2501941	3078911	3525444	5097072	8892598	21056150	2994240	0	0	0	2.0709
29	21188597	17885649	17498284	22852441	34557	34557	0	0	0	385112	867836	854590	744590	731722	655619	710407	769815	652450	795605	846878	763445	1007803	790778	1069355	1050621	1004367	1227674	1075490	1408257	1324560	1344479	1567829	1540320	1601917	1957656	1995191	2274746	2523579	3121986	3584003	5210923	9107684	21750996	3106688	0	0	0	1.8106
30	21071023	17989813	17517930	22834711	46051	46051	0	0	0	345018	817862	801917	711090	703682	635438	689718	752479	635396	781487	831725	750414	995693	780513	1059724	1042616	994121	1219819	1068519	1404068	1316377	1342012	1561271	1537471	1599331	1958996	1995890	2279032	2531652	3129952	3603177	5250436	9180104	21968345	3138132	0	0	0	1.7422
31	21253088	17864448	17502953	22653028	186011	186011	0	0	0	366310	900326	894259	785299	767917	693011	746816	801241	681813	824993	875573	796254	1034734	820084	1094632	1074727	1024076	1248053	1098428	1424858	1350157	1363388	1583288	1560691	1620590	1970764	2011179	2285776	2539950	3116038	3583275	5174193	8957292	21130188	3073344	0	0	0	2.0587
32	21216124	17855517	17544647	22682977	160263	160263	0	0	0	387541	937862	932908	815081	795512	712764	765496	822429	694763	840772	890929	805113	1047440	824464	1103942	1082542	1028819	1254204	1101861	1427442	1353340	1358953	1582776	1558767	1609865	1966173	2002173	2275215	2526301	3098861	3559899	5140794	8921548	21028675	3044041	0	0	0	2.0887
33	21151088	17974784	17580041	22678617	74998	74998	0	0	0	371105	922698	912261	801042	782654	704136	755887	813685	689250	830178	882037	799588	1039353	821687	1096437	1076280	1024613	1247325	1100666	1419916	1350208	1357456	1582790	1562307	1614175	1969337	2004301	2283820	2537089	3106940	3573163	5160421	8957240	21153091	3081394	0	0	0	1.9486
34	21236372	17928330	17633064	22582075	79687	79687	0	0	0	394416	992349	983412	859990	835163	746819	801534	853357	722490	865818	915322	828449	1067440	848957	1121271	1099657	1045793	1266625	1121986	1435154	1370482	1373898	1590568	1571463	1626855	1974379	2006782	2284584	2539677	3084184	3547121	5102930	8808333	20645635	3046948	0	0	0	2.0690
35	21174689	17920302	17637622	22647894	79021	79021	0	0	0	387287	976055	967646	846010	820352	735930	789373	841269	711483	854648	904139	817630	1053661	837344	1111413	1090922	1035478	1255957	1110350	1430086	1359619	1361922	1585601	1563904	1616177	1967273	2000754	2277592	2530209	3089380	3556747	5122583	8861150	20860068	3050495	0	0	0	2.0381
36	21055544	17880862	17516354	22418462	588306	588306	0	0	0	395512	1026396	1019757	893159	864158	772466	821838	874626	741542	882094	930763	842266	1077842	860644	1127608	1104645	1048136	1269867	1125033	1433845	1369163	1369000	1582880	1570489	1620947	1960660	1990212	2267027	2516639	3054765	3518062	5036738	8662140	20230906	3009397	0	0	0	2.7620
37	21236212	17934381	17655604	22427426	205905	205905	0	0	0	415617	1079441	1077086	936109	903581	803924	854017	905451	765539	907497	956993	863653	1101776	877565	1150752	1124837	1068691	1286593	1142528	1444160	1389432	1382468	1597794	1585196	1632616	1971056	2005778	2274554	2530122	3055385	3514923	5027416	8612631	20010718	2997724	0	0	0	2.3693
38	21065360	17971793	17725774	22529398	167203	167203	0	0	0	437108	1101327	1091249	946882	910688	808701	863348	916849	767240	919084	965678	867270	1113982	878152	1161484	1133607	1068849	1298644	1141819	1461204	1395232	1382826	1610392	1594178	1633485	1978764	2016244	2281535	2533080	3071148	3520348	5030266	8601678	19865736	2924248	0	0	0	2.3542
39	21171181	17992408	17693669	22457474	144796	144796	0	0	0	444330	1150545	1152402	997296	958265	845903	898992	948653	796326	945632	994260	892515	1133587	899771	1178204	1149467	1082591	1308150	1156386	1465743	1407647	1389555	1611809	1594302	1632286	1974955	2006209	2269504	2519623	3044603	3490684	4967145	8496662	19615803	2894927	0	0	0	2.4128
40	21298333	17966753	17757999	22370089	66354	66354	0	0	0	448828	1189121	1192413	1030235	987585	870883	921866	969867	814242	960588	1009123	907679	1144734	913302	1185657	1154039	1093292	1311535	1164514	1463089	1411823	1390850	1609732	1593511	1637073	1970751	1998938	2262423	2516262	3022903	3477599	4938321	8433979	19466541	2929876	0	0	0	2.3721
41	21115546	17997758	17816661	22456537	73026	73026	0	0	0	425600	1146300	1132739	988288	948235	842799	890569	942216	792411	938040	984987	887177	1124147	896578	1168774	1141559	1077679	1298915	1154133	1454145	1402583	1386537	1604582	1591893	1636055	1973904	2003812	2273523	2530857	3041588	3502766	4985452	8522382	19731534	2963743	0	0	0	2.2963
42	21013025	17909840	17616044	22165357	755262	755262	0	0	0	442005	1220749	1219789	1059402	1010188	892002	940948	989067	829526	973437	1019950	917920	1153597	922137	1193222	1161685	1092908	1313058	1169406	1460864	1415292	1388272	1602196	1591663	1630025	1962807	1987723	2250085	2498901	2996892	3434449	4868898	8271984	18943210	2880009	0	0	0	3.2799
43	21330953	17954221	17792967	22222576	158811	158811	0	0	0	477627	1305232	1319316	1132972	1076145	944207	995708	1039956	868886	1019434	1064851	949694	1194801	949413	1228786	1190723	1115334	1341300	1186589	1481506	1437833	1396500	1621430	1606660	1633433	1969180	1995758	2248883	2494648	2987742	3417132	4829751	8207107	18756242	2815938	0	0	0	2.6777
44	21205889	17973947	17881277	22289057	109358	109358	0	0	0	483475	1328582	1337500	1150805	1092396	955458	1003320	1052318	876157	1027553	1074524	956973	1200845	955124	1231506	1194826	1122011	1346981	1193035	1484063	1442708	1403342	1622347	1609655	1638828	1970873	1997707	2250228	2498041	2983462	3417127	4823742	8171589	18636001	2817068	0	0	0	2.6477
45	21279019	17995955	17808498	22216402	159654	159654	0	0	0	490477	1354232	1370769	1176572	1117866	975593	1025775	1071057	893350	1041328	1086549	972599	1214004	968368	1242762	1202768	1129399	1353600	1199130	1490702	1447827	1408698	1623677	1613151	1641124	1970221	1998923	2246773	2491231	2972529	3400222	4787029	8105723	18434302	2781544	0	0	0	2.7595
46	21348725	17971221	17888576	22167227	83779	83779	0	0	0	492534	1377743	1397263	1201094	1136977	992962	1043113	1084937	905339	1053944	1098405	984307	1223036	975345	1250300	1207721	1135844	1358569	1210597	1492193	1456525	1412106	1628140	1616780	1643985	1972238	1998702	2247343	2491911	2966633	3396880	4770105	8059088	18315842	2777248	0	0	0	2.7028
47	21412918	17905115	17847346	22121762	172387	172387	0	0	0	514545	1444548	1474471	1258707	1190421	1034050	1083613	1123387	935813	1084374	1131853	1005274	1247578	994698	1271986	1224845	1150129	1373691	1217628	1497746	1462276	1409759	1629226	1616222	1639813	1963931	1986468	2231603	2470344	2935923	3359527	4707129	7933975	17956279	2725309	0	0	0	2.9259
48	21075672	18084709	17996192	22170695	132260	132260	0	0	0	493332	1408278	1420672	1223118	1161028	1009292	1059550	1100882	917193	1069827	1113344	991876	1234119	984971	1262254	1220317	1142299	1367662	1214211	1499453	1461858	1416389	1634960	1624592	1650222	1977107	2002772	2250208	2492774	2962898	3390341	4754731	7997263	18059922	2757553	0	0	0	2.8046
49	21680226	17859268	17868127	21974222	77685	77685	0	0	0	508704	1485061	1529097	1311026	1230995	1070820	1118623	1156378	965764	1115030	1157807	1028653	1271202	1016186	1293119	1241835	1165726	1388138	1233328	1509995	1481127	1421553	1637164	1627977	1648973	1967167	1990851	2226397	2471004	2925205	3337900	4659062	7822958	17671153	2695865	0	0	0	2.8811
50	21154777	18015896	18053577	22184357	50921	50921	0	0	0	523733	1504465	1513755	1305743	1232461	1075190	1122321	1164536	967044	1127287	1171723	1037978	1292506	1021816	1313536	1265170	1181259	1413345	1249913	1542070	1507084	1445030	1674132	1660856	1677820	2010711	2039475	2275895	2519115	2976978	3395847	4704396	7757422	17118414	2619581	0	0	0	2.8636
