#Name	E:\SaveData\2016-10-18_15_18_08_1001160117_R0024_A_CL100007988_BGI12070_WESPE_result\\CL100007988\L02\CL100007988_L02_15_2.fq
#PhredQual	33
#ReadNum	67127374
#row_readLen	50
#col	48
#BaseNum	3356368700
#N_Count	4956788	0.147683
#GC%	44.00
#Q10%	95.32
#Q20%	85.46
#Q30%	68.40
#EstErr%	1.682252
#Pos	A	C	G	T	N	0	1	2	3	4	5	6	7	8	9	10	11	12	13	14	15	16	17	18	19	20	21	22	23	24	25	26	27	28	29	30	31	32	33	34	35	36	37	38	39	40	41	Err%
1	22109729	15007051	14333528	15627569	49497	49497	0	0	0	9587	35029	46573	52434	65491	75599	154898	192521	181270	261554	306728	281236	477834	327160	538905	537710	598545	736693	626679	970529	790866	945489	1112141	1049547	1161237	1495752	1576688	1786626	1974386	2740430	3088000	4920512	9185153	26154302	2619773	0	0	0	0.3999
2	19330875	12802133	15124895	19803179	66292	66292	0	0	0	45498	94904	111625	116093	139865	141446	246817	303570	254987	371365	419310	360099	601986	393337	660426	633148	674993	833730	697789	1065615	871518	1004218	1185332	1120214	1213138	1558377	1626690	1838527	2027309	2771149	3094414	4835369	9001817	24206108	2540299	0	0	0	0.6159
3	18274616	14857479	13777156	20179363	38760	38760	0	0	0	91861	162702	170897	165926	186199	183618	294509	348564	300950	408611	455607	403745	625698	444865	685801	666616	696404	854917	731045	1063702	902618	1028369	1197588	1140533	1245648	1562812	1620190	1850438	2048853	2712993	3074011	4739821	8757056	23437462	2827985	0	0	0	0.7186
4	18593126	14845912	13838913	19772931	76492	76492	0	0	0	100451	182003	189380	180916	198173	195281	311812	363980	319527	422168	470703	423713	637654	467631	698059	686808	708237	874110	751294	1073375	934593	1046114	1220071	1169636	1277404	1587452	1650406	1889230	2095678	2731754	3123951	4763061	8672544	22824805	2808908	0	0	0	0.8174
5	18399980	14356315	14477647	19887097	6335	6335	0	0	0	115150	187379	192344	181117	196597	192036	308243	359125	310011	416600	463821	409779	630284	449340	687466	676275	691613	863126	728074	1063182	917498	1016504	1199989	1144933	1227371	1553044	1612261	1836760	2032851	2694822	3058746	4714239	8744124	23462915	2783420	0	0	0	0.7182
6	18111198	14590231	14272252	20049717	103976	103976	0	0	0	91957	182054	192075	183760	203338	196955	324425	381169	322349	443369	490950	432166	664795	468970	728900	712934	715634	896060	756070	1104292	957639	1038196	1236551	1187837	1251808	1593698	1647688	1878804	2075362	2740567	3102079	4733005	8704839	22675799	2707304	0	0	0	0.8670
7	18471208	14275085	14700418	19674020	6643	6643	0	0	0	96584	177248	186828	177534	195772	191059	314610	368207	314907	429838	478637	423571	651065	462233	711644	699519	709519	884734	750619	1089327	948108	1037907	1227748	1180793	1254601	1592431	1647720	1876999	2080375	2744749	3117536	4760352	8741855	22837205	2758897	0	0	0	0.7082
8	17747773	14737675	14014830	20547458	79638	79638	0	0	0	125921	236113	235806	221142	235624	229753	351618	402428	353236	457776	505164	459676	666738	503166	728179	719198	728146	898232	781011	1087515	965351	1060903	1233006	1188737	1293434	1594608	1649947	1892951	2107260	2710017	3112042	4715517	8554430	22049479	2993612	0	0	0	0.9319
9	17638297	14672600	13988160	20818641	9676	9676	0	0	0	116081	204646	205167	194286	210749	205314	325805	376652	326789	435995	481115	431077	645266	471931	707200	699664	703299	879038	745347	1070461	940460	1024420	1212155	1164341	1241382	1565867	1617925	1851168	2049266	2694573	3071155	4706337	8712224	22988088	2842455	0	0	0	0.7591
10	17815118	14581326	14421342	20293592	15996	15996	0	0	0	142143	281599	279481	259831	271893	260737	387841	440328	383882	491233	539518	489984	696927	532453	760562	749902	753754	925104	808717	1111639	999137	1083967	1258208	1218046	1318593	1617720	1669628	1914779	2132216	2710414	3122882	4684038	8433418	21406006	2974798	0	0	0	0.9340
11	17961329	14619408	14213237	20287264	46136	46136	0	0	0	120166	224843	226263	214023	232430	224188	352761	406367	348263	460436	507533	450843	670721	490902	730635	718285	718960	895724	762272	1085924	955074	1037930	1221156	1172680	1251611	1572512	1624333	1855750	2053297	2686609	3060783	4668348	8628047	22656842	2794727	0	0	0	0.8649
12	17925376	14781120	14169930	20159910	91038	91038	0	0	0	118319	230987	232223	219574	236642	228148	355258	408005	352777	461457	506752	455502	667341	496850	727061	718688	716725	891602	762879	1079199	958031	1038311	1219886	1176002	1256739	1570680	1623241	1860362	2063846	2682065	3068247	4672012	8589815	22489953	2901157	0	0	0	0.9403
13	17985196	14761532	14231777	20118337	30532	30532	0	0	0	150117	280661	281050	257158	270654	257675	390881	442394	380226	493205	539519	485879	696512	525417	757734	749434	741538	921977	792602	1103233	991094	1061616	1245919	1204423	1283650	1593794	1640220	1885187	2095182	2689096	3079723	4645168	8472668	21768007	2923229	0	0	0	0.9580
14	17889748	14703454	14171788	20008848	353536	353536	0	0	0	144782	286639	286174	263446	275899	263998	396151	447015	385045	497567	542539	489404	701109	527977	759741	749324	741854	917948	790285	1100160	988237	1056107	1238906	1199250	1274529	1585588	1631967	1869282	2073564	2665954	3052275	4604128	8415969	21704375	2846650	0	0	0	1.4474
15	17915571	14858935	14316780	20027869	8219	8219	0	0	0	157822	304282	300322	273838	284298	271492	405601	456643	394745	505650	551054	499436	707411	539018	770473	759425	750750	927904	803357	1106631	1002056	1068952	1251651	1216721	1294843	1602410	1649771	1893834	2105517	2687388	3091923	4638733	8423078	21484757	2937369	0	0	0	0.9677
16	17988693	14826410	14351917	19941391	18963	18963	0	0	0	213840	413031	408886	368625	381006	357312	402815	452639	391870	498721	543873	494734	694213	533599	754226	748871	739762	915315	794186	1091715	993043	1056277	1236406	1201046	1280367	1587033	1631283	1876049	2087053	2663927	3062678	4605908	8371845	21364182	2892075	0	0	0	1.1714
17	17979311	14827354	14383966	19921913	14830	14830	0	0	0	219662	433072	425721	383799	394142	368687	412591	462071	400924	507613	552168	503959	701673	543570	760522	756134	744988	919243	803530	1093916	1001570	1063730	1241259	1211498	1289739	1590734	1635326	1880085	2093671	2661373	3063983	4590324	8327193	21178239	2895835	0	0	0	1.2003
18	17865939	15008557	14364823	19874079	13976	13976	0	0	0	201330	405443	400790	365681	378175	356332	400451	451239	391600	499488	543395	496738	695332	535811	757877	752597	740763	918141	797520	1092187	998469	1060056	1239062	1207939	1286906	1592694	1638786	1883833	2100597	2671027	3075151	4611387	8369275	21268616	2928710	0	0	0	1.1482
19	17872578	14956315	14437287	19737476	123718	123718	0	0	0	240891	482701	473184	421816	430059	398691	443885	492154	426010	533146	577665	527851	725499	563864	785251	778406	763945	938210	822671	1108761	1019836	1074150	1252217	1225759	1299572	1600046	1644236	1889248	2106470	2655535	3063049	4555368	8198825	20579075	2905610	0	0	0	1.4602
20	17952218	14888333	14419570	19782328	84925	84925	0	0	0	193343	425912	421200	384858	397310	374045	417286	467871	405741	512213	554204	509743	701746	549660	764279	759925	748265	919237	805458	1091946	1002813	1063349	1240862	1214254	1290325	1591578	1636440	1888294	2105416	2660459	3074407	4595334	8302411	21024988	2947277	0	0	0	1.2891
21	17920833	14973169	14454124	19701649	77599	77599	0	0	0	229247	488362	482298	431641	437335	406454	450831	500734	433002	540526	583752	538454	728867	577588	790827	786575	770090	946253	836448	1115114	1036469	1086348	1265937	1243609	1321626	1618430	1663016	1911803	2138166	2673654	3094105	4579386	8165872	20270502	2906454	0	0	0	1.4024
22	17889369	14930800	14528500	19569011	209694	209694	0	0	0	247590	520866	511069	456360	459994	421646	468795	517062	442351	556250	598614	546042	742295	581261	800953	793976	773060	950716	836049	1117056	1038885	1081183	1262754	1241135	1307333	1608090	1652008	1895326	2114433	2653562	3055479	4531469	8118957	20170110	2844951	0	0	0	1.6604
23	17932492	14916402	14567518	19655013	55949	55949	0	0	0	253546	546760	534231	475831	476685	440461	482620	529280	457530	566843	611046	561361	753674	595214	809867	804038	786776	961059	852333	1122641	1051881	1098644	1274610	1250828	1327499	1621227	1662006	1911417	2133788	2657942	3071473	4537738	8068031	19878202	2904343	0	0	0	1.4783
24	17869085	15027273	14583074	19596873	51069	51069	0	0	0	255655	552728	545540	483748	484203	444087	488245	535376	463122	570355	614790	563177	755496	597414	811708	808566	786985	962507	850888	1123843	1052055	1093445	1273139	1252982	1321525	1619366	1660941	1903813	2124340	2650521	3059976	4516941	8065741	19931487	2851600	0	0	0	1.4870
25	17936319	15004795	14635040	19527355	23865	23865	0	0	0	269825	593047	582831	512595	511994	468833	512747	559486	480579	592024	634944	581143	773413	610668	828923	820603	796222	973959	860165	1133717	1063597	1102344	1278489	1261096	1328007	1623069	1659370	1906343	2130646	2638589	3049337	4490654	7980702	19608044	2885504	0	0	0	1.5215
26	17853782	14957936	14666049	19532439	117168	117168	0	0	0	298459	643588	630727	550002	543278	493770	539173	586424	500228	613791	655583	598027	791068	627130	846625	837259	808081	987465	872546	1141805	1073785	1106257	1284032	1267309	1330688	1624821	1664372	1902599	2124270	2630057	3037159	4444843	7892382	19218790	2843813	0	0	0	1.7574
27	17803901	15051230	14682155	19497386	92702	92702	0	0	0	277733	636605	625796	553696	546403	498262	540837	589410	506588	616620	659444	604446	797584	632356	850305	840629	811085	991468	879148	1144490	1080760	1112095	1289882	1274378	1339278	1629774	1670141	1911232	2135831	2634316	3045397	4456896	7874489	19129137	2848161	0	0	0	1.7090
28	17962420	15009115	14718506	19370938	66395	66395	0	0	0	362741	802756	801236	685311	660461	588179	633320	675949	574328	687408	729630	661422	857653	680020	902367	883386	849955	1030330	910373	1171353	1115270	1128247	1305872	1290765	1342737	1629191	1664512	1893526	2109306	2583474	2974790	4320225	7596874	18228888	2729124	0	0	0	1.9966
29	17883102	14999314	14744993	19471967	27998	27998	0	0	0	313572	704002	690732	601111	588086	529939	573717	618375	528850	639425	682091	621588	812139	648632	863049	854323	822178	1000078	887838	1148021	1091487	1116025	1291362	1277024	1337676	1627409	1665541	1907672	2127160	2612817	3023165	4414924	7786179	18862590	2830599	0	0	0	1.7359
30	17789076	15081341	14767129	19449701	40127	40127	0	0	0	279821	660974	647129	572014	565842	514120	556510	604682	515589	627448	668440	612942	802859	639977	855659	846375	813215	992737	879919	1143547	1083929	1112363	1289409	1272952	1337469	1623422	1661080	1909811	2131739	2626129	3040917	4442298	7849866	19051403	2854661	0	0	0	1.6717
31	17916058	14996619	14779296	19281803	153598	153598	0	0	0	300070	731050	722583	634544	620361	562675	601781	645959	556364	664617	708682	647798	837991	674539	887810	876459	843179	1020222	911351	1164555	1114093	1133199	1309359	1298407	1357170	1645303	1681876	1921334	2144694	2619412	3030915	4385187	7650524	18276697	2793016	0	0	0	1.9820
32	17875702	14988000	14809386	19316872	137414	137414	0	0	0	314927	761053	758151	661787	644241	577695	618842	665369	566192	680990	721947	656908	851154	677912	897077	883148	846350	1027609	914581	1170924	1119849	1130277	1307746	1297853	1350868	1638210	1672899	1911876	2134093	2601093	3009512	4354855	7617595	18187184	2759193	0	0	0	2.0199
33	17833995	15109072	14833145	19289122	62040	62040	0	0	0	301630	749064	741115	650054	634134	572374	612248	658391	560155	672402	713290	653663	840159	674018	891726	879670	841867	1020202	911827	1165098	1116750	1130411	1306935	1296026	1356705	1637531	1676236	1914864	2143117	2606443	3020148	4373968	7643369	18301274	2798470	0	0	0	1.8763
34	17913506	15082687	14856345	19208339	66497	66497	0	0	0	321291	806520	800269	697847	676999	607021	646753	690330	590084	702617	742986	679041	864991	698256	911852	898335	861142	1038993	930890	1174262	1133193	1145104	1318540	1309092	1367334	1644913	1681342	1918997	2142617	2595483	3007614	4325657	7522385	17844790	2763337	0	0	0	1.9948
35	17854488	15059621	14877439	19270949	64877	64877	0	0	0	315095	792871	786503	685781	665973	596781	637699	680499	579895	692429	733027	668409	855423	688448	902926	888128	852093	1029772	920942	1168747	1123013	1135165	1311103	1303155	1358579	1636118	1673545	1912645	2139106	2596249	3003133	4339880	7567404	18054095	2767866	0	0	0	1.9622
36	17763401	15031881	14766929	19070217	494946	494946	0	0	0	320742	834502	829174	724943	700266	627847	666238	709535	604213	715357	756259	691048	876540	709569	920189	903938	865231	1040794	933653	1176333	1133822	1140638	1314887	1306959	1361338	1636017	1670001	1904251	2130522	2567643	2974481	4273210	7401023	17485678	2725587	0	0	0	2.6839
37	17894812	15087937	14884420	19087336	172869	172869	0	0	0	339706	881988	873462	761471	733173	653494	693414	735706	625290	737583	778821	708989	895881	724512	939243	920413	880636	1057434	951081	1187912	1150206	1154583	1325385	1319813	1375299	1648667	1681234	1914488	2142715	2571389	2981427	4263650	7353013	17278423	2714004	0	0	0	2.2935
38	17765741	15100806	14974349	19147679	138799	138799	0	0	0	352923	896788	890039	770700	742703	659310	703348	744566	629014	745498	788011	714188	908730	726247	950670	928467	885765	1065577	950667	1199925	1159369	1156542	1335888	1328133	1375278	1656346	1688366	1918691	2142835	2581254	2982289	4268616	7343445	17155170	2643217	0	0	0	2.2755
39	17840808	15119749	14940779	19101564	124474	124474	0	0	0	359204	936882	941705	814380	781420	690436	730502	774345	653163	769072	810958	733461	926121	743500	964711	941751	895225	1077845	961851	1205927	1168280	1157573	1338107	1330987	1373149	1652472	1683922	1910737	2129523	2563429	2952979	4212584	7257218	16950652	2608829	0	0	0	2.3400
40	17923481	15108820	14995943	19041922	57208	57208	0	0	0	364701	972073	975028	843008	805649	712807	752414	789946	668897	783519	823670	746451	934700	755776	970823	949094	902617	1080423	971197	1204612	1172694	1164179	1336523	1331933	1379437	1649917	1680852	1906530	2127848	2545487	2941899	4189749	7202660	16786549	2646504	0	0	0	2.3007
41	17809396	15122426	15029992	19105925	59635	59635	0	0	0	343293	930415	924966	806348	772445	688578	724533	767297	649951	761802	802457	730364	915470	741869	956229	935769	891031	1070453	961422	1197616	1164700	1157437	1331909	1328220	1375994	1651423	1681514	1912878	2137130	2562489	2966554	4233462	7276765	17038814	2676142	0	0	0	2.2156
42	17691570	15051697	14861719	18885030	637358	637358	0	0	0	358262	995685	994584	862692	823722	727938	766218	805781	680822	794217	834036	756830	941331	761234	976707	952721	906472	1083847	975273	1204034	1175010	1162498	1334566	1327376	1374036	1643134	1671189	1893366	2115364	2521892	2911580	4131422	7066196	16363094	2596887	0	0	0	3.1999
43	17943743	15101204	15022054	18928372	132001	132001	0	0	0	387929	1067522	1081235	928031	880599	773761	812772	851710	713939	832113	871786	783709	978963	786524	1008851	979668	925283	1108948	990334	1222914	1197641	1171775	1347867	1344552	1380456	1649693	1677902	1895159	2114213	2518722	2901864	4103103	7004296	16164233	2537306	0	0	0	2.5986
44	17851677	15120837	15088336	18976911	89613	89613	0	0	0	390182	1085082	1096269	942560	894940	785600	824388	859671	721900	841857	878998	790557	983208	793230	1014107	983458	931090	1111054	998239	1227537	1202117	1174604	1350957	1348475	1380993	1651026	1680781	1898914	2116120	2516351	2891760	4095148	6977447	16067491	2531650	0	0	0	2.5663
45	17889693	15141263	15054360	18909615	132443	132443	0	0	0	398526	1108307	1124661	966016	916290	802300	841276	878104	737000	854273	893468	801921	996262	802617	1022284	988774	938492	1117494	1005634	1232807	1207001	1181230	1354218	1352935	1385524	1655089	1680458	1895258	2113711	2507401	2881806	4067012	6906949	15884011	2495822	0	0	0	2.6816
46	17958402	15112594	15107250	18879586	69542	69542	0	0	0	396973	1129251	1147401	986244	933875	816811	856082	889689	747384	865175	902991	812818	1005485	810428	1028705	998073	945462	1122323	1012220	1235398	1213829	1184591	1356803	1351970	1387398	1657863	1683237	1895616	2110374	2501956	2876608	4053369	6873996	15774630	2492804	0	0	0	2.6258
47	17996528	15072986	15090966	18821864	145030	145030	0	0	0	415997	1184180	1208294	1034713	976326	851077	889238	920418	774720	892902	927882	833773	1025132	827305	1048299	1012155	958632	1136556	1020470	1244964	1221223	1183079	1361095	1357328	1386278	1649555	1676115	1883243	2095860	2483359	2847073	3993751	6761799	15460205	2439348	0	0	0	2.8470
48	17764826	15209310	15190592	18851018	111628	111628	0	0	0	394542	1151924	1165491	1006020	948369	832443	869372	903175	758437	879426	916624	822599	1015948	821004	1039093	1007604	953199	1132487	1018212	1241903	1222016	1187250	1364126	1361068	1393700	1657179	1684195	1898617	2111856	2500225	2874391	4036067	6822480	15550360	2474344	0	0	0	2.7252
49	18167264	15051570	15131686	18711570	65284	65284	0	0	0	413245	1219821	1257582	1076316	1013864	883310	921214	952801	798701	914472	952243	856367	1047235	848034	1066351	1026516	972319	1149782	1033360	1252551	1237955	1192008	1366865	1363666	1392924	1654166	1679041	1882770	2094089	2469270	2832165	3958323	6671361	15199673	2411730	0	0	0	2.8068
50	17798351	15151695	15260877	18876663	39788	39788	0	0	0	420198	1230675	1243069	1074645	1014468	886376	923832	956912	801552	925477	965310	862879	1065816	854772	1083542	1043433	987886	1171164	1052344	1279397	1263576	1215790	1398091	1394009	1424428	1690806	1720111	1923096	2142564	2511357	2880636	4000345	6613652	14717569	2347809	0	0	0	2.7791
