#Name	E:\SaveData\2016-10-18_15_18_08_1001160117_R0024_A_CL100007988_BGI12070_WESPE_result\\CL100007988\L02\CL100007988_L02_12_2.fq
#PhredQual	33
#ReadNum	69081240
#row_readLen	50
#col	48
#BaseNum	3454062000
#N_Count	4957058	0.143514
#GC%	45.88
#Q10%	96.91
#Q20%	90.40
#Q30%	77.85
#EstErr%	1.152902
#Pos	A	C	G	T	N	0	1	2	3	4	5	6	7	8	9	10	11	12	13	14	15	16	17	18	19	20	21	22	23	24	25	26	27	28	29	30	31	32	33	34	35	36	37	38	39	40	41	Err%
1	21852929	16495547	15897431	14786195	49138	49138	0	0	0	5776	22750	30311	33064	39698	44662	89380	109170	102022	148990	171150	162112	272674	190709	306062	321102	365266	447489	399272	600826	530064	620837	740332	741008	790358	1064428	1139212	1352485	1544665	2422529	2233814	3803368	11223149	31772231	5191137	0	0	0	0.2707
2	18941591	13568744	16692383	19800104	78418	78418	0	0	0	26523	58745	69838	71684	84416	84770	146730	176824	149404	218897	245599	215882	358574	240125	392526	393561	425160	526055	456801	680025	594990	677403	809737	800325	849470	1123721	1194157	1407947	1608028	2467441	2376498	3967365	11323936	29713637	5066028	0	0	0	0.4286
3	18097484	16191560	14506277	20240380	45539	45539	0	0	0	48209	81997	91871	88925	101892	97346	167065	200943	163656	242441	268723	229752	384438	253535	420135	419303	437663	551320	466463	707183	622257	682487	828533	824066	840697	1136666	1194616	1393539	1578470	2432355	2320080	3840349	11293068	29879258	4746400	0	0	0	0.4375
4	18542435	15857601	14880148	19714204	86852	86852	0	0	0	57370	114251	122300	114931	124749	121006	189691	220944	192502	257842	286419	261282	392752	292811	432003	436081	457721	563638	500323	705061	644824	711801	842048	840236	903940	1156873	1227525	1449233	1667015	2425716	2479514	4069395	11142112	27847919	5742560	0	0	0	0.5605
5	18487930	15531504	15461155	19594677	5974	5974	0	0	0	56722	102335	113179	106818	118537	112368	188695	222261	183527	262078	290403	252871	403225	275911	441443	439944	451687	569704	485790	718406	645905	694268	847128	841867	864351	1149414	1212633	1419647	1611034	2403950	2400556	3944157	11212823	28945661	5085968	0	0	0	0.4282
6	18052327	15807763	15268499	19846335	106316	106316	0	0	0	71937	140959	145041	135074	145024	138783	213513	245474	211024	280717	309777	279090	415607	308240	456184	457662	469569	583352	511969	721453	659668	718380	856882	849708	904286	1158616	1224707	1445316	1658771	2398174	2470303	4043717	11110695	27641691	5593561	0	0	0	0.6460
7	18609460	15432827	15648403	19384730	5820	5820	0	0	0	65348	115041	122225	114966	125822	118954	194341	228319	190192	267074	294845	257305	406272	283094	444998	444564	455532	571489	489689	719488	645704	694499	847252	839180	865024	1144190	1209694	1415362	1610799	2383020	2406267	3962656	11181422	28760591	5200202	0	0	0	0.4508
8	17961104	15992107	14722227	20318516	87286	87286	0	0	0	79002	147654	151074	140062	149769	143764	218960	250312	219080	284968	315654	286839	420674	318849	460501	463739	476269	589073	522562	724648	671609	730059	869680	865958	931366	1183133	1253308	1480708	1704433	2418024	2535061	4112747	11013484	27190722	5670209	0	0	0	0.6356
9	17901665	15784889	14988493	20396666	9527	9527	0	0	0	70323	132419	136141	128651	139822	136009	209610	241949	211209	278625	307866	280268	412272	310480	452193	454522	468302	580910	514348	716730	660918	720472	858530	854750	920003	1171795	1242571	1471462	1694809	2410725	2527413	4120959	11083539	27364238	5786880	0	0	0	0.4930
10	18189125	15658427	15317261	19899772	16655	16655	0	0	0	90058	159808	162546	149342	159586	150695	228282	261404	223835	295796	324089	290107	430123	318764	468898	469164	477334	593585	521866	729813	672105	724561	868922	866759	920184	1179221	1247564	1469125	1686989	2406658	2516450	4092451	11013529	27255555	5639417	0	0	0	0.5608
11	18264959	15579457	15303936	19881808	51080	51080	0	0	0	74406	143791	148215	138935	149042	143159	223236	255874	217886	290278	319035	286299	426428	314849	466365	466997	474427	592409	516828	728147	667624	722228	861687	857071	906259	1168695	1232628	1453126	1666582	2389236	2485028	4060708	11051589	27566694	5564399	0	0	0	0.5789
12	18197552	15736432	15294352	19758322	94582	94582	0	0	0	71957	146057	151095	141882	153207	146183	224978	257773	220065	292940	321547	288653	426580	317488	466492	467828	473679	593491	515836	728038	670415	719234	863833	858331	905772	1164908	1233064	1454015	1672174	2385830	2499369	4076201	11013842	27447683	5616218	0	0	0	0.6461
13	18269223	15735531	15364859	19681594	30033	30033	0	0	0	97716	180725	183754	167253	175372	165715	247697	280445	239633	314205	341953	308474	447198	335396	487128	489493	489511	610701	534934	744827	693267	737158	882521	881574	928368	1188729	1256633	1479667	1698650	2403072	2536186	4102951	10949551	26878863	5591887	0	0	0	0.6257
14	18124670	15664164	15307680	19620598	364128	364128	0	0	0	92849	187814	191301	174708	181027	171657	253495	286071	245755	317945	347866	316126	449641	342579	490400	491932	495613	613855	541931	744867	696096	741580	885510	884023	938216	1192542	1262058	1484125	1709898	2399461	2550515	4119814	10842777	26446257	5626808	0	0	0	1.1207
15	18122130	15867673	15421445	19663263	6729	6729	0	0	0	98586	192768	194475	177331	183965	173090	256750	288958	247135	321681	351298	316721	457118	344025	496893	497582	498436	621836	546019	755013	706889	742923	894592	895428	940803	1204232	1272558	1496411	1724023	2411721	2572459	4144272	10901128	26516962	5630430	0	0	0	0.6142
16	18122897	15898262	15477633	19565379	17069	17069	0	0	0	132809	263628	266021	239238	246272	227044	257304	289890	250029	321443	349617	318468	452450	348330	493438	496891	497733	617916	548731	748616	707927	746684	890353	897949	949485	1204754	1276552	1504983	1737017	2417673	2593776	4169082	10818916	26138162	5644990	0	0	0	0.7495
17	18094023	15886611	15500085	19587993	12528	12528	0	0	0	136568	275506	276776	247678	254158	235599	266058	296177	256680	329515	356491	326134	458354	354449	501310	502391	503396	622906	557229	753449	716552	752668	901103	905683	962263	1214846	1291013	1516842	1752012	2425860	2611776	4187612	10774976	25913355	5631327	0	0	0	0.7653
18	17958680	16065631	15485585	19559664	11680	11680	0	0	0	123079	253025	255888	231600	240237	224786	255143	287345	246922	320351	348606	317509	450582	346344	493367	496675	495998	617735	546961	749241	708531	744997	893775	898481	949323	1208013	1279945	1507530	1740111	2418748	2602831	4189106	10837712	26099030	5690033	0	0	0	0.7224
19	17976546	15986020	15570884	19416287	131503	131503	0	0	0	150405	308206	309778	274785	277830	255844	285770	318140	272183	347174	375442	341384	476510	368381	518346	518520	517470	641270	570019	768085	734097	763885	915886	921610	971731	1229974	1303588	1530505	1771204	2428907	2633585	4203472	10674112	25399776	5571863	0	0	0	1.0019
20	18043517	15946619	15557906	19442676	90522	90522	0	0	0	116406	269836	271543	249400	256209	240695	269676	299846	260181	330269	360590	331343	459520	360110	501786	506783	505023	625763	559283	754581	719310	756924	904379	908952	969968	1222022	1293977	1531669	1771721	2430270	2644940	4231973	10737199	25638763	5699808	0	0	0	0.8663
21	17931163	16069924	15594444	19403993	81716	81716	0	0	0	154661	320839	319060	282818	285362	262805	292144	323358	278407	349875	380422	349568	476801	379056	519732	522369	520009	642365	578265	771104	741643	773335	921915	931143	992157	1242846	1320604	1553629	1803863	2444840	2679584	4261004	10604757	25093387	5625797	0	0	0	0.9505
22	17959126	16008749	15659434	19234085	219846	219846	0	0	0	159738	338198	338551	299009	300603	274047	305418	336004	289146	362507	391333	359461	489155	386644	533039	532384	529755	653035	589677	779987	750364	781647	933984	941094	1004974	1253676	1329670	1569154	1813861	2453652	2693651	4269001	10535893	24716662	5566420	0	0	0	1.1867
23	18052521	15978029	15652483	19340606	57601	57601	0	0	0	160441	348261	346574	308532	308377	282338	312609	343860	295815	369852	400338	366217	498560	395077	541088	541614	538367	663423	596164	789681	761430	788829	944597	954007	1015179	1265935	1344058	1583302	1833356	2466127	2711369	4275597	10512985	24606632	5553048	0	0	0	0.9713
24	17929253	16108021	15704488	19285856	53622	53622	0	0	0	166421	362136	362411	319842	318597	290661	320481	351007	303248	374339	405262	373326	501975	400761	542625	545544	541426	663294	602613	789845	767828	796540	945907	955211	1021351	1269480	1351254	1585675	1842230	2467425	2722725	4292536	10468513	24406493	5598636	0	0	0	0.9923
25	18033350	16052949	15773113	19201849	19979	19979	0	0	0	171570	382363	386189	338864	335799	306507	337208	368502	315945	392026	421684	385163	520427	413169	561794	560378	554511	679488	614297	807464	783908	801652	960862	972544	1029586	1283055	1358525	1595632	1848291	2469263	2730940	4290345	10416984	24151772	5514554	0	0	0	0.9877
26	17966609	15989971	15766496	19237858	120306	120306	0	0	0	192459	417624	417467	364748	358314	323956	356625	387844	331030	407616	437466	398494	535875	423743	576406	573497	565379	693574	624844	818579	798311	815239	973327	985935	1041317	1296657	1377030	1608832	1864625	2482179	2744727	4293437	10314644	23750210	5408924	0	0	0	1.1995
27	17894515	16157351	15719325	19212889	97160	97160	0	0	0	177168	408546	410874	362346	357824	324284	355522	386690	332008	407489	438405	401213	534863	428448	578009	574068	566964	695776	630846	819613	802384	819877	977329	990886	1050668	1306519	1386275	1620214	1877397	2489631	2763517	4310444	10300299	23668977	5428707	0	0	0	1.1503
28	17953638	16102948	15836405	19126450	61799	61799	0	0	0	240345	530777	543271	460625	444583	393819	427203	457474	387013	468969	499289	452385	593685	476088	632868	621767	611393	743262	674315	862085	851186	853410	1020903	1031888	1089136	1339754	1421565	1649580	1906511	2492537	2768788	4274391	9999586	22594521	5204469	0	0	0	1.3424
29	17971683	16081877	15821085	19183184	23411	23411	0	0	0	201351	460675	461236	401489	394048	353067	383985	414637	354654	431530	460759	423748	556993	448284	598835	593234	584374	712479	651855	836261	823506	836163	996550	1011716	1074803	1326272	1407575	1643456	1908098	2505100	2789452	4327515	10171684	23124001	5388444	0	0	0	1.1413
30	17894178	16190882	15824822	19134595	36763	36763	0	0	0	174355	426997	430092	380953	375965	340132	371190	402305	344836	422203	452533	415165	546536	440058	589762	587324	578159	705918	642064	825903	814306	830998	990546	1002771	1068959	1315830	1399947	1641620	1903512	2507666	2795402	4349873	10231724	23301748	5437125	0	0	0	1.0988
31	17985097	16114670	15802198	19021704	157571	157571	0	0	0	194170	475968	480810	421115	412151	371060	400826	431095	370551	446487	478345	437782	572821	464392	615133	608376	599721	729163	666742	849637	841352	851162	1013871	1031149	1093060	1344642	1428985	1666827	1932973	2520614	2817668	4343499	10038631	22695242	5277649	0	0	0	1.3697
32	17975689	16070457	15812807	19088403	133884	133884	0	0	0	204815	499713	508626	442235	432065	386151	416071	448190	382986	462781	491254	450235	585937	475769	625206	620140	609132	740611	676921	861339	854744	859180	1025395	1041083	1104395	1354193	1437968	1675392	1941529	2521432	2825573	4340694	9976877	22431633	5237091	0	0	0	1.3856
33	17923048	16165065	15879104	19051153	62870	62870	0	0	0	190888	488000	494927	434135	423615	380670	411279	442520	378845	457044	488127	448547	580535	471674	622930	614672	607586	736858	673844	856252	850072	855957	1022880	1036194	1103058	1351102	1436474	1675062	1944858	2524277	2835020	4353339	10022932	22520571	5283626	0	0	0	1.2561
34	18003641	16133197	15948572	18930991	64839	64839	0	0	0	204845	525421	534599	467042	452532	406304	435355	466965	399793	478096	509201	467250	602379	492038	643227	633918	623607	753672	694760	874988	872472	872983	1041185	1058414	1125626	1369084	1460254	1697514	1965333	2535959	2852212	4355559	9892194	22055441	5196179	0	0	0	1.3345
35	17971760	16130405	15943226	18971376	64473	64473	0	0	0	203324	522021	531810	463185	451202	403886	433164	464741	396732	475490	506984	464261	596897	488049	636530	631171	620597	749274	690793	868523	869452	870409	1036810	1053760	1119608	1368715	1454109	1695018	1966862	2535386	2849993	4362194	9902229	22111804	5221784	0	0	0	1.3266
36	17835670	16075588	15839879	18828536	501567	501567	0	0	0	205876	548213	558165	486916	471675	422735	451378	481775	413813	491100	521768	479767	612577	501982	652739	641683	633332	763880	704933	878939	880527	880636	1048008	1064904	1132530	1374254	1463740	1702345	1972695	2526545	2845203	4330565	9735543	21593469	5105463	0	0	0	2.0083
37	17963808	16145415	15976000	18815649	180368	180368	0	0	0	219340	578913	592422	515162	496649	443174	472472	502730	428269	507876	540204	495519	629952	517016	669840	656550	646075	779236	718599	892739	899382	893551	1064258	1083644	1146796	1394010	1483393	1720486	1993221	2541979	2866097	4343390	9706175	21406716	5055037	0	0	0	1.6077
38	17903848	16171673	15952296	18915093	138330	138330	0	0	0	229684	595484	605327	524959	503881	449156	479450	510738	432256	517006	549070	499987	641765	522830	679229	668316	655088	789423	726964	908638	908593	904709	1081471	1096701	1163499	1412617	1502569	1740364	2013194	2560747	2888054	4366550	9636971	21234604	4943016	0	0	0	1.5761
39	17845610	16223955	16012929	18879678	119068	119068	0	0	0	237371	627212	643486	555040	535968	474920	504758	532272	455672	536391	568348	518580	656528	540604	695112	679111	669155	803742	743718	918944	926996	917937	1093500	1112103	1178278	1422188	1513855	1749953	2023589	2561604	2889955	4349209	9539506	20855330	4931237	0	0	0	1.6158
40	18009132	16160415	16063926	18798985	48782	48782	0	0	0	237193	645132	666853	576564	552587	490687	520939	548271	466838	549478	581719	530583	668261	550475	706414	688585	675305	811441	752442	923598	930993	920075	1095114	1112789	1178893	1423267	1510695	1744434	2015225	2552629	2880106	4328047	9513280	20760694	4922852	0	0	0	1.5524
41	17937035	16178543	16087045	18823537	55080	55080	0	0	0	218426	615864	631075	550706	529457	474519	502067	531594	454972	533837	566498	519975	654656	539418	691888	680072	667465	801955	744234	915301	924812	917902	1088267	1107171	1179647	1422553	1513897	1750021	2029874	2565438	2899335	4365549	9575810	20868383	4993522	0	0	0	1.4987
42	17767347	16129055	15923290	18620464	641084	641084	0	0	0	230993	663153	680603	591478	565374	503965	531719	558274	478446	558051	590499	541344	677677	560173	714314	698006	686734	819628	762537	930771	943334	930943	1104829	1123593	1193410	1433384	1523101	1758065	2034336	2555873	2888503	4315597	9321095	20156054	4814300	0	0	0	2.4359
43	17940627	16195697	16114761	18702134	128021	128021	0	0	0	255695	722617	750195	645209	614661	540978	570159	598578	508821	591866	624207	567971	709976	586012	744146	724483	708269	847032	785295	956516	972463	949712	1129881	1148738	1214582	1455826	1548682	1777654	2055975	2568725	2902690	4320890	9242160	19865167	4747388	0	0	0	1.8168
44	17912649	16174754	16138768	18771080	83989	83989	0	0	0	257458	735625	761930	657854	625166	551663	580995	606516	516941	601621	632174	576319	716927	593695	751949	729660	717764	853466	795268	962969	980210	958486	1138197	1157135	1224791	1465459	1558220	1791472	2066020	2573987	2911520	4321955	9201591	19691822	4730426	0	0	0	1.7783
45	17908193	16248248	16100444	18699626	124729	124729	0	0	0	261002	748949	785061	673733	642445	565868	594655	619762	528718	612824	646714	589252	730223	605971	763203	737760	727858	865532	805180	972930	991828	967485	1148748	1167943	1237302	1472911	1568504	1798407	2072110	2576552	2913970	4305761	9107702	19489246	4660402	0	0	0	1.8736
46	17930610	16237176	16183357	18671509	58588	58588	0	0	0	262391	762351	796441	685939	650528	574064	601644	629073	536985	617999	652215	594402	736056	612011	769543	744253	735067	871763	815174	979075	1000501	974749	1156293	1176822	1244695	1482794	1577009	1804363	2082845	2583235	2917737	4302068	9081074	19363706	4647787	0	0	0	1.8007
47	17968705	16176835	16143061	18650156	142483	142483	0	0	0	276095	808276	852946	730125	689515	605478	632770	660001	561444	643341	679135	615490	761266	630291	790360	761980	749439	886564	829941	993223	1015981	984287	1170739	1189066	1255326	1490889	1585314	1808910	2081724	2573509	2904645	4270609	8935400	18975462	4539216	0	0	0	2.0166
48	17784330	16315176	16221140	18659943	100651	100651	0	0	0	255732	776625	810661	703219	667841	587859	616635	642418	548138	630793	665462	605853	749766	622280	783949	756719	746201	881453	827624	991339	1011223	983205	1168716	1189190	1258746	1498756	1594376	1819891	2100641	2591740	2928661	4310780	8998187	19072126	4583784	0	0	0	1.8899
49	18118181	16193797	16197706	18522917	48639	48639	0	0	0	272724	832038	890916	762925	722909	635035	663793	687412	584408	668306	703172	636462	783079	651558	812289	779205	768512	906188	848083	1009914	1034479	998647	1188319	1203688	1271236	1505465	1602545	1821976	2095120	2570488	2906591	4250907	8823265	18680020	4460927	0	0	0	1.9432
50	17798050	16271582	16334914	18648234	28460	28460	0	0	0	271099	844270	887490	769927	728831	644970	673235	698649	598268	683436	722411	658078	807796	674110	842560	807851	802141	941483	888124	1055556	1084301	1047249	1251216	1269385	1351077	1591501	1699801	1923550	2212637	2681463	3034775	4364795	8604633	17619883	4316229	0	0	0	1.9355
