#Name	E:\SaveData\2016-10-18_15_18_08_1001160117_R0024_A_CL100007988_BGI12070_WESPE_result\\CL100007988\L02\CL100007988_L02_11_2.fq
#PhredQual	33
#ReadNum	81905958
#row_readLen	50
#col	48
#BaseNum	4095297900
#N_Count	5964463	0.145642
#GC%	46.02
#Q10%	96.86
#Q20%	90.24
#Q30%	77.41
#EstErr%	1.171429
#Pos	A	C	G	T	N	0	1	2	3	4	5	6	7	8	9	10	11	12	13	14	15	16	17	18	19	20	21	22	23	24	25	26	27	28	29	30	31	32	33	34	35	36	37	38	39	40	41	Err%
1	26049215	19765005	18852875	17179160	59703	59703	0	0	0	6704	27714	37614	40756	49135	55197	109683	133965	126320	183302	211176	201231	333202	239595	376145	397274	450247	550968	492636	737027	649561	766842	909435	905807	980470	1302083	1391627	1647480	1881352	2829166	2793251	4729660	12679224	37378622	6241784	0	0	0	0.2791
2	22365361	16190655	19920901	23337286	91755	91755	0	0	0	53720	102062	111609	111956	125832	126418	198075	233669	203261	278636	311339	277521	441780	314226	482258	486726	526135	646767	564488	825664	725073	833403	982723	967035	1044387	1354157	1437068	1687898	1917037	2847324	2828188	4690343	12790795	35591608	5695022	0	0	0	0.4880
3	21487141	19318879	17139357	23906977	53604	53604	0	0	0	52844	96299	110308	107956	122568	118929	201566	241979	202638	292407	327329	288207	464979	321604	511652	516564	543010	675029	587489	861684	771994	850625	1024430	1018960	1070365	1406447	1490076	1745173	1989160	2913633	2971157	4855385	12769128	34404794	5925986	0	0	0	0.4424
4	21925647	18889969	17637506	23350914	101922	101922	0	0	0	71402	123110	130489	123288	134685	130706	210648	247331	213021	293222	327058	293019	457100	327869	504641	508070	534902	666964	579577	843823	757793	837227	1004679	993883	1046776	1368150	1444276	1690102	1920787	2813387	2852540	4700198	12725195	34886016	6042102	0	0	0	0.5363
5	21902413	18521204	18369186	23106153	7002	7002	0	0	0	87395	158346	165366	155279	167705	163993	249845	288828	253903	331309	368307	339973	495642	378634	545798	552295	575919	708591	635261	879461	813454	895084	1060021	1059141	1148495	1450065	1540438	1813027	2084309	2899277	3086605	4959386	12582596	32637309	6367899	0	0	0	0.4966
6	21510104	18831981	18011387	23424113	128373	128373	0	0	0	68764	137212	145902	139014	152173	146925	237974	277316	235676	325949	360989	321509	497357	356891	548085	548322	563466	706438	611203	883879	803019	866465	1047036	1038379	1085283	1418874	1500761	1755067	2000775	2869692	3016452	4906281	12668467	33425004	6110986	0	0	0	0.6053
7	21954121	18385010	18711523	22848488	6816	6816	0	0	0	93028	162120	164702	152844	164139	157950	244251	282184	243416	324819	358760	325057	488022	362149	536117	540011	559068	694614	609453	863023	785945	864025	1026712	1018211	1088625	1398551	1475986	1735559	1984028	2830550	2978686	4864784	12673726	33346456	6501571	0	0	0	0.4921
8	21243263	19030476	17564384	23965958	101877	101877	0	0	0	95158	171351	174668	161495	173360	166294	255495	295587	253891	338773	374135	337436	504630	371908	552939	555981	569482	710748	622089	880590	804025	875495	1042959	1036756	1102035	1414712	1496683	1755464	2012639	2847285	3016142	4907027	12618099	32878356	6430394	0	0	0	0.6286
9	21113949	18869106	17742101	24168925	11877	11877	0	0	0	86691	153498	157791	148227	161068	156005	243010	281695	243451	325973	359717	325913	490828	362671	539039	545125	559123	696300	607822	865604	792591	861318	1029201	1021999	1083540	1397591	1475366	1737575	1984348	2820810	2989717	4881139	12678710	33396084	6434541	0	0	0	0.4880
10	21447036	18841869	18135623	23461091	20339	20339	0	0	0	112492	196437	197732	182364	192522	183737	275489	313654	271911	356042	391174	354203	518806	390355	566854	571023	583276	722752	637168	887222	822147	890712	1060024	1056037	1132895	1438034	1520962	1793575	2061869	2864598	3084338	4971312	12543485	32222058	6518360	0	0	0	0.5760
11	21580799	18707648	18094651	23463548	59312	59312	0	0	0	93053	172623	177427	166435	178585	170935	265188	303220	260832	346647	380963	344971	510474	380795	559077	561252	574673	715278	625409	881776	807766	877626	1046480	1037588	1104374	1413064	1494129	1757617	2012106	2830942	3015153	4904070	12606284	32844494	6425340	0	0	0	0.5842
12	21503667	18884460	18094409	23311770	111652	111652	0	0	0	88550	174018	180415	168168	181094	173034	266800	304649	262772	348658	382815	345418	510810	382336	559444	563634	573732	714397	626406	877713	811586	876510	1043999	1039764	1103074	1413248	1494338	1757436	2017320	2828747	3030715	4917568	12565094	32739267	6470777	0	0	0	0.6494
13	21577693	18858382	18199420	23233298	37165	37165	0	0	0	120706	219319	222250	202864	211575	198909	296757	335046	287129	376155	411294	373040	539375	407995	588645	591276	595113	741400	652739	903018	840929	899765	1071955	1071058	1134988	1447094	1524878	1796615	2062710	2860336	3084705	4968836	12490054	31834074	6506191	0	0	0	0.6391
14	21395445	18758251	18086913	23225265	440084	440084	0	0	0	117542	227026	228734	207989	216589	204560	301933	340662	293846	380062	414579	377093	540571	412652	591097	593390	597888	744934	656213	905044	844343	900216	1071356	1070648	1138749	1444780	1524193	1793918	2058250	2844896	3077197	4945585	12370217	31607101	6422021	0	0	0	1.1400
15	21373935	18996346	18229763	23297473	8441	8441	0	0	0	124566	235637	237170	212675	222627	208624	306662	347326	297489	385857	422700	382929	550532	418496	600831	603267	605149	754272	663485	916500	858437	911472	1086746	1087992	1151213	1466195	1547999	1817597	2089986	2874716	3127451	5002973	12424699	31445579	6507668	0	0	0	0.6293
16	21384779	18978974	18313005	23207592	21608	21608	0	0	0	166025	317384	316588	284012	292001	270660	307718	344760	297841	383901	419769	383034	542883	420827	593854	599739	602046	746592	665675	905995	858405	910237	1080669	1084990	1155437	1461966	1545628	1822492	2095059	2866337	3132431	5004021	12346537	31181147	6477690	0	0	0	0.7607
17	21325747	18971677	18345706	23246725	16103	16103	0	0	0	170599	329831	328780	295483	301341	281503	317849	354695	305094	392631	426609	392579	550038	428756	601662	607314	608487	755708	673876	912806	866927	917818	1093218	1098046	1168042	1475812	1557281	1833071	2114491	2876319	3156079	5026958	12300187	30909553	6460412	0	0	0	0.7762
18	21181919	19194077	18318067	23196651	15244	15244	0	0	0	151196	304505	306102	278006	287315	269114	304700	343164	297747	383602	419605	385195	544779	420146	595441	601810	603253	750659	668214	911653	860034	910265	1089319	1089228	1159478	1466960	1551988	1826034	2106707	2873633	3150693	5030575	12370690	31081102	6497802	0	0	0	0.7348
19	21166564	19106140	18446468	23030452	156334	156334	0	0	0	189163	370808	370647	326751	329978	304768	342881	379694	326614	415285	450526	412274	574763	447825	626660	631256	626990	776038	692001	933250	891336	931793	1112306	1120243	1187125	1496704	1583654	1857472	2142849	2892807	3190377	5051946	12176290	30167765	6418785	0	0	0	1.0153
20	21273063	19031389	18399824	23095500	106182	106182	0	0	0	144392	320689	323213	295445	305355	285407	321268	357999	312404	396772	429998	399022	553230	436928	606052	614434	613392	759784	680915	915535	873528	923052	1097287	1106524	1177206	1479393	1566206	1850633	2134290	2881115	3190972	5078378	12261976	30564187	6542795	0	0	0	0.8723
21	21163897	19175133	18430800	23038052	98076	98076	0	0	0	182543	379136	377430	334123	337848	312244	348426	383681	333886	419663	455464	422032	575660	457567	628473	635550	636127	782801	706362	938773	904524	946024	1124349	1135952	1211270	1516701	1605550	1890867	2184603	2917574	3256466	5128065	12111028	29770322	6456798	0	0	0	0.9542
22	21163665	19111732	18520291	22844385	265885	265885	0	0	0	192209	402880	400217	353812	356438	326177	364359	401461	346494	435375	472915	431481	591485	467406	644894	647194	645313	795629	714855	950085	915246	951727	1134882	1144502	1217086	1523858	1610679	1894974	2188550	2917695	3250249	5106776	12049438	29450478	6343254	0	0	0	1.1989
23	21251322	19055303	18551810	22979620	67903	67903	0	0	0	196993	418759	416575	369845	370899	339620	375900	414463	357896	445579	480780	443934	603398	479736	656349	658931	656758	806488	726701	959570	928054	967372	1146292	1158403	1235501	1539198	1630909	1912489	2211082	2933759	3277054	5138352	12018752	29161850	6399814	0	0	0	0.9862
24	21136402	19224489	18564563	22916227	64277	64277	0	0	0	201674	431761	430400	379607	379366	346350	381523	420446	363470	450353	486017	448845	606087	483943	658270	661423	657698	807707	731854	960366	934298	967139	1150200	1162590	1237226	1539274	1631999	1912266	2213587	2930444	3276601	5131413	11977156	29120306	6370022	0	0	0	1.0011
25	21230753	19184431	18651982	22813561	25231	25231	0	0	0	212815	460976	460187	404522	401083	365947	404103	441242	378898	469445	506425	465717	626004	498912	678135	678310	673299	825494	747451	976650	950142	981340	1166028	1176259	1250439	1553651	1644257	1928869	2227248	2940152	3295660	5139519	11911569	28699841	6340138	0	0	0	1.0038
26	21156018	19106958	18651295	22847044	144643	144643	0	0	0	237376	502887	501568	435299	428824	388510	426018	463553	397502	490562	525733	482804	646097	514800	697643	696474	687092	841823	761515	992994	966957	994158	1181069	1196694	1269284	1574990	1665887	1948771	2249774	2948306	3311231	5137387	11791741	28183069	6222923	0	0	0	1.2182
27	21087470	19266814	18631540	22806215	113919	113919	0	0	0	216918	493559	493599	434279	429567	391508	427375	465146	400796	491739	529416	486737	646449	521818	700741	700073	691610	845554	770308	997854	976092	1002196	1190038	1201911	1280217	1584330	1677204	1959126	2267972	2961639	3332817	5166278	11771824	28049742	6235607	0	0	0	1.1667
28	21126254	19248374	18744281	22709740	77309	77309	0	0	0	300402	642996	650068	550683	533368	470469	512509	546213	465135	563581	599412	546139	715295	575503	762683	752217	741860	900015	818635	1044477	1030932	1040078	1234689	1248948	1317603	1619656	1711475	1987404	2289325	2965338	3330680	5101792	11449015	26839441	5970613	0	0	0	1.3698
29	21157723	19177288	18726525	22815737	28685	28685	0	0	0	248619	552310	552690	477652	469023	422457	459313	494689	424381	516150	553732	509566	670830	540311	719960	717329	707825	862401	787303	1010263	996110	1016324	1205242	1222243	1298058	1598937	1694921	1977590	2286904	2967707	3348556	5167062	11655410	27553735	6191670	0	0	0	1.1566
30	21087212	19304753	18710455	22757981	45557	45557	0	0	0	214079	512043	512309	453162	447350	405613	443405	481552	413636	505397	543527	499798	657499	533019	710035	710002	700629	853515	779637	1000816	986237	1010174	1195822	1214014	1291531	1591795	1684015	1973160	2284922	2968068	3360641	5190095	11719185	27774727	6238992	0	0	0	1.1129
31	21152451	19220069	18750153	22594468	188817	188817	0	0	0	239521	573214	577265	503795	492753	444529	482184	519107	446598	538883	576865	530937	690955	560331	741308	738013	728014	884665	811439	1031936	1023813	1036544	1231601	1249299	1327884	1626972	1723650	2008862	2323740	2990594	3389569	5190050	11497521	26915864	6068866	0	0	0	1.3908
32	21154112	19164672	18763781	22660626	162767	162767	0	0	0	251851	602610	610081	528888	516022	462852	499840	537682	459900	556152	593302	543348	706997	575428	757422	752409	740166	899596	824483	1043302	1034882	1046312	1241373	1258815	1335609	1636816	1735218	2015873	2332723	2991487	3388973	5179185	11431205	26648499	6003890	0	0	0	1.4091
33	21080522	19314355	18796032	22640637	74412	74412	0	0	0	236226	588724	593815	519419	506782	455735	493704	529933	456085	548779	587019	539630	701296	570708	750327	747476	732935	891144	818702	1038677	1030812	1042919	1236972	1255860	1335038	1635353	1729412	2015810	2335203	2995165	3397538	5191162	11476761	26780917	6065508	0	0	0	1.2747
34	21161052	19282896	18878568	22506945	76497	76497	0	0	0	252331	635164	642353	558678	543281	486378	522612	558829	480501	574795	612178	564881	727451	594338	776104	768553	755853	914228	843012	1057466	1055326	1066743	1260136	1280118	1364651	1660445	1759436	2040928	2362875	3010225	3419444	5194771	11329101	26183018	5973258	0	0	0	1.3546
35	21111243	19267376	18850470	22600702	76167	76167	0	0	0	248893	627222	634269	553242	535954	481791	517628	554402	477031	569309	606911	559312	718946	588184	770601	762560	751488	907411	837219	1053396	1049969	1057803	1251761	1272304	1354980	1650502	1748937	2033764	2356636	3002870	3412292	5191463	11354174	26342285	5994282	0	0	0	1.3405
36	20951360	19222049	18718812	22407492	606245	606245	0	0	0	253076	659023	669706	582825	565931	506415	542483	578866	496242	589608	629615	578139	737741	605832	786695	777994	767488	923447	854729	1065393	1067634	1070221	1266613	1287780	1370646	1661021	1761443	2045467	2361253	2995813	3410607	5158097	11153289	25654105	5864476	0	0	0	2.0417
37	21092318	19300349	18898884	22399930	214477	214477	0	0	0	271776	699785	711370	617026	593726	530150	565912	601597	516697	610772	649779	597331	760745	624536	809336	796845	786317	943224	872390	1084656	1087607	1087928	1286001	1308535	1392322	1683527	1786010	2066579	2390569	3016635	3432986	5173790	11120656	25399862	5814504	0	0	0	1.6310
38	21028661	19302308	18910338	22498914	165737	165737	0	0	0	278857	716339	726152	629156	608075	539647	579120	614271	524095	623730	664074	604649	774371	634805	823315	809818	794243	959305	883003	1101086	1102415	1100622	1304889	1326477	1406501	1706421	1806940	2087356	2411128	3038258	3457283	5191760	11041045	25193747	5677268	0	0	0	1.6000
39	20972552	19377118	18933062	22477460	145766	145766	0	0	0	287729	753439	772637	666095	639414	568608	605973	640472	546862	646281	685664	627181	792788	653261	839444	825170	811645	975010	902348	1112740	1121014	1111016	1317654	1340760	1419612	1713156	1816881	2095709	2418185	3031825	3450734	5164607	10939721	24843330	5623227	0	0	0	1.6412
40	21098318	19339674	19009419	22396748	61799	61799	0	0	0	291416	779217	802598	693282	663844	587382	624687	657094	563197	660557	699630	640662	805697	665497	853870	834058	821392	981336	909586	1119950	1127296	1119875	1321572	1341146	1423562	1714784	1816471	2091394	2417491	3025862	3442776	5142172	10907622	24643303	5653881	0	0	0	1.5825
41	21053969	19331538	19004926	22449003	66522	66522	0	0	0	266140	743418	754632	660514	635479	568167	602291	637890	547019	640062	680415	627268	789575	653755	835820	821097	810427	969324	899520	1109733	1117499	1113169	1312314	1336724	1418661	1713764	1814988	2099973	2420463	3032621	3463392	5185017	10986128	24839441	5732736	0	0	0	1.5207
42	20832502	19276509	18814726	22212360	769861	769861	0	0	0	283763	796694	816099	707629	677484	602183	637154	671445	573153	670729	710175	652115	815907	674521	859890	845701	828540	989241	920928	1125780	1139825	1128203	1330941	1353913	1435820	1723453	1826277	2101120	2427114	3021726	3441821	5120174	10708575	23986956	5531048	0	0	0	2.4689
43	21038303	19372201	19039973	22302833	152648	152648	0	0	0	312806	866915	900999	772510	736774	648903	686149	719376	611120	712387	753776	685838	856645	707888	899061	875738	858125	1024005	950026	1156763	1170428	1152085	1360555	1383562	1463009	1753520	1853301	2128220	2453533	3039230	3459796	5116915	10614871	23635646	5432835	0	0	0	1.8414
44	21001923	19347375	19087613	22368596	100451	100451	0	0	0	313679	885516	917296	787789	751282	660362	697674	729709	622020	724051	763164	695733	865904	717942	909066	882958	869494	1032945	958507	1165126	1183313	1158798	1370505	1394293	1473589	1762955	1863209	2137747	2461405	3044987	3468337	5121263	10562887	23444513	5407489	0	0	0	1.8047
45	20993398	19424526	19033932	22303252	150850	150850	0	0	0	319619	906268	942161	810909	772289	678592	715631	747229	638096	736401	778768	710051	878627	729714	919755	895147	880121	1045051	974587	1176363	1195569	1169718	1380305	1404995	1484294	1771032	1875157	2143439	2466402	3044586	3462784	5100188	10471494	23201287	5328479	0	0	0	1.9061
46	21033168	19420577	19128707	22250652	72854	72854	0	0	0	321119	919613	959085	826170	783587	690496	726189	755368	645285	744568	786716	716849	889515	738822	929027	900436	889099	1052637	982604	1184090	1205045	1178595	1389855	1413179	1495822	1778708	1885305	2153023	2481404	3050081	3472982	5098238	10420534	23054249	5314809	0	0	0	1.8347
47	21046423	19330942	19100627	22255583	172383	172383	0	0	0	338594	978237	1024705	875633	828972	726660	761926	794705	673775	775553	818650	742347	917609	762877	954583	920343	907967	1072577	1000844	1200877	1226465	1191167	1407693	1426633	1504677	1788129	1893242	2157115	2478639	3035748	3451285	5048696	10264590	22592761	5189301	0	0	0	2.0516
48	20890865	19487773	19151055	22253149	123116	123116	0	0	0	310381	938386	979423	844731	803364	710617	743509	775075	664088	763575	803956	735462	905651	754125	943992	918301	903193	1067237	998128	1198103	1222543	1192315	1404128	1427851	1512474	1797952	1903629	2170180	2496526	3057983	3486506	5099841	10331181	22681815	5236621	0	0	0	1.9261
49	21201710	19387129	19154267	22101216	61636	61636	0	0	0	334303	1009511	1073030	919338	868049	760779	797219	825617	703335	805019	846197	769882	947325	785921	980910	942057	930286	1094298	1021151	1219213	1248717	1206695	1425202	1444114	1523828	1804259	1911542	2171543	2490512	3042235	3454237	5026437	10135190	22227571	5098800	0	0	0	1.9818
50	20874371	19455997	19299005	22242005	34580	34580	0	0	0	329781	1020457	1067196	926273	876301	776667	807217	840500	721371	823634	866175	791799	973084	811859	1014225	975876	965863	1139876	1067514	1268556	1302509	1262458	1494147	1515764	1611662	1896379	2016948	2282869	2620294	3159592	3592316	5153975	9914033	21039652	4944556	0	0	0	1.9672
