#Name	E:\SaveData\2016-10-18_15_18_08_1001160117_R0024_A_CL100007988_BGI12070_WESPE_result\\CL100007988\L02\CL100007988_L02_11_1.fq
#PhredQual	33
#ReadNum	81905958
#row_readLen	50
#col	48
#BaseNum	4095297900
#N_Count	3820771	0.093297
#GC%	45.40
#Q10%	99.44
#Q20%	97.70
#Q30%	91.07
#EstErr%	0.303359
#Pos	A	C	G	T	N	0	1	2	3	4	5	6	7	8	9	10	11	12	13	14	15	16	17	18	19	20	21	22	23	24	25	26	27	28	29	30	31	32	33	34	35	36	37	38	39	40	41	Err%
1	27404705	18433799	19002370	17033830	31254	31254	0	0	0	3757	25048	41619	36420	36135	33998	37809	39553	38641	44913	50252	51099	67764	68607	81283	90267	149759	179504	194898	242432	314987	359120	427551	548865	558586	804421	879487	1140009	1207515	1410499	930412	1754392	7880965	53257395	8886742	0	0	0	0.1455
2	23954162	15333050	20096288	22425411	97047	97047	0	0	0	8543	35471	43603	38471	37326	36051	38179	40636	40476	46701	52504	56552	75225	75883	89206	110251	173412	211487	231876	287957	366705	415569	484383	593415	593789	821591	882439	1113369	1228209	1580592	1181190	2211729	8982155	51674273	7949693	0	0	0	0.2376
3	22768272	18440580	17563608	23012375	121123	121123	0	0	0	2755	19121	25097	22923	23183	23293	25229	27875	29159	35349	41129	45751	63572	65996	77197	99788	164037	202159	223832	279965	363602	414420	483714	598382	596008	828050	890733	1122005	1226386	1558567	1146485	2140314	8881393	52030962	8006404	0	0	0	0.2370
4	23236794	18137630	17954444	22575429	1661	1661	0	0	0	565	10231	16340	15735	16399	17422	20196	22972	24499	30601	36183	41657	57885	61422	71451	96465	159001	197468	220418	275256	358796	410323	480399	592351	590477	819369	879887	1108907	1213590	1558255	1162171	2171081	8996735	52006236	8163554	0	0	0	0.0772
5	23075472	17820025	18600125	22399011	11325	11325	0	0	0	1328	9413	14814	14638	15142	16537	19120	21832	23694	29582	35056	41049	57300	61092	71088	97142	159531	197922	221062	277523	360270	411188	480239	589982	588026	816193	873047	1100137	1219198	1582029	1206938	2257749	9174643	51732126	8118003	0	0	0	0.0876
6	22771539	18233060	18211164	22650561	39634	39634	0	0	0	4018	12373	17881	16735	17143	18185	21343	23305	24873	31324	36034	42269	59103	62063	71664	99768	161127	200198	223041	280346	360844	413036	482019	591448	586425	812128	871136	1098359	1217148	1599246	1230440	2312276	9275822	51592771	8000433	0	0	0	0.1276
7	23184737	17815586	18729225	22134095	42315	42315	0	0	0	724	9384	13908	13607	14779	15621	18149	21028	22374	29203	34261	40478	57801	60080	70492	99551	160387	201386	222208	281129	360662	410401	480605	584906	585023	809402	865694	1090020	1216710	1618722	1262838	2379918	9432135	51397184	7982873	0	0	0	0.1241
8	22637985	18306380	17820701	23085630	55262	55262	0	0	0	2788	10382	13956	13263	14277	14992	17778	20144	22009	28588	33459	40096	57132	60416	69641	100458	161119	201950	223645	282912	363697	413910	482858	584700	584986	805296	862497	1084914	1213031	1631173	1293512	2437187	9556876	51192553	7954501	0	0	0	0.1408
9	22529256	18140821	18038260	23151010	46611	46611	0	0	0	880	8794	12799	12896	13712	14795	17485	20140	21846	28863	33575	39442	57550	60111	69886	101380	161598	203309	222438	284598	360819	412736	481785	579939	581205	797393	858710	1076480	1208148	1638335	1305544	2468874	9646009	51131809	7925464	0	0	0	0.1281
10	22855619	17981477	18333399	22648974	86489	86489	0	0	0	952	8416	12188	12399	13376	14710	17564	20365	21892	29483	34672	40968	59489	61580	72777	104882	165281	207072	226381	289711	364383	415104	485696	579017	581370	798772	859063	1077558	1214513	1663808	1352031	2557809	9795905	50745263	7915019	0	0	0	0.1769
11	22805393	17902889	18319453	22561834	316389	316389	0	0	0	2827	13100	16387	15576	16347	17183	20184	23547	24329	32381	37688	44369	64490	65646	77549	110487	170396	214567	232532	297848	368089	418720	489073	578432	584731	798413	857961	1076356	1219398	1686381	1415197	2663100	9945426	50100753	7890106	0	0	0	0.4653
12	22789161	18158593	18391050	22562696	4458	4458	0	0	0	2280	9276	12972	13560	14989	16099	19802	22914	24614	33287	38658	45926	66000	67153	80014	114313	174514	220676	236376	303698	372129	424081	494621	581731	587548	802179	861406	1078362	1226503	1714098	1453228	2733899	10108884	50036656	7909054	0	0	0	0.0814
13	22928907	18071049	18434048	22466030	5924	5924	0	0	0	1748	9982	14229	14403	15803	17449	21334	24683	26620	35621	41623	47965	69875	70084	83566	119185	178251	224840	239336	310237	376509	426806	501916	582227	590236	803940	864805	1082189	1232440	1732801	1488383	2795708	10233845	49724723	7896672	0	0	0	0.0856
14	22756598	18044017	18356018	22486901	262424	262424	0	0	0	3612	12457	16384	16452	17892	19052	23156	26788	27804	37975	43786	50255	73151	73433	87366	122421	182980	228864	243299	314565	379312	431641	502711	583104	592677	803510	866025	1080206	1232744	1740018	1509106	2833290	10264018	49384982	7818498	0	0	0	0.4037
15	22682516	18295935	18443451	22480347	3709	3709	0	0	0	3472	12463	16989	17154	19203	20624	24976	29148	30252	41235	47303	54251	78617	77329	92950	129354	188966	237449	250087	323510	384967	436157	510246	586490	598891	810785	871854	1089854	1252786	1770493	1579603	2953582	10459429	48996651	7905129	0	0	0	0.0907
16	22709884	18226577	18565328	22402504	1665	1665	0	0	0	3766	19291	26629	26586	28809	30493	35894	41792	42947	55822	64315	70635	101815	98301	119789	154691	190492	239382	251483	326121	385243	439618	511574	583828	600463	811669	874702	1092559	1261735	1796820	1624969	3027559	10571341	48538858	7854302	0	0	0	0.1077
17	22656598	18187946	18521535	22372671	167208	167208	0	0	0	5901	23368	29810	28982	30954	32623	38111	43334	44218	57375	66291	72161	104605	99200	121733	157742	192351	242694	253183	329718	387224	440172	513836	584094	599152	808787	871964	1090140	1251804	1791593	1617640	3026345	10581132	48409796	7790717	0	0	0	0.3158
18	22495817	18424816	18528834	22346582	109909	109909	0	0	0	5610	23260	30749	30693	32869	34704	40618	46381	47263	61150	70906	76402	110877	104431	128701	164344	199574	251044	259114	338666	393882	447000	521569	588596	608129	817528	883434	1101069	1269435	1822633	1679851	3129172	10723761	47943920	7808714	0	0	0	0.2495
19	22538979	18316012	18624642	22222339	203986	203986	0	0	0	7264	28051	35099	34518	37572	38792	44605	51596	51574	66775	75744	81208	116169	108836	135974	171122	206941	259037	265781	347693	398411	452887	527573	593334	616134	823767	890088	1107836	1282316	1848181	1723128	3199813	10816232	47491327	7766594	0	0	0	0.3738
20	22575833	18304542	18665192	22352424	7967	7967	0	0	0	8925	27221	35470	35506	38287	39918	46495	53050	53285	69438	79285	84007	121540	112700	140708	177306	212265	265830	270726	355340	405156	461164	537625	598098	622533	831690	899916	1116437	1292505	1865885	1749313	3247554	10902280	47398106	7742427	0	0	0	0.1374
21	22475051	18467944	18724053	22234906	4004	4004	0	0	0	9527	34119	43104	41925	45240	46151	53494	60131	60235	77918	88254	92021	132919	121913	153771	189951	222322	281420	283084	371595	417467	474050	550896	610565	639990	851715	918941	1140059	1326872	1913124	1835661	3380455	11077247	46610786	7745032	0	0	0	0.1469
22	22556568	18418498	18791888	22131618	7386	7386	0	0	0	11521	35509	44432	44071	47115	48413	56654	64268	63428	81717	93189	97192	140657	126875	160719	197546	229460	289657	290026	382588	425537	482835	561463	615314	649783	858518	927140	1153076	1342579	1939061	1878002	3446705	11156457	46241333	7715732	0	0	0	0.1569
23	22586184	18345099	18761179	22168863	44633	44633	0	0	0	10647	35761	44408	44373	47738	49990	57710	65762	65731	84158	95803	99753	144830	130515	165349	203997	236011	295852	295014	390272	430962	489111	569564	620158	654784	868402	938566	1165078	1354232	1963044	1912018	3502271	11233007	45918627	7677827	0	0	0	0.2041
24	22470979	18500863	18749373	22139984	44759	44759	0	0	0	12777	38183	47463	46947	50643	52411	60586	69617	68915	88392	100463	104393	151678	136035	172139	210475	243902	304856	302953	400288	439200	498578	577866	629039	668654	879145	951584	1177812	1374104	1990821	1963094	3579571	11331788	45460867	7675960	0	0	0	0.2114
25	22521258	18452956	18834769	22009796	87179	87179	0	0	0	16294	50076	57348	55171	58703	60263	68235	77832	75201	95758	109153	112778	161519	144546	184043	221988	252577	316765	314347	414330	448695	509107	593166	639294	684132	895195	968994	1201126	1402655	2026220	2023284	3670294	11418835	44836236	7654619	0	0	0	0.2823
26	22508908	18385085	18841311	22070683	99971	99971	0	0	0	19028	46746	56231	54991	58835	60531	70698	79615	77431	99001	112623	116349	165437	149137	188413	226372	258457	324379	318582	420487	452063	512913	597256	641554	688773	898675	975537	1206300	1409063	2039141	2047282	3710945	11469686	44598187	7655269	0	0	0	0.2995
27	22375106	18540016	18805326	22037180	148330	148330	0	0	0	28451	58649	64490	61040	65417	64880	75648	85809	82644	106096	119579	121885	174282	155959	198455	236900	267828	336644	327383	434717	463745	523468	611888	652150	701572	916733	990533	1223079	1431946	2068520	2095849	3777504	11552396	44066415	7615074	0	0	0	0.3776
28	22491655	18520762	18899881	21945687	47973	47973	0	0	0	20823	57166	65398	64119	68802	69381	80421	90892	87388	111158	125991	127295	182421	160691	206914	245681	274962	344808	335108	445514	471149	534723	622333	662331	715054	928889	1007313	1241958	1449595	2097542	2146560	3854892	11640600	43713274	7606839	0	0	0	0.2567
29	22336707	18348050	18785154	21876044	560003	560003	0	0	0	23655	62593	70455	68031	72957	73797	84243	95884	92339	116865	132300	132116	190457	166059	215162	253318	282873	353853	342051	456650	479584	541940	633386	667727	723353	937570	1017959	1249022	1462650	2111769	2167030	3875922	11625795	43067861	7498729	0	0	0	0.8924
30	22326917	18580623	18889461	21952028	156929	156929	0	0	0	22211	58511	67983	66756	72083	73724	85141	96641	93465	119338	134818	135937	195264	171193	220110	258383	287952	361297	348898	464139	486689	549699	642217	675447	734754	950873	1030432	1267301	1481560	2142589	2210271	3943821	11735344	43030332	7533856	0	0	0	0.3984
31	22448535	18515597	19022538	21859445	59843	59843	0	0	0	27129	68311	76617	74605	80453	81120	93084	105644	101243	128252	145212	145558	207738	180300	234529	271343	301986	377024	361735	482887	499963	565936	659722	692680	753632	972719	1054340	1294864	1513033	2182128	2267498	4034254	11806426	42495064	7509086	0	0	0	0.2992
32	22463272	18504300	19004710	21930723	2953	2953	0	0	0	27253	69440	79357	78270	84244	85165	97890	111566	106074	135438	152196	152081	217533	188159	243924	281539	310179	388594	371282	495636	512231	576574	672664	703096	769582	988547	1070980	1311975	1538612	2209490	2314056	4097174	11877976	42075347	7508881	0	0	0	0.2374
33	22313384	18614719	18964784	21866035	147036	147036	0	0	0	34978	82542	90623	86946	93035	93323	106639	120186	114582	144222	161211	161404	228193	197698	256815	293607	321996	402877	382633	510603	522934	593287	687434	716885	785402	1007716	1089273	1335756	1563282	2236842	2362684	4164091	11905129	41430368	7473726	0	0	0	0.4362
34	22387964	18589507	19073435	21838645	16407	16407	0	0	0	40341	87584	96848	93461	100230	100958	114978	129577	123131	155713	173348	173596	243555	210893	272907	311259	338901	422186	400445	532751	543198	612067	712313	738007	809823	1035724	1119811	1373669	1605071	2288298	2442699	4270615	11988673	40814578	7412343	0	0	0	0.2942
35	22347253	18576789	19031016	21928621	22279	22279	0	0	0	42662	85395	94525	92789	99854	100697	114768	130583	123857	156761	175167	173478	245425	211910	274925	313487	341029	424105	400547	536118	543103	615220	714170	738673	813340	1037360	1124553	1374834	1607759	2290890	2451503	4292178	12015254	40704750	7422010	0	0	0	0.3012
36	22279452	18687379	19041309	21839557	58261	58261	0	0	0	37504	87581	96748	94616	102625	102185	117596	133179	126189	160383	178798	176772	251033	215478	280645	319230	345704	431690	405204	543337	547982	618810	721265	743027	820636	1046221	1131400	1380561	1613153	2304365	2472111	4319977	12045474	40424461	7451757	0	0	0	0.3474
37	22344889	18666755	19140276	21747001	7037	7037	0	0	0	38594	91525	99283	98051	105109	106006	121334	137461	130142	165190	184011	181966	257336	220731	288165	325655	351702	438926	412925	553238	555929	626983	730624	750984	831155	1057609	1142433	1398673	1636543	2322579	2499394	4356776	12069483	40167145	7445261	0	0	0	0.2926
38	22306812	18609741	19088575	21805265	95565	95565	0	0	0	43839	100168	108248	104735	112860	112519	128393	146138	137224	173565	192592	189718	266979	228563	299739	334952	360825	450226	421264	564351	565216	638208	741263	760072	842512	1072016	1157144	1413946	1650418	2346818	2532568	4396337	12091767	39703018	7422192	0	0	0	0.4183
39	22250742	18735575	19116653	21799506	3482	3482	0	0	0	44590	102803	110357	108185	115425	116319	131634	150377	142176	178703	199169	195357	276169	235827	308317	344110	370911	461009	431270	577166	574848	652637	757235	773368	857740	1088542	1174406	1434747	1675510	2372285	2570278	4449524	12138967	39380835	7401680	0	0	0	0.3133
40	22303681	18693963	19198529	21706169	3616	3616	0	0	0	47433	106859	115751	112608	120687	121082	138041	156256	146125	184822	206111	202577	284646	243062	318598	353161	377777	470333	438801	588028	584887	660693	766872	784545	869641	1101478	1191064	1451506	1694690	2394378	2602699	4489537	12166375	39029056	7382163	0	0	0	0.3248
41	22244642	18617990	19131850	21715841	195635	195635	0	0	0	55161	123900	130000	124517	133165	131199	149114	168968	155933	196144	217493	213218	297726	253798	333066	366612	389883	486417	450516	605285	599026	673103	782599	799832	889732	1120679	1208203	1470994	1718815	2419204	2642933	4531017	12155395	38385613	7331063	0	0	0	0.5876
42	22203921	18780943	19170440	21743679	6975	6975	0	0	0	55102	122245	130392	125350	134602	134230	152716	172744	161428	202447	224519	220296	306901	261382	342420	377777	399592	498428	461726	618392	610613	688124	798241	811569	906360	1140696	1228060	1495854	1745941	2451000	2687085	4595132	12198367	38111505	7327747	0	0	0	0.3615
43	22210434	18723336	19218881	21641278	112029	112029	0	0	0	58112	128755	134490	130975	139831	139121	158711	179538	167404	209122	231737	225730	315618	268687	351846	386245	408735	508560	471888	630483	620679	697417	809944	821872	918481	1154772	1243125	1512374	1762698	2467168	2713188	4633074	12202830	37686117	7304602	0	0	0	0.5022
44	22234082	18704693	19218648	21745583	2952	2952	0	0	0	63417	137749	143355	138194	147950	146456	166136	188010	173399	218254	241054	235322	327650	278277	365833	398490	420592	522251	482565	644187	633370	711510	825452	837558	934432	1173290	1259804	1534743	1789215	2491715	2753747	4679956	12226193	37322666	7290214	0	0	0	0.3876
45	22119278	18855232	19217108	21704348	9992	9992	0	0	0	68821	146235	150340	145956	155783	153133	174883	197094	182299	228634	252183	245663	338793	289771	379326	411044	432110	536331	494858	660633	645674	724588	841068	851791	949941	1189791	1279134	1552383	1809041	2515544	2788789	4726780	12234580	36878916	7264056	0	0	0	0.4147
46	22187239	18805815	19295586	21595173	22145	22145	0	0	0	71541	156629	160136	153933	164185	161322	184207	205810	190298	238566	263347	254854	353054	298549	392106	424354	444081	551017	505898	677256	660381	740627	859903	866428	970559	1211532	1300985	1578283	1841050	2545827	2839976	4791281	12211900	36433293	7180645	0	0	0	0.4487
47	22186973	18777958	19271213	21663875	5939	5939	0	0	0	79942	167925	170441	162522	173068	169912	192476	215044	197746	247710	272680	263600	362968	308171	404103	435130	453137	563324	516340	689610	672974	751183	872549	879664	984415	1228046	1313862	1594768	1856703	2566164	2862521	4816216	12233587	36037949	7183569	0	0	0	0.4510
48	22072223	18918486	19262791	21649629	2829	2829	0	0	0	79190	169710	173941	166381	177013	173007	195202	220365	201758	251397	276738	268274	368429	313343	410933	442272	459211	568216	524364	696892	677787	759375	879046	886535	993957	1240312	1326478	1609519	1873179	2578368	2878491	4836339	12233777	35781580	7211750	0	0	0	0.4535
49	22178635	18844632	19296327	21525972	60392	60392	0	0	0	85366	181461	183072	174144	184469	179870	203952	227449	208133	260177	285449	276215	378422	319672	420064	452324	468462	579612	531694	708893	689423	770120	890774	896598	1004301	1250568	1337078	1619574	1883905	2589893	2897849	4851965	12233851	35460590	7160177	0	0	0	0.5433
50	22126499	18753101	19259132	21599349	167877	167877	0	0	0	99906	208527	210781	199174	210380	203103	228817	258941	232360	292090	319325	303705	421963	346884	466217	488967	507165	623522	571030	764565	734696	814286	947453	954905	1069829	1331459	1422539	1720700	2017227	2732529	3158665	5225132	12096115	33267154	7287970	0	0	0	0.7339
