#Name	E:\SaveData\2016-10-18_15_18_08_1001160117_R0024_A_CL100007988_BGI12070_WESPE_result\\CL100007988\L02\CL100007988_L02_15_1.fq
#PhredQual	33
#ReadNum	67127374
#row_readLen	50
#col	48
#BaseNum	3356368700
#N_Count	3035217	0.090432
#GC%	43.40
#Q10%	99.49
#Q20%	97.63
#Q30%	90.13
#EstErr%	0.294275
#Pos	A	C	G	T	N	0	1	2	3	4	5	6	7	8	9	10	11	12	13	14	15	16	17	18	19	20	21	22	23	24	25	26	27	28	29	30	31	32	33	34	35	36	37	38	39	40	41	Err%
1	23092049	13946148	14961562	15103980	23635	23635	0	0	0	4082	21932	35084	31079	30673	29590	32752	34792	33702	40860	45995	49531	67435	68769	78727	103080	163084	201306	221268	283254	371372	423485	482712	580641	534082	701243	680860	749550	740584	925797	1069425	2086731	5839104	46984302	3356856	0	0	0	0.1529
2	20477565	11921498	15735503	18918208	74600	74600	0	0	0	6313	30942	37850	34585	33273	33074	35422	38071	38582	46741	52080	59448	80798	81354	92381	129717	193342	239245	255249	323459	400670	449171	507610	585849	560042	737312	747058	850931	901391	1172873	1369880	2601984	6848880	43989383	3487814	0	0	0	0.2445
3	19412746	14063509	14286671	19271327	93121	93121	0	0	0	2226	17252	23026	21399	21411	21811	24551	26845	28565	36154	41230	48847	68283	71057	80414	118612	182391	226629	246972	312668	395571	447414	501233	585658	554631	729872	735325	834028	872218	1127301	1301237	2476619	6672315	44580487	3600001	0	0	0	0.2411
4	19685818	13969527	14539350	18931516	1163	1163	0	0	0	543	10057	15404	15227	15874	17161	19878	22581	24393	31698	36656	44339	62902	67113	74762	113600	176301	219755	241426	305774	389179	437407	494622	576454	547299	722147	727912	829798	872926	1126659	1305940	2484437	6724911	44663042	3708034	0	0	0	0.0895
5	19597221	13812010	14989062	18720497	8584	8584	0	0	0	1157	9380	14016	14236	14580	16083	18844	21436	23564	30625	35797	43474	61592	66060	72866	113381	174464	218713	240196	303845	384683	434154	489005	570726	545084	719390	732452	840071	890476	1151745	1340903	2548320	6848795	44348870	3779807	0	0	0	0.0986
6	19482904	14082085	14615482	18916371	30532	30532	0	0	0	3288	11291	16297	15647	16164	16826	20264	22235	23646	31793	35930	44372	62370	66539	72854	114260	175485	219644	240471	304148	382346	432760	487946	567487	544627	716513	731678	840954	895870	1170189	1362143	2591546	6935770	44159803	3763686	0	0	0	0.1357
7	19721406	13816462	14941491	18616338	31677	31677	0	0	0	589	8766	12818	12534	13343	14854	17382	19979	22009	29330	34307	42310	61101	64509	71629	113402	172656	217970	237661	304042	377692	429217	485886	560900	542758	715004	731264	846186	908922	1190811	1384620	2632942	7030053	43984997	3803254	0	0	0	0.1299
8	19418013	14120939	14306675	19237338	44409	44409	0	0	0	2153	9315	12658	12229	12802	13909	16628	19155	21128	28567	33094	41325	59515	63694	70878	113625	172701	218623	236213	302186	377273	426354	482458	555606	538666	710690	729588	846782	915573	1205850	1405407	2674591	7112077	43764483	3877169	0	0	0	0.1490
9	19313712	14062603	14339768	19378241	33050	33050	0	0	0	728	8066	11633	11433	12456	13527	16441	18999	20889	28463	33132	41110	60013	63300	70347	113435	171613	217569	235079	301436	373158	421941	479319	549189	535190	706230	726060	847394	913629	1213994	1412844	2699887	7181824	43718795	3865201	0	0	0	0.1297
10	19576989	13926772	14491266	19066958	65389	65389	0	0	0	708	7508	10812	11022	11801	13242	16159	18986	20877	28400	33449	41199	61765	63837	72261	115043	172786	219446	235725	302616	371515	422326	479586	545773	536459	707595	731785	856283	930657	1238871	1446608	2753579	7277096	43374138	3932072	0	0	0	0.1771
11	19561189	13878850	14462323	18975031	249981	249981	0	0	0	2143	11406	13931	13285	14312	15284	18123	21123	22616	30896	35432	44614	64908	66767	76125	119693	176972	222813	238550	308379	372792	421712	480490	545053	537015	709787	736741	867818	953544	1275283	1500062	2832881	7399103	42746970	3980770	0	0	0	0.4594
12	19557698	14073054	14509535	18984074	3013	3013	0	0	0	1708	7806	11042	11384	12608	14364	17736	20892	22588	31406	35805	44725	65900	68580	77408	121343	179253	225971	239377	310711	374604	423933	482032	544040	539945	713481	744908	878425	966541	1300549	1526074	2886698	7512465	42676877	4033182	0	0	0	0.0877
13	19629472	14016201	14548631	18928519	4551	4551	0	0	0	1308	8151	11599	11914	13346	14851	18791	21558	23761	32807	38288	46381	68601	69867	80600	124403	181292	228932	241594	314398	374232	424569	482605	541702	541145	715606	746846	885959	978952	1321221	1551244	2924566	7578594	42418741	4084399	0	0	0	0.0916
14	19496961	13993491	14496801	18929343	210778	210778	0	0	0	2622	9979	13173	13253	14862	16048	19862	23238	24775	34650	39613	48294	70505	71400	82969	126436	183911	231277	244183	316268	375157	425887	484489	542600	543983	715921	749159	887641	982782	1331265	1558303	2943049	7608622	42111795	4068625	0	0	0	0.4031
15	19480611	14153947	14563540	18926899	2377	2377	0	0	0	2383	9679	13345	13641	15496	17223	21296	24980	26781	36973	42430	51016	74850	76101	88246	132801	186783	238269	248661	322696	378061	428362	489515	544604	550647	725039	762041	904855	1014963	1376555	1623915	3041178	7773173	41711450	4156989	0	0	0	0.0950
16	19504050	14131877	14612427	18877882	1138	1138	0	0	0	2513	14910	20616	20749	23056	24813	29978	34972	37106	49682	56704	66046	95799	92964	111494	155617	188220	239125	248831	323078	377004	429492	489424	542900	552596	726040	766358	915683	1030175	1399393	1658128	3091215	7847365	41289648	4174542	0	0	0	0.1120
17	19417287	14107381	14622016	18848839	131851	131851	0	0	0	3957	17770	22546	22252	24019	25858	30860	36153	37549	50051	57480	66180	96192	93111	111370	156809	189563	239538	247267	325246	376560	427467	488718	538119	548448	721735	764214	908449	1022204	1394411	1644970	3080122	7847031	41208683	4170621	0	0	0	0.3109
18	19323289	14267649	14634147	18811254	91035	91035	0	0	0	3641	17494	23022	23357	25435	27650	33387	38696	39813	53282	61404	70032	101500	97445	117762	162672	195046	247291	253490	333125	381901	433761	495050	543949	557891	731575	775053	929035	1048962	1433555	1699224	3163459	7965593	40739455	4212332	0	0	0	0.2536
19	19332709	14207816	14680676	18743797	162376	162376	0	0	0	4828	20942	26120	26500	28839	30762	36513	42365	43125	57109	65834	73290	106690	101617	123611	168318	199558	253919	257799	339300	384872	436753	501031	544393	564337	738631	785467	943048	1066099	1461835	1731895	3211987	8042362	40329248	4216001	0	0	0	0.3685
20	19384411	14230549	14724322	18782629	5463	5463	0	0	0	5829	19687	26186	26606	28910	31006	37179	43020	44094	58876	68283	75357	110245	103976	126048	171407	204254	257429	261632	345952	387031	441142	506219	550230	568744	745719	791855	949886	1076684	1477875	1751218	3244970	8102885	40238296	4243181	0	0	0	0.1361
21	19330598	14312181	14762872	18718899	2824	2824	0	0	0	6102	24908	31701	31939	34420	36011	42658	49256	50008	65625	75249	82147	119540	111726	138256	182503	213690	270340	271700	358138	398832	452746	519312	559731	585561	763310	816410	981309	1119875	1533524	1823300	3346590	8238615	39493821	4295697	0	0	0	0.1460
22	19366753	14303066	14809437	18642464	5654	5654	0	0	0	8018	25242	32334	32533	35563	37553	44967	51237	52640	68948	79516	86171	124480	115988	143392	187843	219129	276665	276299	365066	402988	457575	524951	565913	594125	773776	827282	994221	1136975	1560372	1857474	3394235	8309569	39155870	4302810	0	0	0	0.1549
23	19380426	14267146	14800540	18646205	33057	33057	0	0	0	6694	25551	32127	32696	35971	38565	45670	53030	53870	70937	81054	88302	128235	118353	146465	191725	222814	279947	280224	370813	406976	462465	531870	568548	599780	781905	834393	1006524	1152268	1581067	1886325	3432609	8348077	38887776	4310691	0	0	0	0.1968
24	19293534	14392315	14795009	18613497	33019	33019	0	0	0	8014	27016	33883	34239	38084	40276	48007	56035	56209	74283	84745	91380	133295	122591	153657	198011	228643	288643	285972	380043	411259	468814	539119	572889	610052	792023	848907	1023124	1172728	1611630	1922007	3488547	8429938	38473843	4346449	0	0	0	0.2028
25	19323422	14343395	14839078	18555549	65930	65930	0	0	0	10313	35965	41497	41124	44546	46279	53991	61697	61730	80932	92017	98705	142518	130177	162606	207848	236654	298863	294983	389648	421335	478322	549526	583547	625559	811157	868150	1046688	1204203	1649112	1971904	3548881	8500692	37902340	4367935	0	0	0	0.2700
26	19308699	14308965	14849145	18585875	74690	74690	0	0	0	12424	33010	40283	39952	43961	46658	54861	63436	63201	83967	94135	100861	146253	133403	167065	211862	241186	303004	297704	396032	424329	481454	554328	585618	629110	812885	872788	1052848	1211057	1661734	1989080	3573766	8534649	37704102	4391678	0	0	0	0.2836
27	19201134	14418319	14843128	18547543	117250	117250	0	0	0	20527	42513	46706	44834	48338	50008	58745	68050	67162	88824	99963	106765	152693	138373	175214	219276	248785	312716	305331	406925	430807	490712	566081	594331	641043	826670	886887	1073117	1232202	1694536	2023317	3626837	8596787	37222429	4402620	0	0	0	0.3656
28	19289216	14398082	14898783	18505403	35890	35890	0	0	0	13303	40741	46981	46758	50963	53150	62410	71944	71056	92478	104961	110560	160078	143636	181589	226036	255231	320593	311661	415587	437193	498693	575227	602641	652792	840107	902862	1092308	1257281	1725912	2061940	3678790	8663099	36901777	4421146	0	0	0	0.2446
29	19162141	14275065	14815284	18418478	456406	456406	0	0	0	14739	44132	49970	49957	53945	55973	65829	75523	74282	96058	109690	114984	165681	147869	187919	231961	259591	327533	315911	423529	442948	503960	581837	605831	659151	847670	909099	1099255	1267352	1739487	2077414	3689491	8653267	36351772	4377358	0	0	0	0.8796
30	19171524	14439869	14897319	18491827	126835	126835	0	0	0	13718	40849	47836	48237	53382	56131	66042	76366	75225	98042	111733	117287	168709	151321	193094	237263	264127	333464	321397	431138	448325	511746	590587	613657	670937	857227	922800	1116922	1287607	1766245	2106123	3740434	8737243	36306195	4419130	0	0	0	0.3867
31	19250123	14405384	14979357	18437181	55329	55329	0	0	0	17270	47541	54211	54207	59677	61212	72455	83728	82030	105690	119776	124593	178985	159507	204013	247955	275456	346554	332367	446575	460352	523842	605541	627913	686987	878044	945013	1140896	1319718	1806240	2157553	3799771	8790080	35830685	4425608	0	0	0	0.2979
32	19245698	14418957	14978287	18482453	1979	1979	0	0	0	17181	48070	55384	55937	61875	64436	75866	87690	85426	111715	126072	131383	187512	165985	212544	256028	283254	355337	338639	454960	468649	532715	615520	636574	698242	894456	961073	1162675	1342985	1834889	2197739	3845803	8846312	35450023	4462446	0	0	0	0.2246
33	19143402	14481497	14954995	18432472	115008	115008	0	0	0	22701	58277	64122	63504	69048	70658	83151	95112	92343	119606	133081	138099	195726	174099	223028	266329	292607	367491	349781	468985	478119	545444	629990	648671	715861	909584	978797	1184039	1368915	1864493	2231529	3886087	8877389	34877601	4468099	0	0	0	0.4151
34	19207114	14474978	15017695	18416295	11292	11292	0	0	0	26421	62011	68658	68410	74589	76658	89674	103271	99036	128674	145456	148078	210956	185772	238890	282031	307150	384027	365180	488031	495443	564105	650745	668620	736453	938003	1006029	1216204	1408112	1909408	2292031	3961174	8948976	34288908	4478898	0	0	0	0.2774
35	19167236	14487037	15001572	18455926	15603	15603	0	0	0	28190	59679	67085	66820	73540	75944	89654	102837	99617	128815	144208	148722	211326	185638	239690	282238	309295	386788	365248	490390	495891	563854	652369	666862	740373	938145	1011966	1218117	1410217	1914186	2298024	3976500	8964223	34211323	4493997	0	0	0	0.2824
36	19117803	14541851	15007300	18406226	54194	54194	0	0	0	23799	60537	68013	68590	75853	78214	91394	105246	101373	131246	147750	151500	213960	189554	244668	286760	311575	392033	368322	496814	499249	569609	657738	670034	745167	944431	1016417	1227703	1419318	1925175	2313365	3992753	8983548	33976811	4524661	0	0	0	0.3415
37	19170544	14510136	15083186	18358431	5077	5077	0	0	0	24124	63050	69731	70488	77787	80557	94317	108042	105209	134736	151878	154910	221961	193283	250004	292196	317188	396092	373167	503748	504156	574484	663347	678205	753722	954761	1025660	1239496	1433481	1945795	2334317	4022381	8999930	33782313	4527781	0	0	0	0.2746
38	19125702	14496273	15043464	18384290	77645	77645	0	0	0	28331	70013	75945	76112	83604	85944	100482	114784	110064	141394	159141	160320	229679	200072	260173	301051	324002	407115	381280	512521	513307	585129	674189	687569	764999	967572	1040254	1254904	1452592	1968362	2359414	4042340	9014974	33372412	4529685	0	0	0	0.3997
39	19090628	14578593	15063539	18392221	2393	2393	0	0	0	28266	70476	76788	77394	85744	87513	103364	118293	113324	145937	163802	166155	235038	205288	267298	308246	332067	414368	390025	524345	521117	592913	686079	696162	779137	980564	1053270	1273904	1470859	1994023	2389522	4077178	9049658	33101358	4545506	0	0	0	0.2926
40	19127385	14550165	15122284	18325128	2412	2412	0	0	0	29966	73853	80705	80963	89439	91478	107633	123112	117831	151866	169581	171415	243275	211566	273929	314308	339230	423983	396191	532331	527776	601634	695252	705318	789319	995155	1066961	1287526	1487560	2014017	2409357	4105433	9064331	32807956	4544712	0	0	0	0.3034
41	19087487	14505187	15062794	18313761	158145	158145	0	0	0	35573	87470	92073	90867	98658	100298	115526	132397	125857	160730	178439	181287	254151	221005	287018	327792	348590	436500	406244	546386	540301	613262	708456	718255	805024	1011268	1083811	1307658	1512442	2037765	2438908	4131349	9062648	32237504	4533717	0	0	0	0.5628
42	19050812	14632792	15101063	18337875	4832	4832	0	0	0	35162	84859	92174	90256	99593	101903	118457	135927	129550	166039	184001	186526	261092	226752	295377	336190	356600	447928	414585	557479	548585	624619	721422	729876	818639	1026812	1100819	1329923	1534969	2063207	2474459	4172256	9100335	32005673	4550498	0	0	0	0.3370
43	19048106	14580200	15127328	18281523	90217	90217	0	0	0	37582	89964	94982	95065	103843	106485	123514	141698	134320	171254	191052	191619	268385	233412	303730	342404	363048	455715	422564	568109	559175	633313	732101	740488	830308	1039423	1113955	1344178	1552634	2079918	2492158	4193900	9104801	31634305	4547755	0	0	0	0.4766
44	19053100	14590268	15132900	18349241	1865	1865	0	0	0	41419	95791	101168	100301	109973	111957	129700	148371	140251	179607	199669	200546	277998	241855	314810	352913	373886	466877	432307	579661	569165	643886	745953	751604	844500	1055056	1129297	1362763	1573251	2103123	2518300	4224894	9120644	31319455	4564558	0	0	0	0.3620
45	18985419	14681905	15126260	18326684	7106	7106	0	0	0	45167	101889	107329	106737	116334	117579	136871	155908	147192	187576	208380	208382	288634	249284	326098	364670	384061	479094	442946	594486	579318	657257	758652	765385	857782	1073148	1143985	1381336	1593930	2127229	2548608	4253480	9132762	30916552	4562227	0	0	0	0.3877
46	19004685	14656076	15205447	18244923	16243	16243	0	0	0	46629	109629	113977	113025	122805	124263	143474	163470	153598	194929	216282	215602	299714	259482	337655	375323	393919	490233	452689	608507	593067	669331	776000	777728	874352	1090900	1164477	1401572	1616908	2155931	2581573	4296033	9139675	30496905	4541474	0	0	0	0.4188
47	19003668	14644410	15181000	18294429	3867	3867	0	0	0	52264	118508	122369	119681	130216	130474	150544	170430	160551	202695	225088	223711	308471	266652	346879	385261	402088	500983	462420	618219	602436	680081	786775	788807	887434	1104150	1178026	1418106	1631973	2171976	2600276	4302952	9142763	30173773	4556475	0	0	0	0.4215
48	18936284	14737274	15184581	18267518	1717	1717	0	0	0	52208	120137	123434	122086	132677	133308	152036	174528	163484	206819	227984	227632	312552	271556	353590	389272	405927	507472	466767	624384	608011	686714	793225	794934	894940	1111451	1185237	1427492	1648299	2180988	2615362	4315810	9133515	29990990	4570836	0	0	0	0.4238
49	19027201	14682641	15177117	18184825	55590	55590	0	0	0	56560	128737	131787	129026	138937	139087	159090	180437	168061	213223	235836	233441	320901	277616	361798	397447	412234	515026	473757	634847	616345	696089	799855	803543	904650	1120863	1196137	1439761	1656724	2193806	2623963	4322108	9127280	29712195	4550617	0	0	0	0.5231
50	18967629	14628470	15157807	18239043	134425	134425	0	0	0	66309	148363	150565	147043	158829	157450	179397	204971	186854	240133	264222	255967	358322	298770	400383	431680	445530	551612	506824	681665	654604	731433	847013	852050	952574	1185540	1259574	1516415	1750863	2299643	2774440	4504862	9124674	28085827	4618548	0	0	0	0.6948
