#Name	E:\SaveData\2016-10-13_16_03_13_1001160050_R0039_A_CL100009724_BGI12084_WESPE_result\\CL100009724\L01\CL100009724_L01_26_1.fq
#PhredQual	33
#ReadNum	63415658
#row_readLen	50
#col	48
#BaseNum	3170782900
#N_Count	2698540	0.085106
#GC%	44.83
#Q10%	99.08
#Q20%	96.30
#Q30%	87.75
#EstErr%	0.428577
#Pos	A	C	G	T	N	0	1	2	3	4	5	6	7	8	9	10	11	12	13	14	15	16	17	18	19	20	21	22	23	24	25	26	27	28	29	30	31	32	33	34	35	36	37	38	39	40	41	Err%
1	21759026	14175983	14530436	12948209	2004	2004	0	0	0	1416	16162	27111	24798	24986	24679	26847	28627	28267	33334	37757	39817	53150	53816	63120	76317	120540	148682	159815	200272	252071	288765	340915	430521	449341	649853	706198	893160	919114	1012590	980300	1829616	5801654	41087230	6582813	0	0	0	0.1037
2	18844549	11614287	15541268	17411085	4469	4469	0	0	0	6109	18226	25670	24302	24505	25052	27793	31052	32339	38744	44728	50325	68178	69008	79948	103743	154895	191051	204599	256844	313431	357942	413254	493021	512471	703357	757265	944491	1033395	1245416	1256558	2280785	6679064	39137171	5806457	0	0	0	0.1189
3	18075057	14021713	13345944	17944304	28640	28640	0	0	0	12036	16835	24952	23846	24716	25805	29594	32750	34269	42567	48036	55460	73950	74916	85323	113982	167015	205241	218530	274009	330038	375853	431770	513393	530051	718476	770095	952188	1039440	1267655	1285113	2314733	6752841	38740334	5781206	0	0	0	0.1631
4	18425054	13814115	13652485	17454953	69051	69051	0	0	0	1973	16432	22400	22071	22695	23135	26003	29384	30225	37216	42181	49193	65672	68130	77987	105815	159551	196008	211231	265238	322481	367862	423980	501318	521252	707158	759305	943652	1041464	1281551	1309740	2359846	6893485	38600568	5840405	0	0	0	0.2138
5	18294157	13557850	14240009	17317813	5829	5829	0	0	0	2515	13293	19608	19186	20214	21554	24993	28040	29760	37610	43377	50712	68638	70391	81619	110417	166137	203876	218917	277144	332064	379194	437672	514090	535182	719660	775789	959423	1065445	1326563	1358976	2439372	7034293	38350308	5673797	0	0	0	0.1108
6	18026383	13844196	14035423	17504742	4914	4914	0	0	0	1925	12165	17834	17994	19036	20556	23795	26870	28948	37034	42836	50113	68657	70116	81924	112177	169266	208584	223578	283514	337886	385782	444397	517425	539633	726746	780416	965201	1073938	1354273	1386665	2495251	7165215	38200836	5520158	0	0	0	0.1068
7	18441979	13490751	14367139	17039072	76717	76717	0	0	0	2105	16143	20512	19920	20992	22052	25508	29126	30711	39421	45114	52701	71654	72813	84494	114829	171499	213042	225181	286467	338702	388768	448155	517176	543578	726553	781949	971743	1089724	1385355	1430544	2564368	7289809	37793151	5505082	0	0	0	0.2263
8	17928618	14013006	13644147	17829639	248	248	0	0	0	674	11704	16335	16409	17780	19410	22840	26382	28412	36995	42920	50544	70852	72075	83319	117370	175438	217546	229439	294774	344768	395209	456569	522123	547109	733257	785132	969273	1086214	1400756	1437746	2595550	7367329	37860759	5362398	0	0	0	0.0975
9	17871327	13771867	13909451	17861851	1162	1162	0	0	0	827	12295	17048	17282	18611	20534	24057	28197	30046	39093	45113	53637	74665	75085	88277	122086	180310	224186	235255	301528	349826	402476	463393	525922	552338	738152	794170	980603	1108338	1436239	1491098	2675101	7493799	37420063	5374846	0	0	0	0.1022
10	18133954	13678108	14161454	17434948	7194	7194	0	0	0	1075	12874	17726	18052	20085	21776	26076	30373	31991	42359	48584	56594	79642	79079	93757	127998	187855	232483	242076	312863	355314	409746	470788	532118	560261	745562	800526	989228	1123926	1464900	1524624	2728186	7594203	37095956	5329808	0	0	0	0.1159
11	18191902	13649378	14167924	17405862	592	592	0	0	0	1415	14022	18567	19263	21256	23258	27885	32489	34488	44827	51514	59768	83871	82738	99351	134588	192841	241220	247753	321474	363022	417873	481286	535086	569608	753639	810321	1003260	1141712	1496264	1573951	2806460	7707015	36664960	5338021	0	0	0	0.1100
12	18136163	13790449	14183306	17302688	3052	3052	0	0	0	1701	14142	19056	19879	21932	23922	29199	33677	35643	47206	53887	62330	88197	85462	103387	137311	199241	247604	252970	330246	366369	423179	486321	539250	575188	759128	816202	1006346	1147684	1519707	1593730	2840215	7776432	36480636	5275227	0	0	0	0.1166
13	18228699	13704202	14188004	17204594	90159	90159	0	0	0	2600	18433	22893	23102	25305	27856	32889	37922	39580	51615	59820	67443	95240	91671	111838	147177	208565	258713	260933	342443	375701	433406	498493	546337	585165	768565	825215	1018072	1158228	1541009	1628560	2888614	7857809	36041130	5233157	0	0	0	0.2648
14	18153013	13725424	14210251	17235997	90973	90973	0	0	0	2977	18112	23308	24580	27095	29849	35635	41975	43483	56886	65314	72110	103740	96624	119677	154908	216397	268527	268954	353218	381593	443274	507244	554119	591882	778276	834986	1024132	1167351	1564766	1647224	2926933	7918569	35811155	5149812	0	0	0	0.2714
15	18092783	13844920	14285081	17188485	4389	4389	0	0	0	4132	20459	25977	26831	29596	32447	38553	44548	46243	59890	68584	75687	108604	100797	126291	160871	223063	275249	275727	361786	390306	451335	517599	560025	602446	787391	846937	1038723	1187267	1590957	1685622	2985304	8008485	35520106	5133431	0	0	0	0.1426
16	18123414	13790755	14343554	17152334	5601	5601	0	0	0	7295	31195	38541	39476	43270	46357	53926	62607	63226	80668	92279	98498	138211	127421	160113	194425	224470	277313	277331	363010	389907	451127	518717	559717	607803	789443	848710	1041837	1199256	1608521	1725172	3036027	8070196	34966720	5177272	0	0	0	0.1812
17	18103971	13768831	14384970	17122772	35114	35114	0	0	0	8759	33007	40364	41219	45600	48387	57807	66451	66513	85185	97189	102451	146482	130864	166945	200863	231449	286327	283601	376434	396531	459503	528074	565774	613145	796205	856590	1047981	1202860	1626420	1739185	3061974	8123209	34787772	5059424	0	0	0	0.2354
18	17984352	13864336	14344177	17013833	208960	208960	0	0	0	13570	43090	49273	48458	52579	55237	63439	72048	72246	91247	103501	107230	153184	135400	173365	206978	238062	293052	288106	384467	400028	465696	533000	568252	616135	801127	861499	1054146	1207737	1640437	1756143	3091729	8149860	34433124	4983253	0	0	0	0.5307
19	18064830	13827482	14500249	17010820	12277	12277	0	0	0	14985	44675	51076	51055	55340	58592	67817	77510	76078	96824	108937	112920	159199	142070	182172	215982	244236	304539	296436	393128	410006	474720	544077	575617	631053	812026	874339	1071516	1230675	1670933	1796767	3147530	8240063	34138069	5032419	0	0	0	0.2296
20	18065918	13783620	14482955	17006532	76633	76633	0	0	0	17814	53803	60451	58942	63303	65014	74165	84590	82371	104845	117569	121162	170591	152207	194085	226100	256063	315713	307370	407264	421091	486398	557204	587433	645967	827907	892432	1086074	1254230	1698510	1838126	3202474	8285094	33600451	5022212	0	0	0	0.3530
21	17973001	13833974	14455304	16905502	247877	247877	0	0	0	21097	54800	60626	58986	64039	67084	75703	87122	85152	106873	121290	123448	175840	154038	198483	231342	260484	321334	310254	414304	423545	492733	563154	589942	650033	833558	895942	1092342	1257620	1710695	1855546	3228538	8308347	33320646	4952841	0	0	0	0.6284
22	18031429	13828071	14541207	16846565	168386	168386	0	0	0	22515	57349	64121	63040	68582	70498	81290	92520	89921	114336	128914	129716	185218	161938	208992	240522	269915	331398	319923	425636	434882	503024	575673	600572	663469	846630	909758	1108208	1279597	1736622	1891625	3276744	8375032	32957340	4961752	0	0	0	0.5149
23	18116087	13830813	14580065	16886990	1703	1703	0	0	0	24123	60154	66459	66291	71957	75247	86216	99021	96556	121200	136515	139060	194174	171279	220566	250755	279320	344574	331872	438039	445780	517563	590706	613603	682672	863277	928789	1130405	1308564	1765120	1937941	3333760	8442274	32594990	4985133	0	0	0	0.2640
24	18014905	13949904	14598254	16848874	3721	3721	0	0	0	26286	62188	69548	68769	76054	77809	89180	103438	99564	125327	141249	141551	202622	174632	226351	257498	287203	353073	335443	449803	451130	523004	599545	618679	685888	870522	935806	1136981	1311891	1785699	1951414	3362490	8485432	32412967	4912901	0	0	0	0.2764
25	18069506	13906158	14640836	16773834	25324	25324	0	0	0	29174	66475	73661	73055	80155	83269	94987	108636	104873	131934	148938	147915	211857	180072	236783	266693	294812	363769	344240	462015	458794	531906	608103	625621	691891	880127	945951	1146171	1319496	1800562	1971691	3389042	8521624	32119257	4876785	0	0	0	0.3245
26	18053455	13887643	14653298	16818633	2629	2629	0	0	0	31947	71395	78355	77404	84871	87233	99846	114917	109296	138346	155573	153393	220258	186470	245000	274640	303323	372938	352803	472052	466303	542902	619618	635269	706384	892498	957588	1163144	1339578	1824762	2004961	3434776	8568232	31757883	4869071	0	0	0	0.3029
27	17929490	13975026	14614928	16774235	121979	121979	0	0	0	37931	82974	87127	85095	92876	94884	107530	122524	117600	146509	163503	162212	227952	195811	255239	284009	310360	382213	361097	482244	475581	550803	628454	643580	719071	903569	968321	1176581	1358808	1839743	2032237	3458046	8576275	31266480	4896440	0	0	0	0.5162
28	18007130	13959280	14677385	16741336	30527	30527	0	0	0	40119	83019	88696	87020	94431	97394	110002	126263	119858	150178	168668	165273	236019	199652	263420	290664	318695	391425	366121	493201	483425	559215	638262	649346	727906	914532	979318	1184947	1366536	1859764	2054320	3498705	8627934	31106534	4844269	0	0	0	0.3787
29	18012782	13875618	14682294	16759700	85264	85264	0	0	0	45029	94416	98719	96288	103789	104983	119558	135934	128458	160025	178069	175584	246830	208877	274615	301685	327283	402375	375531	503305	491045	569589	649570	659566	741415	925992	993037	1198092	1382596	1876794	2082999	3529465	8643132	30666467	4839282	0	0	0	0.4919
30	17958150	13981492	14701159	16771051	3806	3806	0	0	0	45334	93610	99054	97327	105119	107497	121658	139098	132144	163749	183099	180723	253677	215089	282250	307992	335204	412111	385323	514380	500901	579389	662427	669797	753031	940149	1007612	1217314	1402692	1899526	2112483	3567276	8680510	30409986	4834321	0	0	0	0.3680
31	17992526	13916956	14770933	16671155	64088	64088	0	0	0	49819	102103	106453	103396	111895	113698	128159	146264	138560	171136	191764	188367	263482	223593	291634	319361	344570	423188	393762	526540	511592	590745	672402	681132	766088	954295	1023056	1230611	1420997	1918794	2139800	3598801	8696036	29993232	4816245	0	0	0	0.4838
32	17980044	13862214	14726063	16677914	169423	169423	0	0	0	55471	111522	114441	111079	120084	121487	135871	154728	144763	181132	201601	195823	274910	230562	304112	329133	354548	435773	403084	540607	520703	598897	682730	689199	775402	965628	1030396	1240854	1430918	1931595	2156106	3619830	8698520	29597807	4786919	0	0	0	0.6738
33	17912067	13958159	14740573	16656756	148103	148103	0	0	0	58075	114109	118673	114958	124067	125980	140164	160145	150036	186116	207876	199647	283285	234865	312989	335771	361834	442694	406886	550065	524977	605938	690668	691127	779865	972160	1039909	1248206	1434429	1947279	2167827	3633142	8718510	29459347	4725936	0	0	0	0.6520
34	17973643	13961410	14833726	16642441	4438	4438	0	0	0	62647	123039	126157	122510	131588	133200	149150	169372	157663	195420	217729	210494	293283	246833	325125	348025	371980	455799	422327	562573	540661	621850	707454	708940	801268	991755	1060053	1271561	1465271	1976162	2208702	3677064	8756140	29022753	4776672	0	0	0	0.4490
35	17922401	13959601	14809660	16683295	40701	40701	0	0	0	66318	127064	128844	124739	135008	136195	152587	172998	161834	200600	221813	214707	300341	250693	330325	353177	378124	463584	427128	572218	544313	628054	714826	714744	808066	1000045	1065583	1279855	1476414	1985494	2227189	3702946	8768058	28796083	4744990	0	0	0	0.5171
36	17899175	14021794	14822555	16667918	4216	4216	0	0	0	69760	134387	135647	131142	141431	141343	159194	180049	167328	207440	229785	222181	309539	259471	340452	362845	386585	473885	435176	583144	553437	638715	726908	724557	822344	1013137	1080988	1296254	1491390	2006829	2252737	3730814	8787176	28481219	4734153	0	0	0	0.4783
37	17930717	14002983	14867344	16579477	35137	35137	0	0	0	73161	135592	138632	133775	145221	144743	162346	185326	171312	212666	236203	225061	319232	261474	349654	369112	393064	482587	439119	593236	559503	643538	733493	729738	826019	1021423	1091831	1303202	1494271	2024414	2267030	3752286	8802652	28296669	4662936	0	0	0	0.5372
38	17901282	13985711	14862576	16647090	18999	18999	0	0	0	78020	143250	145006	139856	151050	150892	169193	192061	177846	220500	243905	231435	328699	266742	360788	378786	400828	492804	446268	606477	565603	653510	744096	736784	832601	1033126	1099870	1311899	1506100	2039296	2280109	3771020	8810572	28073356	4614311	0	0	0	0.5314
39	17857126	14047806	14876875	16629840	4011	4011	0	0	0	81990	155546	154868	148601	159065	158483	177251	199931	185164	228368	252609	241690	335890	279146	368924	388309	410907	502850	458113	614151	579554	664731	756208	752629	851000	1048506	1113363	1334467	1531715	2053708	2309998	3796397	8810626	27626573	4680316	0	0	0	0.5330
40	17892235	14008659	14907292	16566109	41363	41363	0	0	0	87858	165212	164091	156787	167684	166344	185641	208399	193222	237567	261610	250865	345045	289227	379617	399322	419410	512852	468931	626133	590941	676663	769926	759639	864935	1060036	1125943	1346503	1548526	2067551	2331505	3812381	8803525	27258386	4672018	0	0	0	0.6172
41	17880406	13981650	14909456	16573132	71014	71014	0	0	0	92413	172088	169884	161064	172548	170578	190483	214743	198114	242965	267855	255799	353796	294651	388756	407503	426511	521508	474359	636305	596737	682150	776301	768669	873325	1070695	1134898	1358239	1557610	2083595	2345246	3830585	8800447	27013734	4640490	0	0	0	0.6804
42	17832097	14071758	14922294	16581435	8074	8074	0	0	0	98493	185218	179965	171170	182174	179965	200327	224060	206941	250940	277207	265435	363100	305175	399625	417060	436767	531396	486665	645826	608844	697112	789600	781538	888210	1085495	1149990	1376097	1579194	2095120	2369980	3848491	8798380	26658899	4673125	0	0	0	0.6102
43	17855008	14036301	14958699	16546293	19357	19357	0	0	0	102638	189992	185913	176355	186942	184705	205721	230914	211289	258793	284917	271300	374161	307425	408947	424854	444023	540696	491863	656877	614515	700560	797788	788885	891954	1093396	1159166	1380346	1582316	2107353	2380980	3865565	8804229	26466266	4624657	0	0	0	0.6441
44	17845258	14013739	14953077	16598473	5111	5111	0	0	0	107529	197390	192162	182815	194088	191069	211747	237927	216197	266811	292372	276787	383088	314665	419336	435152	451929	552936	500341	668998	623405	709607	809479	797665	901556	1105672	1170066	1394962	1594847	2124959	2401496	3892569	8806128	26191134	4593663	0	0	0	0.6413
45	17751335	14076010	14920730	16540520	127063	127063	0	0	0	118716	225156	214124	199604	209861	204425	225163	250160	227916	279166	303385	289862	391417	327798	427645	445930	460270	559837	512203	675609	635024	720610	819233	807801	917414	1115381	1179446	1405951	1609777	2129272	2409323	3885985	8761486	25727708	4615937	0	0	0	0.8839
46	17809489	14082202	15016585	16503946	3436	3436	0	0	0	120375	229363	219739	205422	215759	210308	231553	259513	235435	286667	310806	299664	402527	338814	440379	457900	471175	572476	523231	688740	650663	735258	833106	822593	934441	1130788	1194095	1425116	1634443	2148100	2438032	3909614	8765586	25461337	4609204	0	0	0	0.7055
47	17789454	14035324	14984229	16519823	86828	86828	0	0	0	126457	236667	225725	210519	222461	216305	238254	266075	239949	293788	319561	304802	413477	342372	452132	465082	478049	582332	527513	701891	654182	740888	840103	826675	937034	1139348	1202563	1433469	1638190	2156415	2444506	3924185	8750495	25210659	4566707	0	0	0	0.8565
48	17683869	14094667	14952695	16487094	197333	197333	0	0	0	138853	258528	244025	226639	236775	228282	250310	277543	249700	305014	331610	313830	423464	350698	460862	473398	485206	592324	537366	709681	663286	748907	850945	837580	945678	1146933	1207969	1437558	1643753	2162855	2454556	3917969	8710311	24849988	4545929	0	0	0	1.0756
49	17767474	14068679	15011409	16418175	149921	149921	0	0	0	147054	272461	255590	238100	247869	237386	260526	287472	258971	313737	340850	322526	433242	360368	472972	486087	497723	603854	548288	723442	674227	759079	863747	849481	957260	1160732	1222530	1455690	1660641	2176808	2478778	3947245	8699690	24524742	4526569	0	0	0	1.0333
50	17772505	14039255	15025595	16497573	80730	80730	0	0	0	153569	285691	270845	250642	261809	250917	275618	305759	271984	335049	362474	338171	458673	375242	499994	506330	518166	627818	566712	750725	696281	780862	885904	872585	980658	1191519	1252302	1483123	1695639	2215285	2534327	4021507	8668945	23763354	4626449	0	0	0	0.9649
