#Name	E:\SaveData\2016-10-13_16_03_13_1001160050_R0039_A_CL100009724_BGI12084_WESPE_result\\CL100009724\L01\CL100009724_L01_31_1.fq
#PhredQual	33
#ReadNum	67331641
#row_readLen	50
#col	48
#BaseNum	3366582050
#N_Count	2832255	0.084129
#GC%	46.46
#Q10%	98.91
#Q20%	95.69
#Q30%	86.44
#EstErr%	0.486714
#Pos	A	C	G	T	N	0	1	2	3	4	5	6	7	8	9	10	11	12	13	14	15	16	17	18	19	20	21	22	23	24	25	26	27	28	29	30	31	32	33	34	35	36	37	38	39	40	41	Err%
1	22362266	15570647	15927771	13468914	2043	2043	0	0	0	1325	16458	27479	25550	25564	25256	26929	28681	28129	32694	37036	38765	51632	52540	60633	73163	116092	142263	156008	194575	247847	283055	334811	425537	442168	650093	723951	949475	1018006	1112002	968810	1822521	6383021	43087677	7719852	0	0	0	0.0991
2	19406881	12705263	17073499	18141131	4867	4867	0	0	0	6388	19255	26458	24845	25273	25986	28808	31928	33006	40331	46014	51630	69080	69529	81918	105604	157844	193976	208653	261967	320937	368043	423628	507442	524191	721757	787644	1003934	1122279	1368434	1303788	2369757	7360647	41076133	6559667	0	0	0	0.1165
3	18643495	15391587	14623318	18642198	31043	31043	0	0	0	13281	18192	26719	25272	26681	27761	32047	34912	36248	45522	51182	58692	78266	77991	89964	119754	175026	214554	227831	286406	345515	393104	453841	534301	552166	750637	809092	1016823	1132387	1392831	1358741	2444148	7423598	40632356	6394757	0	0	0	0.1645
4	19035707	15093820	14985564	18142401	74149	74149	0	0	0	2206	17920	24618	23523	24367	24967	28200	31432	32537	40388	45907	52499	70663	72006	83811	111463	168337	207824	223145	280738	340047	388112	447183	527234	546813	742709	801632	1006424	1129810	1407338	1395576	2512913	7558524	40502457	6384169	0	0	0	0.2160
5	18895811	14832938	15675429	17921676	5787	5787	0	0	0	2688	14823	21363	21244	22416	23761	27261	31294	32963	41304	47698	54897	74874	76053	88726	118927	178674	219658	235840	295995	354620	403474	466232	544386	565218	762952	820997	1027573	1157710	1452398	1457278	2613950	7696423	40238038	6134146	0	0	0	0.1125
6	18602058	15121685	15402580	18200192	5126	5126	0	0	0	2084	13890	19685	19709	21007	22428	26352	29979	31758	40932	46807	55018	75540	76531	89832	122096	183485	225874	240648	305520	360776	414118	475819	550758	574335	772194	830081	1036340	1166506	1485658	1495659	2691058	7828232	40091032	5904774	0	0	0	0.1092
7	19065872	14693019	15835989	17656414	80347	80347	0	0	0	2371	17919	22555	21996	23124	24717	28322	32740	34204	43674	49707	57559	79382	80092	93104	126143	187819	232116	244354	311206	364700	417847	483530	554069	580460	774863	837188	1043196	1183496	1521243	1548575	2777106	7950575	39655750	5845592	0	0	0	0.2277
8	18556312	15324649	15034211	18416187	282	282	0	0	0	851	13258	18565	18701	20257	22210	26023	29933	32228	42003	48350	56538	79634	79669	93752	129302	192684	238136	250129	324320	372336	429549	493841	561054	587583	786277	843839	1047786	1179139	1538776	1566382	2817816	8031382	39705104	5653952	0	0	0	0.1016
9	18451723	15117417	15323723	18437602	1176	1176	0	0	0	1108	14222	19635	20230	21482	23458	27842	32641	34593	44983	51703	60532	84630	84436	100000	136305	201364	250106	258950	333587	380680	438598	504543	567610	599626	796183	856971	1063301	1205152	1581279	1628247	2915527	8161523	39210209	5619209	0	0	0	0.1077
10	18731886	14938061	15614776	18039686	7232	7232	0	0	0	1427	15305	20262	20685	22910	25075	30297	35267	37025	48812	55788	64443	91078	88847	106814	144803	209947	260704	267886	347664	390589	450838	517109	575807	611782	807632	868594	1074561	1223272	1616081	1675899	2984720	8261349	38848645	5522492	0	0	0	0.1214
11	18848168	14902384	15623971	17956483	635	635	0	0	0	1847	16601	21739	22854	25143	27642	32994	38173	40490	52790	60958	69131	97733	94938	115056	152257	218640	272388	277214	361454	400290	462523	529839	585560	625169	822102	883418	1091749	1249464	1651438	1734247	3074012	8368366	38367568	5485219	0	0	0	0.1181
12	18758579	15061255	15654003	17854911	2893	2893	0	0	0	2313	17023	22763	23592	26211	28654	34375	40377	42487	56165	63876	72430	102875	98245	120113	158928	227392	282334	284655	374563	408589	472279	542660	594112	635476	833242	895225	1100280	1258284	1678319	1763429	3124235	8437852	38126360	5379035	0	0	0	0.1253
13	18807111	14960081	15756419	17713733	94297	94297	0	0	0	3466	22104	27015	27378	30492	32997	39276	45679	47702	62373	71288	78796	113538	106476	131356	170255	238934	297186	295853	390041	419657	485989	556684	603893	648482	847491	908024	1115313	1274904	1704136	1810186	3192961	8496138	37640790	5300491	0	0	0	0.2737
14	18727049	14976434	15759895	17774049	94214	94214	0	0	0	4023	22540	28687	29659	33304	36376	43716	51248	52307	68915	79563	86112	124485	113929	144011	181084	250742	310667	306186	406836	431048	497574	570464	613507	658528	861921	923529	1127064	1287985	1737361	1838922	3243672	8564278	37335431	5171753	0	0	0	0.2817
15	18704991	15135418	15759954	17726778	4500	4500	0	0	0	5727	25683	32141	33165	37221	40365	47727	55559	56776	74089	84374	91283	131572	119406	151407	189920	260214	320969	315997	420425	440595	510942	584346	622761	674775	874819	939729	1144745	1309908	1763806	1886972	3315173	8635831	37007225	5121494	0	0	0	0.1589
16	18764898	15059101	15836668	17664902	6072	6072	0	0	0	9998	38921	47422	48195	53048	57091	66551	76845	77407	98561	112008	117951	167333	150379	191276	229648	260907	324250	317999	421689	442502	512656	586056	624494	680038	878329	943894	1151344	1323298	1781070	1929281	3371778	8693056	36399180	5141114	0	0	0	0.2030
17	18684754	15080213	15881817	17648855	36002	36002	0	0	0	11829	41578	50517	51091	57035	60163	70325	82276	80941	104535	118739	122146	177791	155212	201610	237137	272008	336166	326493	437469	450410	523709	599302	631148	687194	888734	953295	1160749	1330490	1800602	1949423	3408125	8728992	36182435	5005970	0	0	0	0.2574
18	18540187	15167475	15860542	17542189	221248	221248	0	0	0	17285	52659	59487	59414	64534	67677	78070	89870	87544	111745	126703	129458	187067	161194	209885	245152	278418	344183	331924	446432	457136	529318	607270	637390	693777	896131	958683	1167967	1339249	1822763	1973385	3445036	8758912	35772127	4902548	0	0	0	0.5553
19	18683878	15130145	15981884	17523127	12607	12607	0	0	0	19497	55821	63493	63000	69424	73324	83433	96070	93868	119274	135662	136865	196672	169618	221106	257283	289652	356730	343919	463344	468228	543040	622548	649022	710113	912270	978820	1188729	1363257	1857216	2019110	3506960	8834595	35428006	4929065	0	0	0	0.2585
20	18620264	15127605	15974723	17529546	79503	79503	0	0	0	22969	66513	74382	72695	77938	80601	92108	105548	101707	128378	145603	146998	209497	180784	236156	269986	301253	372591	356475	476241	481035	558182	639512	660509	728748	932583	997594	1211767	1389901	1886765	2065236	3561982	8871322	34842995	4905584	0	0	0	0.3824
21	18538647	15161698	15950083	17417667	263546	263546	0	0	0	26971	68280	74706	74325	80374	82852	94823	109266	104212	134234	151552	149464	216642	184277	242319	276195	309081	380499	360931	488224	486801	566234	646055	667664	736162	939305	1006604	1216617	1398058	1904030	2085340	3592607	8896244	34507921	4809226	0	0	0	0.6636
22	18586056	15137652	16064136	17369157	174640	174640	0	0	0	29275	72484	79973	79234	85821	88988	101595	116753	112469	142235	160379	159143	228052	195281	255993	289984	320440	394382	372903	503805	499158	579613	661924	679888	756745	955826	1025732	1239324	1426135	1934410	2131606	3651826	8947385	34080288	4797952	0	0	0	0.5473
23	18657257	15115366	16132572	17424686	1760	1760	0	0	0	31682	77310	84679	84320	92388	95435	108830	125979	120202	151522	171076	169470	241007	206770	270514	303697	333497	411388	389682	521244	515183	596389	681118	697405	776878	980530	1045328	1267019	1454791	1967305	2182630	3718459	9008978	33658121	4789055	0	0	0	0.3075
24	18532356	15285623	16130931	17378882	3849	3849	0	0	0	34824	80541	88222	86793	97212	98946	113647	130537	124798	158266	177605	175112	251237	211506	280857	311532	343664	422876	395140	534807	522926	606204	692403	704813	783317	991144	1061446	1274859	1464452	1988394	2206175	3751650	9049777	33413277	4698833	0	0	0	0.3222
25	18607533	15258908	16159222	17279781	26197	26197	0	0	0	38745	86512	93523	93807	102866	105682	120084	139050	131967	166254	187201	183122	264120	218679	291719	322041	355481	435224	403997	550606	532823	619264	704423	714033	793179	1001055	1070516	1282357	1473072	2008123	2226904	3786776	9074313	33072985	4654941	0	0	0	0.3732
26	18625601	15173759	16171508	17358028	2745	2745	0	0	0	42214	92644	99595	99310	108735	111725	127083	145913	138485	173804	196244	190172	273944	227578	303360	332291	365185	448949	415725	565384	542255	630025	720313	724875	809389	1017908	1088610	1304701	1498958	2033428	2267791	3834005	9106901	32662770	4628627	0	0	0	0.3555
27	18487076	15295050	16147576	17274182	127757	127757	0	0	0	49398	106078	110774	108951	119248	121180	137355	156185	148062	184514	206113	201823	285802	238363	315057	344612	372915	459690	426679	573310	553586	641289	729851	737560	827481	1031776	1099862	1322201	1519076	2051500	2296668	3863056	9097642	32122132	4644095	0	0	0	0.5704
28	18565403	15279182	16246205	17208088	32763	32763	0	0	0	52747	107297	112858	111015	121420	123794	140087	161069	151415	189725	212820	205397	295243	243709	326867	354193	383046	470976	433776	589667	560804	651347	744926	742071	835469	1045123	1114935	1334266	1530746	2079002	2323581	3908833	9148662	31918105	4573887	0	0	0	0.4382
29	18596949	15179097	16227215	17239129	89251	89251	0	0	0	58808	121202	125599	122044	132755	134712	151541	171985	162338	201953	225114	216451	308669	254892	339796	366315	395209	486211	445464	603753	574670	666916	758410	757476	851411	1061474	1129698	1350689	1548952	2096786	2350661	3939423	9151644	31418138	4561231	0	0	0	0.5533
30	18500507	15328813	16248823	17249577	3921	3921	0	0	0	60349	121904	126453	123985	135332	137815	156004	177246	167288	207200	231895	223009	318567	262587	349338	377811	404729	497500	454985	616044	585921	677826	770925	767101	866220	1078781	1147407	1371072	1573126	2122061	2386078	3979172	9184499	31129325	4538165	0	0	0	0.4346
31	18536392	15270946	16339609	17118536	66158	66158	0	0	0	65969	130616	135045	132396	143759	146349	163567	186444	174706	216557	241742	233124	329058	273232	363011	388405	416084	509787	467057	631557	597927	691463	786713	782051	881383	1092978	1161986	1389163	1592412	2143740	2410546	4006839	9176569	30687183	4516065	0	0	0	0.5504
32	18527245	15207592	16287069	17132218	177517	177517	0	0	0	72447	143711	146306	142735	154406	155750	174112	197862	184296	227676	254690	242640	343516	281924	378252	402247	429173	525901	478611	647108	609528	701804	797767	792930	893342	1105297	1177118	1402614	1602192	2155487	2432019	4024397	9171462	30225093	4479711	0	0	0	0.7453
33	18439962	15315651	16323699	17096790	155539	155539	0	0	0	77302	147873	151518	147708	159678	161205	180688	205311	190013	236975	263215	248186	354851	288183	388167	409566	437298	535997	483030	661025	613921	710874	808259	798377	898500	1115600	1188154	1408664	1609273	2173633	2443246	4047277	9180342	30040334	4411859	0	0	0	0.7286
34	18526786	15318386	16435079	17046689	4701	4701	0	0	0	82421	160979	163041	157955	170384	170527	191013	216545	201174	248519	275909	262470	368678	302622	404468	426251	452521	552266	501024	676712	632429	729310	828159	817998	925080	1139344	1208189	1439802	1644278	2200411	2486352	4094817	9197680	29559887	4437725	0	0	0	0.5343
35	18493723	15295070	16375740	17124565	42543	42543	0	0	0	87069	165129	166950	161751	176047	175362	195834	222323	204950	255073	281424	267281	378538	307411	413136	434436	459422	561602	507593	687810	640880	738050	838894	825619	933164	1149721	1220500	1449458	1655478	2219471	2507955	4118122	9205465	29278262	4398918	0	0	0	0.6042
36	18420534	15389157	16411293	17106267	4390	4390	0	0	0	91919	174308	174241	168661	182131	182334	204309	231159	212070	263528	290691	275414	388294	317169	425234	444322	469874	575293	517428	701200	651396	748716	851433	836965	948068	1165941	1234913	1468495	1671609	2236722	2536471	4146682	9217996	28936560	4385705	0	0	0	0.5687
37	18489927	15329032	16462478	17013448	36756	36756	0	0	0	96216	176281	176994	172527	186540	186198	208543	236539	217590	270556	299430	280475	401531	320629	435595	451957	477895	583805	522538	717021	656728	757689	863404	842052	954758	1176465	1249317	1475033	1682331	2260998	2555504	4172533	9222995	28699615	4306603	0	0	0	0.6287
38	18466610	15297063	16467716	17080099	20153	20153	0	0	0	102810	185743	186290	180409	195261	193869	217155	247520	224780	280210	310537	288733	413685	327821	449423	462420	487480	597306	532005	730871	665436	766119	875942	853533	964178	1189790	1261122	1487927	1693047	2276413	2570143	4188852	9222927	28424775	4256956	0	0	0	0.6286
39	18412442	15390445	16481649	17042851	4254	4254	0	0	0	108630	201739	199182	190720	205299	204467	227907	256918	233884	290092	319609	300791	421726	344220	459299	477022	497840	608925	547585	740257	683111	780812	889663	869762	985574	1207581	1274705	1512814	1720379	2289893	2598556	4208070	9200749	27959950	4309656	0	0	0	0.6357
40	18435665	15356952	16539951	16956156	42917	42917	0	0	0	116283	215674	210641	201692	215777	213844	236956	267720	244398	301515	330848	311701	432790	353028	472098	489023	510150	622214	557855	751648	694328	795436	901483	882757	999476	1221571	1290295	1527165	1735946	2305569	2615956	4226558	9178085	27566412	4291832	0	0	0	0.7235
41	18430327	15309261	16526630	16989015	76408	76408	0	0	0	121774	223818	218796	208404	223425	218852	244461	275183	250247	308953	339323	318737	445210	359798	483682	498369	517882	632798	565588	766059	702240	804877	914329	891944	1008737	1233543	1302263	1537392	1750667	2318113	2632851	4241699	9170662	27274040	4250517	0	0	0	0.7937
42	18365960	15423582	16541151	16992277	8671	8671	0	0	0	129438	239493	230847	221225	235978	230941	257105	286766	260915	320242	350258	331114	455897	373941	497292	512235	530327	646145	580064	778000	717518	816618	926634	905831	1025255	1249035	1315769	1555522	1769575	2334379	2654382	4254874	9156035	26905744	4267576	0	0	0	0.7271
43	18418416	15382633	16602256	16908109	20227	20227	0	0	0	135879	246080	238434	227456	242778	237477	263027	296550	267314	330102	361095	337229	467862	377810	508614	521606	539719	654937	585161	793351	724528	823184	936256	913671	1029201	1258619	1325624	1564840	1775927	2348103	2667045	4273349	9146808	26671693	4220085	0	0	0	0.7645
44	18407563	15345600	16586474	16986511	5493	5493	0	0	0	141789	256729	247790	236010	251391	245194	271887	307173	274592	339819	370153	345761	483094	386966	522359	533606	549384	670750	594158	808494	734857	837201	951002	924458	1043093	1273930	1341237	1579364	1787920	2366621	2683938	4290913	9127547	26357126	4189842	0	0	0	0.7677
45	18292343	15433710	16568624	16905353	131611	131611	0	0	0	154616	289410	273917	256617	269607	260956	287148	320407	288970	352413	382135	359555	492238	401295	533363	545239	557483	680245	607850	813941	748203	848018	958308	937689	1060556	1283467	1348852	1591044	1802926	2364247	2696732	4280166	9071081	25875537	4205799	0	0	0	1.0102
46	18352702	15438086	16664525	16872574	3754	3754	0	0	0	158869	297709	281486	264856	278235	270383	297571	330926	298264	364556	393979	373006	504442	413420	548270	559238	571466	697216	623286	829977	764872	863915	980036	952032	1075252	1303060	1367623	1612821	1826741	2385094	2718533	4298863	9062182	25574458	4185250	0	0	0	0.8442
47	18334087	15374483	16629734	16902430	90907	90907	0	0	0	167091	306330	290239	272000	288128	277172	305004	341837	304196	372997	405587	377454	518415	418868	560668	570528	579903	707189	628900	843993	771070	871677	987529	959088	1082797	1310836	1376165	1620176	1833582	2397792	2729293	4309943	9039422	25274699	4140166	0	0	0	0.9977
48	18224750	15454977	16587451	16857253	207210	207210	0	0	0	179841	332530	310755	290108	303067	290685	318977	354322	316137	385249	417221	388560	530127	429129	573054	581030	589095	717656	636965	855297	781137	880627	996146	967403	1091739	1319917	1381941	1628525	1838753	2396580	2733182	4307496	8985897	24897401	4117882	0	0	0	1.2178
49	18319859	15417503	16663830	16772884	157565	157565	0	0	0	191033	350651	327702	302743	315690	301945	330752	365357	325485	396701	428290	399852	543243	440747	587857	592767	600014	730001	648996	868569	794722	891720	1012051	982168	1104585	1335892	1394877	1643404	1853201	2413677	2754408	4322849	8964355	24565637	4092135	0	0	0	1.1825
50	18329359	15359208	16690984	16867061	85029	85029	0	0	0	201652	368672	346880	321163	335667	318126	349903	390460	341705	422330	455054	418717	575131	457693	619364	617524	625005	758690	673096	903271	817773	913110	1040098	1009246	1127900	1367487	1425670	1672224	1889946	2445825	2810378	4382397	8901330	23755631	4187494	0	0	0	1.1262
