#Name	E:\SaveData\2016-10-13_16_03_13_1001160050_R0039_A_CL100009724_BGI12084_WESPE_result\\CL100009724\L01\CL100009724_L01_25_1.fq
#PhredQual	33
#ReadNum	88255114
#row_readLen	50
#col	48
#BaseNum	4412755700
#N_Count	3839795	0.087016
#GC%	43.39
#Q10%	99.13
#Q20%	96.50
#Q30%	88.24
#EstErr%	0.412376
#Pos	A	C	G	T	N	0	1	2	3	4	5	6	7	8	9	10	11	12	13	14	15	16	17	18	19	20	21	22	23	24	25	26	27	28	29	30	31	32	33	34	35	36	37	38	39	40	41	Err%
1	31212381	19183854	19943260	17912697	2922	2922	0	0	0	1959	22959	37505	34911	34841	34444	37576	39619	39401	46478	53242	55883	74382	75345	88223	106607	167434	204378	220316	277287	346153	397401	470178	594022	615291	893971	977027	1242376	1296540	1439633	1344282	2507665	8205273	56763982	9505608	0	0	0	0.1041
2	27006512	15675279	21244046	24322872	6405	6405	0	0	0	8360	25128	35069	32833	33733	34548	38036	42210	44742	53012	61740	68690	92538	94256	110517	141898	213140	260397	280236	352669	429144	489283	567358	676980	701789	966058	1045696	1306577	1442446	1751702	1726654	3131533	9429219	54225401	8335117	0	0	0	0.1177
3	25931921	18991929	18070260	25218282	42722	42722	0	0	0	17435	22935	33646	32683	33392	35165	40408	44311	46578	58503	65603	75192	100792	101810	117863	156107	228733	278867	298386	375206	453551	514741	594933	702826	727645	989174	1062178	1318941	1447757	1783350	1764045	3180237	9575356	53625712	8308331	0	0	0	0.1648
4	26477838	18620094	18482390	24573353	101439	101439	0	0	0	2776	22704	30797	29594	30495	31446	35281	39435	41097	50601	57423	66217	89610	91790	107022	142637	216119	266815	288509	360299	439679	502597	580728	688159	713821	969469	1046799	1304672	1450929	1806934	1799092	3246960	9773310	53422630	8407229	0	0	0	0.2180
5	26324306	18190318	19331759	24398587	10144	10144	0	0	0	4209	17756	26362	25888	27258	28898	33608	37733	40832	51283	58410	69004	93089	96104	110341	150584	226956	278839	300539	377290	455095	519396	600033	705224	733060	990716	1067869	1329273	1483613	1865908	1866456	3353246	9975128	53075576	8169394	0	0	0	0.1114
6	25931178	18554582	19058195	24702212	8947	8947	0	0	0	3448	16646	24235	23950	25402	27413	31521	36377	39265	49757	57385	68306	93505	95827	111568	152845	230135	285289	305058	384523	462507	528627	609965	710043	739224	995688	1074251	1337459	1497710	1909260	1903506	3429899	10166701	52865596	7953276	0	0	0	0.1075
7	26517451	18086630	19506575	24037075	107383	107383	0	0	0	2999	21981	27844	26742	28108	30036	34376	39253	41749	53062	60835	70826	97159	98998	114369	155612	232586	288786	307150	391033	462318	531520	613178	708629	743504	998199	1075092	1341496	1514294	1952532	1960752	3525061	10340095	52305675	7951882	0	0	0	0.2249
8	25738883	18830452	18467729	25217659	391	391	0	0	0	873	15499	21952	22171	23955	25893	30676	35157	38239	49676	57230	68338	95176	97502	113072	157898	237903	294844	313231	399082	469707	539986	622847	716172	747781	1003230	1080549	1339911	1511526	1971395	1973435	3560233	10455436	52411620	7752528	0	0	0	0.0952
9	25689309	18470985	18841050	25252194	1576	1576	0	0	0	1119	16611	23145	23136	25262	27497	32555	37668	40486	52907	60633	71765	100201	101645	118241	165184	244762	303123	319020	409160	475868	545580	630673	717864	759479	1010318	1091638	1354076	1540251	2019763	2043777	3669320	10647317	51787785	7785709	0	0	0	0.0999
10	26029819	18385384	19176918	24653098	9895	9895	0	0	0	1386	17368	23880	24576	26301	28813	34430	40107	42687	56098	64504	76077	106155	106425	126303	172410	254464	313599	327789	422199	483998	557487	641877	724412	767342	1019882	1101282	1366595	1554616	2057902	2087022	3742559	10783443	51367427	7723804	0	0	0	0.1128
11	26116358	18358579	19196369	24582954	854	854	0	0	0	1806	18490	24829	25591	28189	30956	37383	43229	46253	60301	69079	80248	112281	111854	132935	180202	262195	325902	336830	433986	492972	566870	652631	730760	779294	1027921	1112216	1379930	1580001	2101101	2152551	3842182	10939842	50790074	7743376	0	0	0	0.1068
12	26039804	18517746	19211496	24481790	4278	4278	0	0	0	2316	18719	25537	26230	29159	31979	38324	44544	48045	62676	72446	82878	117733	115526	138627	186000	268514	334056	342379	445534	497933	575219	661410	735992	786162	1036543	1119785	1388009	1589579	2128039	2174425	3888639	11046458	50528650	7662771	0	0	0	0.1132
13	26136185	18426947	19184216	24376940	130826	130826	0	0	0	3433	24761	30792	31111	33928	36529	43636	50950	53567	69293	79486	90200	127168	123439	149188	196666	280326	348422	353936	462710	508963	586980	677035	745060	798672	1045627	1131989	1400673	1606768	2161142	2222296	3951480	11161727	49934953	7601382	0	0	0	0.2673
14	26041930	18465692	19221206	24399962	126324	126324	0	0	0	3777	24067	31420	32471	36356	39636	47552	55266	57265	75363	87192	96338	138612	129856	160984	207660	292365	361539	361579	475888	518353	599355	688536	753355	808131	1059386	1141344	1408509	1615649	2191486	2251835	3996915	11265146	49617701	7497903	0	0	0	0.2669
15	26001069	18565992	19336988	24344890	6175	6175	0	0	0	5392	27173	34379	35416	39534	42516	51039	59242	61741	79818	91686	101362	144184	135402	167495	216729	300526	371144	371490	489158	529187	609446	701521	760820	822793	1075042	1157135	1425481	1640751	2228546	2301207	4077641	11393085	49235320	7465538	0	0	0	0.1379
16	26004587	18531891	19383165	24327097	8374	8374	0	0	0	9681	41411	51856	52729	57465	62017	71786	83152	84341	107905	122770	131642	185136	170636	214313	259950	301076	373388	373764	488980	528298	611840	702514	758971	826662	1073408	1158693	1434542	1657470	2248387	2352149	4153013	11482477	48463754	7550564	0	0	0	0.1760
17	25981094	18504227	19465603	24255584	48606	48606	0	0	0	11154	44324	54173	55330	60563	64561	76318	87931	88899	113124	129966	136369	194427	175771	222499	269540	311552	384837	383307	505308	536797	621482	715334	767436	833445	1081529	1168405	1437912	1661838	2268884	2366069	4181123	11553118	48245754	7397429	0	0	0	0.2287
18	25815014	18624670	19383641	24136191	295598	295598	0	0	0	18392	58336	66278	64743	70485	73514	84484	95792	96019	120859	138117	143361	203963	181048	231364	276042	316588	393695	388143	514056	542077	628067	722149	772325	837920	1090207	1175932	1443798	1671147	2291327	2390170	4220030	11594090	47755941	7289057	0	0	0	0.5296
19	25907384	18584676	19570970	24174829	17255	17255	0	0	0	19924	58987	68881	67584	73832	77391	89105	101906	101767	127771	145290	150207	213332	189468	242870	287860	328845	406330	397765	527053	552992	639181	736410	781649	855992	1104069	1193961	1465123	1694935	2331372	2445222	4295340	11727732	47366457	7371256	0	0	0	0.2216
20	25918094	18534301	19567164	24128607	106948	106948	0	0	0	23462	72026	80947	78283	83414	86759	98586	112127	109746	137897	156649	160859	227361	202299	258071	300683	341826	422337	413063	544171	567856	654625	752510	797742	875307	1123017	1210067	1489590	1723843	2364494	2500410	4369239	11791315	46652026	7365559	0	0	0	0.3444
21	25790506	18575259	19541740	23992320	355289	355289	0	0	0	27760	72891	81299	78726	85499	88936	100972	115668	112877	143213	161429	164509	233625	206730	264413	307923	348206	428961	417899	554237	571596	659866	758766	799336	879657	1126902	1218876	1493769	1731619	2385115	2520116	4400080	11838295	46255375	7264684	0	0	0	0.6311
22	25839561	18587842	19634468	23957924	235319	235319	0	0	0	30094	75986	85309	83585	90648	93924	107213	122424	119856	150528	170181	173540	246797	216498	277620	319983	359730	445773	430189	569277	585237	676845	775936	811653	898555	1146104	1236302	1517121	1761453	2418430	2572129	4469735	11926258	45769120	7285762	0	0	0	0.5059
23	25996831	18579043	19692727	23984144	2369	2369	0	0	0	31090	79556	88370	87804	95743	98993	113459	130275	127606	159033	179596	183842	257975	228876	291567	333522	373814	460984	443094	587839	601314	695152	795195	829720	923038	1170993	1259740	1543665	1794709	2457757	2631831	4545545	12039166	45283017	7328865	0	0	0	0.2523
24	25886368	18702332	19726277	23934906	5231	5231	0	0	0	34466	82049	92052	90812	99025	103242	118486	135576	132135	165217	187032	188293	268366	232300	301627	342472	382025	472231	451504	601097	608002	701945	804730	837822	929815	1180184	1273092	1553313	1799368	2478237	2651134	4584363	12099154	45044459	7224258	0	0	0	0.2643
25	25937843	18660563	19771404	23849568	35736	35736	0	0	0	37911	88115	98165	96677	105883	108724	124883	143979	138831	174436	196778	195619	281173	239932	313049	353480	392497	485788	459991	615956	614395	714274	818259	842930	937152	1190036	1284673	1563080	1812207	2499751	2676096	4624999	12155071	44654704	7179884	0	0	0	0.3122
26	25921143	18627266	19808780	23894063	3862	3862	0	0	0	42272	94206	104107	102697	111456	115052	130709	150238	145985	181174	205328	203385	290079	248389	324692	365016	404752	498190	471182	630751	626289	725670	834030	855801	955785	1207762	1301241	1582941	1836767	2530794	2721107	4685480	12220310	44172915	7174700	0	0	0	0.2895
27	25759496	18746910	19738389	23837824	172495	172495	0	0	0	49777	109377	115586	113355	123002	125633	141956	161986	155473	193101	216403	215293	301829	259768	336468	376162	412815	507352	482835	641150	638169	738902	841865	867478	971952	1223531	1313878	1601269	1857789	2551799	2759400	4715919	12240840	43497750	7222757	0	0	0	0.5047
28	25863179	18744495	19803688	23799049	44703	44703	0	0	0	52783	109498	117705	115337	124861	127444	144815	165004	157933	198647	221940	219372	311315	264854	348032	385871	422913	521545	490532	657317	645536	748925	856582	874818	980298	1236706	1327620	1614058	1870378	2583241	2790616	4768638	12313004	43289983	7152290	0	0	0	0.3657
29	25883144	18631243	19797883	23821113	121731	121731	0	0	0	59557	124165	130056	126470	137546	139219	156958	177544	169627	210807	234666	231205	324628	277743	362041	399003	435733	535743	502421	672185	659920	763166	871899	889200	997593	1252375	1345121	1632277	1892572	2601273	2826607	4810179	12349055	42687201	7147628	0	0	0	0.4781
30	25835539	18760588	19830705	23822932	5350	5350	0	0	0	59277	123624	130994	127203	137666	141105	160397	182841	172858	215393	241178	237187	333815	285084	371673	409480	446922	547802	512151	684871	670351	776378	886675	901316	1015121	1270206	1362576	1655360	1919851	2635960	2866750	4863275	12408511	42348626	7147287	0	0	0	0.3499
31	25864410	18661308	19940077	23699417	89902	89902	0	0	0	65846	133042	139256	135902	146487	149692	169068	192090	182039	225091	252704	248974	345782	296460	385205	422250	457331	562875	526705	699300	683853	789543	900863	915498	1031055	1288236	1380942	1675088	1939508	2657211	2902046	4901786	12422760	41799739	7140985	0	0	0	0.4648
32	25840782	18606523	19890025	23677735	240049	240049	0	0	0	72223	147078	150330	145831	157011	158156	178745	203603	190879	236981	264235	257669	361428	305810	399607	435637	469028	575395	537361	717664	695571	801322	915625	923621	1044392	1300275	1393436	1686383	1953974	2672174	2927147	4938593	12436817	41265960	7095104	0	0	0	0.6573
33	25789464	18735057	19868346	23650447	211800	211800	0	0	0	76816	151022	155234	151136	163329	164064	184956	209522	196740	243909	271861	263296	372033	310701	412058	443917	478432	587888	542478	729202	700579	810125	924938	931199	1048750	1311857	1403486	1695301	1959844	2694370	2935538	4949840	12473117	41077363	7018413	0	0	0	0.6371
34	25862698	18716599	19992663	23676990	6164	6164	0	0	0	81330	161132	165680	160742	172691	173956	195553	222085	208399	257301	285637	278108	386053	326796	426468	460412	493016	603984	560425	746809	719212	829894	945936	952274	1078522	1336106	1427331	1727522	1999352	2729863	3000887	5018415	12529354	40503890	7083815	0	0	0	0.4253
35	25758375	18748178	19973811	23716585	58165	58165	0	0	0	86433	165371	169520	163442	175655	177642	199050	226090	211508	262150	290914	282359	393277	331161	435894	468720	501133	613959	566350	758699	726769	838554	955249	959308	1086955	1346071	1441080	1737559	2013429	2750583	3016314	5045461	12557455	40191663	7051172	0	0	0	0.4935
36	25773817	18797856	19995277	23682168	5996	5996	0	0	0	91105	175124	177563	171403	183997	184162	207573	234763	219588	271429	301556	291696	406080	342226	447043	480703	512533	627629	579957	774181	741109	850774	973850	972705	1101036	1364143	1460427	1755869	2032360	2774394	3054364	5089006	12585509	39779456	7033805	0	0	0	0.4518
37	25796482	18779873	20043715	23583764	51280	51280	0	0	0	96026	177604	180872	175061	187811	188998	211514	240501	223857	278154	309634	295448	418639	344024	460574	488464	522132	638645	583679	788437	744931	857258	983599	979621	1106699	1376132	1471268	1766732	2041021	2793815	3074361	5120006	12606184	39542622	6929511	0	0	0	0.5127
38	25753111	18776321	20052812	23646337	26533	26533	0	0	0	101720	187315	188903	182026	196809	196868	221431	250301	231013	288310	320721	304624	430569	351603	473750	499919	531797	650471	593175	803261	754798	868180	993792	988295	1117932	1387377	1483336	1780384	2055590	2818306	3091950	5136583	12620009	39256696	6870767	0	0	0	0.5027
39	25724643	18820332	20053687	23650981	5471	5471	0	0	0	107535	202117	202182	193668	207055	207012	231438	260235	241332	298903	329903	318161	439789	367907	485305	513594	543048	666480	609857	812305	774029	886778	1012362	1007462	1143166	1409209	1504708	1806505	2085075	2833199	3133393	5175666	12631766	38637022	6971477	0	0	0	0.5025
40	25750241	18778071	20115359	23551895	59548	59548	0	0	0	114786	216891	213370	203919	217890	216175	240355	271838	252326	309232	341026	329698	450304	379534	497213	524720	555282	678120	622759	828143	786173	899503	1025883	1020724	1161756	1426365	1518182	1827395	2107431	2851528	3160927	5205328	12633394	38134450	6972946	0	0	0	0.5870
41	25737870	18741924	20117603	23553448	104269	104269	0	0	0	119381	223422	220450	210306	224732	222989	247868	279174	257847	316616	350739	335768	463208	386031	509265	534846	563137	688755	629547	839845	794782	910804	1036707	1032612	1172203	1437243	1533373	1836686	2119872	2873996	3180468	5228598	12640321	37803800	6925454	0	0	0	0.6520
42	25704099	18853608	20088174	23597869	11364	11364	0	0	0	127057	239187	234691	223072	236733	233796	259971	291910	269930	330184	361515	348672	474540	400942	523763	550401	577166	703986	645391	853967	812125	927185	1053306	1046872	1193079	1457294	1549687	1862074	2146421	2893483	3215133	5256700	12642498	37330118	6970901	0	0	0	0.5735
43	25685544	18828608	20135090	23578788	27084	27084	0	0	0	133225	245752	241374	228421	242491	239603	266307	299716	274888	337989	371356	354090	487336	405041	537299	560466	584818	713799	650706	866719	817962	932867	1064024	1054582	1196857	1466017	1557928	1868668	2153473	2908619	3232181	5281603	12647152	37090963	6913738	0	0	0	0.6055
44	25704751	18796203	20129222	23617822	7116	7116	0	0	0	139816	255335	249961	237102	251605	247241	274571	309526	282945	347828	382702	364009	501191	414486	548264	570952	596206	728150	660355	886071	829710	944944	1078303	1066935	1209839	1481849	1578133	1886901	2172468	2931318	3258502	5314493	12648787	36727395	6870105	0	0	0	0.6019
45	25576375	18859217	20117897	23522617	179008	179008	0	0	0	153036	290397	277895	259548	273520	265534	291847	325744	296656	361602	395062	380344	511181	431267	560493	586529	607444	740362	677489	890960	846120	960269	1092207	1082814	1229783	1497867	1587704	1902615	2193705	2931920	3274855	5308733	12596388	36083547	6910669	0	0	0	0.8427
46	25670303	18863413	20217399	23499178	4821	4821	0	0	0	154467	297046	284029	265784	279320	273354	301166	335928	306962	372408	407387	393457	525902	444312	577304	600770	622408	756072	694563	909377	864297	979307	1108157	1102898	1252291	1521446	1609290	1931111	2221135	2959113	3311298	5346283	12615833	35725774	6900044	0	0	0	0.6601
47	25621808	18821868	20180367	23506998	124073	124073	0	0	0	163142	305276	292742	274524	287243	280278	308880	344652	313741	382704	416361	396800	537745	449776	589188	610503	629859	766730	700488	924939	871746	985734	1118681	1109307	1258551	1530596	1619492	1938072	2225343	2973750	3324273	5363975	12599380	35392749	6843821	0	0	0	0.8134
48	25497775	18878214	20139055	23456949	283121	283121	0	0	0	179482	335130	317413	293916	308197	296305	325895	362230	326249	397695	431009	409680	552171	461095	602045	621802	640998	778249	711034	936352	882417	994836	1129158	1119959	1267022	1540716	1626639	1944214	2234976	2977286	3333387	5370416	12548943	34902573	6812504	0	0	0	1.0371
49	25627049	18831600	20219241	23365301	211923	211923	0	0	0	191551	354118	333959	307728	319374	307964	337456	374258	335691	408221	443391	423256	565947	473705	619008	638618	655291	794921	725571	952511	897255	1011005	1148398	1137155	1287243	1560417	1649021	1970087	2258965	3000009	3365846	5405581	12533621	34472532	6783517	0	0	0	0.9868
50	25654127	18799453	20224835	23463738	112961	112961	0	0	0	197441	367281	349325	323423	338204	323677	356425	396491	353114	433793	469213	443429	599005	492253	653487	665694	681617	826652	750027	991657	926597	1037016	1182510	1166334	1317517	1598367	1688503	2011602	2311018	3052699	3457932	5531269	12490625	33408755	6949201	0	0	0	0.9082
