#Name	E:\SaveData\2016-10-13_16_03_13_1001160050_R0039_A_CL100009724_BGI12084_WESPE_result\\CL100009724\L01\CL100009724_L01_28_1.fq
#PhredQual	33
#ReadNum	53788651
#row_readLen	50
#col	48
#BaseNum	2689432550
#N_Count	2302553	0.085615
#GC%	44.25
#Q10%	99.11
#Q20%	96.41
#Q30%	87.99
#EstErr%	0.419058
#Pos	A	C	G	T	N	0	1	2	3	4	5	6	7	8	9	10	11	12	13	14	15	16	17	18	19	20	21	22	23	24	25	26	27	28	29	30	31	32	33	34	35	36	37	38	39	40	41	Err%
1	18643504	11996996	12275654	10870915	1582	1582	0	0	0	1142	13474	22335	20640	20950	20445	22015	23287	23539	27949	31156	33293	44162	44357	52624	63454	99538	122084	132166	165737	207769	238702	282876	358559	373866	545349	595621	756739	785265	858500	815254	1526221	4910821	34756433	5790747	0	0	0	0.1017
2	16167949	9724226	13137321	14755254	3901	3901	0	0	0	5081	15083	20861	19658	20206	21009	22988	25447	26943	32051	37018	41717	56434	56887	66821	85335	128497	157447	169341	212844	259195	296465	343817	413127	428792	588258	636093	797555	879758	1053972	1048963	1906722	5672776	33145959	5091630	0	0	0	0.1167
3	15529565	11756608	11197765	15280877	23836	23836	0	0	0	10127	13904	20612	19742	20509	21452	24948	27025	28545	35734	39711	45824	60895	62068	71206	94810	138997	169480	181318	227493	274839	311873	360234	429513	442801	602790	648025	802864	882313	1074359	1075166	1934164	5744688	32809557	5057229	0	0	0	0.1603
4	15839143	11567514	11478108	14843744	60142	60142	0	0	0	1712	13748	18475	18165	18349	19055	21551	24333	25120	30634	35152	40587	54683	56261	65072	86626	131280	162176	175275	220150	268627	305820	353688	419924	436030	592809	639139	795570	880634	1087660	1094316	1977201	5858859	32691838	5107990	0	0	0	0.2147
5	15709094	11329521	12005968	14738889	5179	5179	0	0	0	2312	11187	16197	15798	16472	17776	20686	23438	25052	31313	35845	42194	56731	58508	67754	91647	137712	169988	181618	229443	276503	315423	365884	430429	447949	603626	651742	809931	900434	1121111	1134976	2042666	5980271	32497362	4953494	0	0	0	0.1097
6	15462208	11576107	11807883	14938023	4430	4430	0	0	0	1700	10238	14781	14749	15478	16672	19481	22271	24151	30530	35530	41258	57155	58228	67893	92837	139829	172583	184693	235256	280536	322089	370890	432451	451191	609396	656440	813002	909278	1145988	1158455	2090119	6085242	32391828	4812003	0	0	0	0.1055
7	15813951	11284739	12085108	14539647	65206	65206	0	0	0	1855	13333	17074	16600	17489	18422	21284	24076	25443	32428	37299	43121	59276	60122	69489	96031	141476	175708	187689	238436	281132	324578	374954	432837	454469	608348	656739	818364	921085	1170037	1195415	2147351	6194725	32041880	4804880	0	0	0	0.2248
8	15343431	11750394	11457958	15236690	178	178	0	0	0	584	9541	13662	13733	14807	15922	18991	22048	23637	30762	35353	41851	58558	59888	69366	96949	145103	180192	188987	244607	286477	329633	380363	437245	456519	613679	659233	815642	916547	1183883	1199305	2168193	6262032	32112884	4682297	0	0	0	0.0958
9	15294318	11547372	11677581	15268362	1018	1018	0	0	0	695	10225	14197	14167	15535	17126	20156	23451	25316	32566	37378	44228	61465	62216	73280	101357	148716	185219	194719	250673	291253	334140	384656	439169	462326	617785	665942	827212	934210	1213046	1248708	2239540	6377822	31727390	4691749	0	0	0	0.1007
10	15515909	11478178	11893664	14894954	5946	5946	0	0	0	944	10762	14868	14830	16248	18098	21386	24839	26587	34970	40089	46652	65661	64855	77844	106184	154911	192103	200973	259184	296314	340582	393005	444299	469379	624948	671778	834171	947011	1236965	1275315	2286845	6459547	31470172	4640386	0	0	0	0.1136
11	15584963	11449487	11898764	14854939	498	498	0	0	0	1182	11629	15328	15919	17789	19131	23354	26671	28641	37189	43062	50175	70098	69535	82847	110898	160204	199928	204545	266599	301752	347965	400304	448498	478509	629103	679237	842812	961788	1264320	1316411	2350354	6554341	31112200	4645835	0	0	0	0.1082
12	15528202	11567332	11900371	14790280	2466	2466	0	0	0	1453	11891	15881	16528	18129	19890	23829	27998	29738	38783	45014	51691	72671	71240	85493	114544	165397	204341	210870	273393	305358	354160	407039	451623	481619	635794	685191	848135	966027	1281995	1332514	2379011	6618795	30952826	4587324	0	0	0	0.1146
13	15613863	11509408	11896144	14692151	77085	77085	0	0	0	2241	15310	18954	19167	20917	22992	27196	31518	33210	43234	49457	55955	78949	76180	92942	121999	172464	213789	216897	283262	313311	360902	416964	459359	490283	643579	691769	853714	978249	1301484	1361141	2424629	6683411	30592190	4543948	0	0	0	0.2639
14	15550019	11529253	11904550	14728099	76730	76730	0	0	0	2417	15079	19548	20181	22675	24658	29528	34700	35924	47189	54511	60132	85938	80316	100236	128717	178788	221944	222265	294360	319069	368127	425051	463419	494949	653021	701042	861484	985113	1320761	1379684	2452234	6741867	30388021	4478973	0	0	0	0.2685
15	15509161	11617502	11973083	14685148	3757	3757	0	0	0	3397	17029	21585	22300	24687	26773	31618	37062	38366	50240	57051	62943	89530	83814	103809	133652	184462	228161	228588	300507	325361	375888	432334	469169	504130	659562	708738	873387	1000665	1340996	1415313	2505074	6807997	30166495	4454211	0	0	0	0.1403
16	15536748	11569950	12014094	14662952	4907	4907	0	0	0	6180	25497	31787	32235	35864	38231	44616	51692	51781	66058	76272	81925	114890	105668	132577	161052	185586	229997	230355	302696	325895	377519	432248	468349	507440	661100	710474	877853	1009471	1355089	1446169	2548834	6865024	29701464	4491856	0	0	0	0.1776
17	15508573	11547672	12063024	14639659	29723	29723	0	0	0	7216	27395	33577	34034	37758	40117	47181	54423	54922	70314	80430	84232	120775	108390	138519	166537	192473	238924	235661	310574	330487	385583	441157	473294	514789	666377	717362	880864	1012006	1369423	1456263	2573593	6912024	29552985	4389269	0	0	0	0.2314
18	15398077	11627598	12019305	14566336	177335	177335	0	0	0	11415	35821	40721	39853	43306	45293	52174	59852	59143	75534	85124	88662	127009	112172	143470	171408	196490	243249	239629	317565	333944	388620	445433	474484	515431	670651	720924	883369	1019660	1383410	1474086	2596691	6934868	29262267	4319588	0	0	0	0.5265
19	15481038	11588146	12148099	14561226	10142	10142	0	0	0	12546	36217	42022	42015	45805	48211	55498	63199	62947	79499	90623	92899	132330	117653	150698	177958	203001	251342	247089	325711	341159	396688	454699	484354	526582	681275	731756	897988	1035247	1407741	1506651	2645634	7017639	29011366	4362467	0	0	0	0.2237
20	15476991	11545154	12149350	14552687	64469	64469	0	0	0	14705	44411	50014	48689	51779	53278	61295	69550	68089	85693	98104	100051	140879	125253	159992	186132	212298	262121	255506	338307	350631	406552	465978	491599	539772	692607	746863	912586	1055451	1430937	1541750	2690622	7059045	28556893	4356750	0	0	0	0.3464
21	15409513	11582485	12130453	14452739	213461	213461	0	0	0	17301	45193	49520	48890	53072	54623	62775	71793	70068	88727	100471	102030	145435	127655	164773	191431	215673	266948	258091	344361	353390	410461	470403	493470	544342	695260	750219	916002	1059472	1444683	1555820	2711139	7082486	28318167	4291046	0	0	0	0.6286
22	15466818	11571683	12198304	14409094	142752	142752	0	0	0	18688	47451	52512	51683	56203	57947	66661	76528	74907	94333	106011	107766	152839	134617	172102	199250	222943	276402	267141	353881	362742	420090	480231	502513	557054	707867	762498	931768	1077853	1465722	1589384	2756305	7135464	28014616	4291927	0	0	0	0.5087
23	15544436	11561325	12237153	14444310	1427	1427	0	0	0	19560	49406	54843	54650	59543	61938	70969	81656	79338	100033	112505	114822	160570	142022	181806	209181	232417	287395	276542	366035	372026	432250	492240	513347	570778	723493	776340	947894	1100069	1491732	1629494	2803479	7204569	27696945	4317337	0	0	0	0.2575
24	15477082	11655370	12240197	14412885	3117	3117	0	0	0	21609	51530	56818	56265	61674	64539	73587	84704	82281	103538	116905	117223	167222	144625	187213	214025	238492	293289	280639	373713	376894	436632	500890	519183	574670	729904	785269	957014	1102659	1505539	1641992	2833231	7236118	27554015	4241633	0	0	0	0.2694
25	15515408	11634397	12273492	14343744	21610	21610	0	0	0	23987	55099	60530	60160	65850	68706	77971	89612	86310	108713	123205	122533	174756	150077	196310	220779	244906	301747	286839	384703	383834	445242	508187	523714	581274	739338	791661	962418	1111084	1518981	1656432	2854083	7265802	27308328	4213870	0	0	0	0.3178
26	15507279	11622977	12281660	14374528	2207	2207	0	0	0	26315	58786	64451	63449	69941	71421	82552	94348	89748	114479	128282	127564	181762	154872	202960	227770	251828	309914	293456	392533	390426	451495	517328	531932	592578	748146	804267	975678	1126089	1539707	1686378	2892262	7307077	27010545	4206105	0	0	0	0.2952
27	15407985	11692869	12239562	14343899	104336	104336	0	0	0	30926	67883	71704	69872	76154	78229	88844	100644	96724	121169	134821	134059	188775	161911	210996	236624	257036	317367	302153	399262	397596	460248	524471	537896	603769	756185	812920	988317	1142229	1552899	1709900	2914178	7315455	26593815	4229284	0	0	0	0.5090
28	15470418	11690379	12292334	14309268	26252	26252	0	0	0	32691	68149	72696	71341	77946	79919	90664	103968	98792	124062	138747	136856	194166	164771	216127	240156	263838	325284	305328	410171	402096	465546	533382	542665	608340	764175	822222	995664	1150823	1569505	1728470	2948645	7363362	26468719	4183113	0	0	0	0.3702
29	15489209	11607312	12284052	14334674	73404	73404	0	0	0	37130	78106	80911	78602	85540	86426	97645	111197	106218	131145	146781	144923	203975	172866	225832	249803	271683	335152	312797	419305	411963	476286	542642	551603	620576	776119	832021	1008583	1162759	1585293	1753144	2975261	7377962	26090005	4174993	0	0	0	0.4842
30	15440587	11695206	12313178	14336534	3146	3146	0	0	0	37333	77489	81149	79819	86024	88123	100022	113266	108480	134812	151784	148703	208585	178740	232732	256702	277992	342591	320565	428047	419132	484169	551926	560846	630100	786174	843284	1020546	1182517	1606825	1777887	3006491	7417589	25876215	4168846	0	0	0	0.3579
31	15484632	11630515	12358840	14259998	54666	54666	0	0	0	41062	83263	86535	84361	91607	93276	105816	119770	113891	141875	158070	154649	216908	185127	240665	264420	286631	351441	327578	437356	426737	492890	562737	568784	642704	799069	854749	1033356	1196660	1620861	1801477	3033872	7431191	25529458	4155139	0	0	0	0.4728
32	15459184	11581561	12331308	14273467	143131	143131	0	0	0	45514	91466	94059	91148	98638	99231	111843	127468	119755	149068	165102	162168	226610	191457	250628	272196	293684	361667	334608	447408	433148	500873	569960	574984	650196	808412	863450	1043455	1205873	1634051	1816995	3053827	7435293	25191443	4129842	0	0	0	0.6612
33	15416185	11669513	12327858	14248244	126851	126851	0	0	0	47914	93978	96107	94658	101500	102983	115476	131594	123191	153898	170678	165338	233682	194480	258159	278429	300062	368115	338685	457820	438220	505850	576440	580084	654856	815221	868965	1045808	1208155	1643112	1825551	3063946	7458746	25069813	4080286	0	0	0	0.6422
34	15475963	11654644	12411235	14243063	3746	3746	0	0	0	51324	100872	103515	100351	107697	108806	122622	138212	131122	161344	178312	174397	241755	204526	268877	289343	308729	378454	351118	468529	451519	518518	590029	594011	669419	830966	887844	1069943	1236726	1665029	1861787	3109318	7485069	24708655	4116167	0	0	0	0.4361
35	15426221	11660501	12390527	14277235	34167	34167	0	0	0	53682	104055	105781	102045	110579	111999	124928	141531	133322	163994	182682	176881	247641	208241	273941	293795	313951	384910	355093	476668	454883	523522	597989	597420	678021	837399	894972	1075518	1241782	1683680	1875097	3128718	7500324	24508189	4091251	0	0	0	0.5025
36	15415868	11703253	12397567	14268471	3492	3492	0	0	0	57164	109698	110334	106785	115854	116399	130130	148040	137823	170060	188575	183752	254918	214131	283037	302713	321494	393099	362329	484775	463896	532285	607806	605938	688897	849398	906023	1088203	1257564	1695779	1897033	3153403	7517831	24248016	4081977	0	0	0	0.4634
37	15431029	11697446	12427874	14202338	29964	29964	0	0	0	60070	111224	113467	108673	117836	118982	133317	151813	141387	174835	194816	186117	262564	216657	288700	306025	326896	399556	365949	494654	466356	538001	612471	611393	690216	855684	912774	1095217	1261618	1708961	1908680	3171375	7531729	24103909	4016765	0	0	0	0.5228
38	15411751	11681636	12422620	14256696	15948	15948	0	0	0	64204	116562	118258	114646	123324	123422	138395	157926	145901	181111	201576	191024	271296	221339	295999	314469	333711	408762	371236	505164	470578	543663	621378	618722	697117	865044	923588	1102640	1268865	1723683	1921037	3188199	7536128	23917160	3976576	0	0	0	0.5154
39	15382996	11721260	12431351	14249681	3363	3363	0	0	0	67499	126928	126438	121474	129525	130084	145180	163787	152321	187807	206281	200075	276454	231907	304696	323193	340971	416208	382398	510164	486131	555789	631829	629268	713757	877236	934016	1122922	1289469	1733013	1950255	3208206	7544987	23527900	4037120	0	0	0	0.5165
40	15406403	11693376	12463111	14190591	35170	35170	0	0	0	71713	135811	133740	127381	137064	135397	152223	171088	158426	195519	214298	206725	283973	238875	314418	330022	347825	425175	390664	519585	493714	564722	641192	638254	724733	889552	943877	1135060	1304110	1745808	1962561	3226114	7540366	23223066	4030430	0	0	0	0.5996
41	15398623	11661158	12457316	14209745	61809	61809	0	0	0	75738	140629	138060	131918	140864	140162	156042	176582	161706	199890	220533	210763	291182	243348	319952	336740	355084	432606	396277	528983	499345	570387	648801	643469	732311	895898	951817	1140264	1312390	1758532	1978186	3240717	7539939	23017674	4000053	0	0	0	0.6652
42	15364335	11739420	12460933	14217031	6932	6932	0	0	0	80417	150798	147335	139597	148912	147312	163576	184115	169975	206310	227274	220619	299436	252758	329169	346895	362300	442364	405821	537569	509314	581428	659067	654661	745894	906720	965599	1156539	1330702	1772802	1999351	3254622	7545242	22716854	4020372	0	0	0	0.5910
43	15370466	11711272	12487345	14203187	16381	16381	0	0	0	84497	155293	150776	143735	153034	150451	167959	189041	173776	213275	233947	223687	306246	255538	337302	352835	368800	448451	408787	545256	513930	585086	666278	660148	747725	914422	970400	1161768	1333524	1782972	2009752	3272377	7546507	22564597	3980098	0	0	0	0.6239
44	15377036	11686025	12481163	14239932	4495	4495	0	0	0	88023	161334	156443	149006	158110	155589	173118	194813	177565	220276	241223	229089	315942	261404	346769	360741	375063	458473	415740	557483	520016	594832	676800	668520	756922	926598	981540	1174304	1346744	1795023	2023316	3289756	7544779	22333558	3955244	0	0	0	0.6208
45	15300809	11741138	12458406	14179900	108398	108398	0	0	0	96759	182812	174172	163946	171508	166947	183982	205942	187669	228615	248466	238827	322045	271440	354068	369454	382105	465388	426643	561590	531454	602321	683280	676300	767852	937506	988496	1182312	1360698	1800614	2036821	3290289	7512559	21925104	3982269	0	0	0	0.8619
46	15358335	11741946	12521798	14163693	2879	2879	0	0	0	98257	186695	178414	167462	175985	171427	189703	211656	193465	235966	256142	247406	329869	281723	363445	378861	391992	475525	436898	573084	543668	615669	696407	691108	783520	949262	1004101	1200140	1378464	1815499	2059796	3313081	7516935	21702162	3971985	0	0	0	0.6813
47	15330181	11704505	12504127	14175574	74264	74264	0	0	0	103234	192902	184664	172917	181846	176161	194451	217830	197649	242031	262335	252395	340083	283648	372637	385221	398314	483495	440160	582893	547429	619005	703266	694179	786902	955309	1010514	1203218	1379183	1823851	2067051	3323334	7508869	21492858	3934553	0	0	0	0.8341
48	15258971	11739397	12466225	14153527	170531	170531	0	0	0	113131	210083	199666	184954	193597	186487	204927	228524	206749	251265	272937	258918	349268	290421	382436	392835	405534	491341	447027	589601	554336	626581	710874	700041	793870	961816	1014032	1210292	1386461	1828312	2074796	3322801	7476814	21183056	3914337	0	0	0	1.0561
49	15333097	11708133	12525558	14094404	127459	127459	0	0	0	120272	223141	208744	193279	201539	194200	212753	236424	211201	259441	279899	267089	357353	298655	391099	402746	413277	501281	457136	601227	563204	634562	721160	710754	805423	972513	1025991	1224709	1403217	1844821	2095273	3341376	7471626	20920349	3895458	0	0	0	1.0073
50	15336930	11680636	12534946	14167474	68665	68665	0	0	0	124714	232194	219962	204300	213294	204627	224950	250579	223532	275023	297409	280089	379232	310995	414494	420416	428405	521686	473593	623353	581976	652912	741955	732022	825516	999647	1051068	1251185	1434551	1873969	2144524	3412188	7443130	20267709	3984787	0	0	0	0.9353
