#Name	E:\SaveData\2016-10-13_16_03_13_1001160050_R0039_A_CL100009724_BGI12084_WESPE_result\\CL100009724\L01\CL100009724_L01_30_2.fq
#PhredQual	33
#ReadNum	91738650
#row_readLen	50
#col	48
#BaseNum	4586932500
#N_Count	6210364	0.135393
#GC%	45.12
#Q10%	97.99
#Q20%	91.23
#Q30%	77.48
#EstErr%	0.877355
#Pos	A	C	G	T	N	0	1	2	3	4	5	6	7	8	9	10	11	12	13	14	15	16	17	18	19	20	21	22	23	24	25	26	27	28	29	30	31	32	33	34	35	36	37	38	39	40	41	Err%
1	29035838	22707759	20357866	19633379	3808	3808	0	0	0	9554	39896	54623	63392	82203	102325	205364	258381	251755	359779	424441	385598	669332	431364	745555	702103	829985	963936	842582	1290089	1011475	1246082	1423655	1365317	1476685	1917060	1993198	2258429	2473255	3554105	3567331	5701945	12816956	38106392	4110700	0	0	0	0.3175
2	24754708	18563722	21381680	26983842	54698	54698	0	0	0	31543	97931	129443	146836	186238	209155	332725	416841	366970	502200	587647	475697	846813	505032	898351	791927	927980	1074689	897079	1398213	1042214	1311442	1479435	1361488	1506610	1922120	1982715	2212692	2394806	3514328	3410185	5496069	12725191	36833947	3667400	0	0	0	0.5405
3	23585761	22242937	17799369	27830696	279887	279887	0	0	0	37874	100489	125600	139027	172624	192960	317669	397197	348201	486347	566151	463629	823995	492422	875406	782070	902795	1054445	877251	1365723	1030881	1278239	1453049	1344227	1465520	1885402	1945147	2168925	2353339	3450194	3377200	5442224	12668951	37037241	4036349	0	0	0	0.7727
4	24498946	21564202	18348974	27323351	3177	3177	0	0	0	26519	83989	110265	126286	158733	180517	308399	382944	345844	472924	552489	460023	803194	495909	858164	778546	885493	1045945	869327	1349289	1032676	1260787	1445540	1339321	1456858	1873948	1934218	2165159	2352201	3421502	3389023	5456791	12733229	37502716	4076705	0	0	0	0.4443
5	24514232	20889984	19407329	26925408	1697	1697	0	0	0	30071	94277	120037	134995	169204	190162	319575	392100	358893	480700	561756	473438	804544	515981	862578	790817	888868	1055229	879478	1341956	1045838	1268635	1451413	1343326	1475651	1875057	1940374	2181379	2377303	3418239	3409455	5475498	12699817	37113437	4196872	0	0	0	0.4607
6	24042601	21209061	19238980	27245742	2266	2266	0	0	0	28197	89350	115426	131572	165592	188389	314699	389446	354821	480553	559450	471563	805489	510778	861618	789070	886840	1052153	875277	1340498	1042490	1261782	1448613	1342594	1464892	1871591	1936423	2173984	2370244	3410343	3421168	5485604	12722974	37138710	4234191	0	0	0	0.4544
7	24723458	20632392	20039407	26336601	6792	6792	0	0	0	35860	102599	129999	145242	180378	200330	328450	402484	364810	489144	568062	478908	807971	520827	863560	794227	886223	1053928	878859	1336695	1047122	1260978	1446902	1340527	1470028	1867059	1930000	2171315	2375133	3393131	3424020	5483926	12697012	36916095	4340054	0	0	0	0.4832
8	23605485	21556392	18708500	27867369	904	904	0	0	0	34020	100163	128037	142200	176081	195918	325141	400807	359540	490401	569179	475451	816410	509719	872180	794945	891858	1056574	876696	1348292	1043805	1260592	1447776	1341945	1458638	1868105	1929186	2161425	2352695	3407080	3398799	5461392	12716953	37093028	4232715	0	0	0	0.4719
9	23377968	21178152	18969835	27887202	325493	325493	0	0	0	34081	103467	125550	138636	169358	188655	318071	390380	351176	479751	557983	469371	800667	505531	857849	784821	878275	1044091	868907	1331728	1037260	1248928	1435749	1332786	1448912	1853436	1918815	2152951	2348733	3387714	3389640	5441834	12676824	36994418	4346809	0	0	0	0.8183
10	23790891	21146375	19457492	27280128	63764	63764	0	0	0	39389	106992	132823	146729	181351	199458	330843	406936	362635	495260	573190	479621	813915	513594	869435	797271	883569	1053772	873623	1339609	1049195	1250914	1442249	1341692	1453768	1860878	1922160	2161013	2355912	3386859	3400990	5452683	12707118	36913235	4376205	0	0	0	0.5505
11	23851422	21151032	19431781	27300394	4021	4021	0	0	0	36158	109340	136845	152717	187696	206490	338497	414835	369400	501938	577058	484751	819678	522525	874155	800682	885510	1057537	877180	1338165	1052383	1253943	1443541	1343519	1453811	1861841	1923642	2159038	2353766	3379527	3407649	5463448	12720067	36828838	4398459	0	0	0	0.4925
12	23664622	21327067	19388479	27095790	262692	262692	0	0	0	41547	121679	144175	157421	189711	208922	339862	412010	374429	498883	575540	488838	807532	530345	865806	803086	879029	1053436	879800	1325703	1054595	1247142	1436823	1340569	1459432	1848803	1914454	2151889	2355237	3355859	3402395	5440062	12665478	36626844	4478622	0	0	0	0.7844
13	23858766	21272107	19486046	27067496	54235	54235	0	0	0	41151	120614	146316	161043	195275	214947	347617	420788	378935	507620	583217	495845	815964	535004	873699	809848	885766	1058709	885067	1328283	1061931	1253211	1442962	1346282	1465008	1856635	1920480	2165064	2367573	3362895	3420576	5463410	12693062	36520331	4539287	0	0	0	0.5636
14	23730331	21218214	19481764	27061701	246640	246640	0	0	0	42871	124247	148943	161512	196399	214370	348992	422778	378164	509717	583602	494280	822653	531559	874692	806080	884114	1059796	879296	1332706	1059313	1246861	1440111	1343246	1451349	1847207	1912915	2152155	2353100	3354550	3405302	5441646	12668330	36480134	4519020	0	0	0	0.7766
15	23659930	21410127	19596216	26983670	88707	88707	0	0	0	42026	125179	152493	167490	201773	219124	354605	428638	381959	515365	587362	498896	823027	535233	880488	815369	883272	1059502	881569	1330865	1062357	1243139	1440644	1346408	1450493	1848167	1913266	2155781	2360431	3349731	3422174	5459024	12696668	36411260	4606165	0	0	0	0.6106
16	23649531	21318943	19623503	26827639	319034	319034	0	0	0	74156	201190	234897	250162	294625	306524	358862	431701	379552	510384	578622	492930	803696	529842	857691	800522	862106	1039807	868998	1302313	1050286	1225624	1419316	1328780	1437284	1828174	1893726	2137558	2346796	3313299	3414095	5436926	12645320	36074030	4689822	0	0	0	0.9678
17	23707046	21378161	19749754	26899342	4347	4347	0	0	0	68419	193675	227050	242145	285136	301507	353387	424026	382687	507658	576610	499748	799637	542259	859530	808512	867981	1046950	876459	1304169	1063699	1236021	1429189	1341003	1452866	1837784	1905873	2154426	2368018	3325669	3439956	5474734	12676481	36070521	4790518	0	0	0	0.6132
18	23490286	21581517	19645024	26802453	219370	219370	0	0	0	78255	209161	239555	253131	296112	308147	360656	431980	381602	513547	580723	495269	803098	534534	860710	805476	863337	1044822	867022	1300312	1056000	1224171	1418525	1333369	1438840	1827529	1896888	2139843	2352090	3313322	3423367	5443302	12651055	36002140	4771390	0	0	0	0.8670
19	23535833	21533205	19782853	26791427	95332	95332	0	0	0	79453	217590	248494	262036	304532	316624	368847	439379	390956	517177	584843	507131	801935	550837	861475	812149	864215	1049048	879744	1296557	1068388	1229264	1424891	1342503	1451205	1833511	1898572	2150294	2368022	3305346	3438377	5454501	12639012	35810242	4876168	0	0	0	0.7459
20	23643120	21479702	19774793	26823568	17467	17467	0	0	0	82579	220774	254804	268480	312119	320680	375422	447778	392648	524294	590831	507176	810740	545375	868353	814290	864451	1046453	875662	1298425	1065251	1222155	1421839	1340801	1442707	1831213	1898939	2148672	2362932	3312326	3444849	5462759	12657479	35796781	4891146	0	0	0	0.6709
21	23559530	21623825	19778815	26775344	1136	1136	0	0	0	90832	236927	268467	280837	324016	332183	384000	455878	400363	530245	596751	512285	811370	549658	866088	816754	860438	1047346	876224	1295331	1069927	1222201	1423125	1341815	1442407	1827331	1893761	2146334	2366031	3299146	3451083	5470047	12648215	35609965	4990133	0	0	0	0.6752
22	23515009	21516770	19809586	26570513	326772	326772	0	0	0	108717	272751	296052	303682	342908	345563	396313	467203	406448	537023	600308	513916	810816	550672	864680	814992	855717	1042616	870881	1283096	1065888	1211175	1409200	1333585	1433745	1816054	1882382	2139212	2357730	3273703	3444227	5447257	12578254	35303194	5031918	0	0	0	1.0707
23	23699807	21454991	19882026	26696657	5169	5169	0	0	0	101229	259387	289801	301840	345325	350425	402533	475333	413884	548247	611281	524558	823973	560577	878816	826738	867495	1055341	883955	1295393	1078130	1225926	1423528	1349243	1448523	1831617	1898305	2156009	2379885	3293646	3472235	5488398	12604643	35186431	5080831	0	0	0	0.7163
24	23567067	21591679	19903205	26597503	79196	79196	0	0	0	106188	272042	296733	306436	348292	352005	404235	473082	417502	544099	607488	529534	812025	570151	867475	827606	861873	1049852	885363	1283293	1080785	1221405	1418406	1344282	1454380	1824723	1888963	2155793	2384411	3276379	3474123	5481127	12585089	35074860	5179454	0	0	0	0.8066
25	23698092	21561538	19978617	26499259	1144	1144	0	0	0	101989	264127	292410	303070	344574	349693	403787	474906	415766	544469	609532	528121	817577	568309	876287	830884	862902	1056047	885668	1289487	1085039	1223286	1421139	1350379	1451613	1830059	1896826	2152970	2385317	3283950	3479983	5488356	12600326	35077330	5191328	0	0	0	0.7147
26	23663333	21450607	19986025	26524879	113806	113806	0	0	0	107769	277598	305236	313981	355722	357660	410059	481936	419313	550921	611958	531454	818477	568739	876092	829846	862530	1050597	885275	1285875	1083629	1217298	1418328	1345977	1446375	1823580	1892187	2152567	2381895	3274320	3477749	5486133	12583033	34917223	5223512	0	0	0	0.8555
27	23428601	21566506	19905637	26437045	400861	400861	0	0	0	118596	300000	319314	325204	363439	363926	415569	487453	421984	554525	615056	533041	818579	569647	874608	831396	859538	1050339	882873	1282168	1082703	1214765	1416108	1344174	1440645	1817539	1882787	2146659	2373791	3263242	3469275	5460151	12518958	34677746	5241991	0	0	0	1.1907
28	23532836	21548576	19971644	26347207	338387	338387	0	0	0	121402	298962	322659	329259	367192	369491	422048	491844	429705	556776	620469	543099	819204	582262	876868	838296	865834	1052632	891885	1279626	1089965	1224843	1420750	1350309	1455831	1825186	1888888	2156722	2390010	3261868	3479647	5481137	12496222	34500920	5298452	0	0	0	1.1297
29	23616206	21524911	20042968	26531940	22625	22625	0	0	0	138622	309565	333390	337470	377255	377630	431116	501095	436576	567961	626608	548722	829346	587043	885673	846543	869172	1062075	898192	1286121	1097813	1225907	1424318	1357855	1459315	1828932	1892984	2166302	2400036	3270255	3492540	5490270	12519330	34486753	5353240	0	0	0	0.8085
30	23528023	21587858	19970960	26413170	238639	238639	0	0	0	141168	318783	342088	343618	382520	379348	431814	501662	435740	568200	627403	546158	828956	583738	884788	846419	865182	1058450	892058	1282144	1097131	1218634	1417602	1355124	1452499	1822270	1887021	2159284	2391924	3258004	3491162	5485426	12494387	34342249	5367057	0	0	0	1.0528
31	23665277	21585342	20154560	26286722	46749	46749	0	0	0	136105	338088	358317	360553	397819	394897	448288	517776	449659	580666	640172	558407	835225	598611	893183	854444	869574	1066857	902398	1285727	1108092	1227942	1427380	1364570	1465845	1828678	1895977	2168952	2411588	3262715	3520927	5512733	12498957	34073875	5436904	0	0	0	0.8679
32	23679465	21547557	20113948	26363858	33822	33822	0	0	0	129292	328920	348832	351795	389584	387868	438923	508763	442497	575246	632144	555755	827078	593135	885277	850301	866353	1059231	900895	1282049	1104916	1222854	1423442	1362838	1461642	1829214	1890398	2170730	2411542	3263319	3511311	5500911	12511526	34216130	5470117	0	0	0	0.8371
33	23610670	21668085	20109332	26315921	34642	34642	0	0	0	138376	347745	365538	365772	404011	399001	449972	519003	452911	582190	640378	564100	831949	604594	889968	855503	870489	1062972	906562	1281261	1110118	1226025	1426028	1364893	1468649	1831455	1894199	2170613	2416203	3258345	3517130	5505274	12482884	33979171	5520726	0	0	0	0.8646
34	23555869	21568355	20149909	26147457	317060	317060	0	0	0	158077	386532	399417	392294	425461	417574	469346	537638	467815	596517	652309	578808	842229	616591	901094	866738	874223	1071168	914424	1282932	1120120	1231415	1428582	1372698	1473994	1829262	1895994	2176233	2420513	3244057	3529547	5504434	12379573	33413849	5550132	0	0	0	1.2232
35	23554982	21603868	20156466	26255561	167773	167773	0	0	0	156249	384728	397662	393300	427579	418092	470718	536749	466810	597881	652823	577374	841585	614580	900601	869038	874769	1069576	913412	1282082	1119162	1228864	1431293	1372412	1470918	1832475	1895676	2181037	2427817	3248398	3543553	5522858	12413992	33438448	5598366	0	0	0	1.0593
36	23550020	21709260	20174677	26284257	20436	20436	0	0	0	156987	388313	398709	394731	429439	420405	472482	540704	468699	598162	654676	579046	839187	618675	900077	870574	873435	1070566	916464	1280660	1125471	1228924	1432124	1374735	1477606	1835568	1898868	2182139	2432644	3250326	3541224	5518209	12427510	33449165	5671710	0	0	0	0.9024
37	23587488	21724498	20268021	26155659	2984	2984	0	0	0	162407	401908	410871	405554	438451	428076	478040	546000	475455	603483	659443	586261	844196	627180	904682	874153	878935	1074704	922519	1282735	1130154	1235041	1433775	1380674	1482667	1838516	1899974	2188309	2439556	3250866	3545915	5522600	12399043	33323345	5660178	0	0	0	0.9016
38	23534990	21672156	20228468	26260248	42788	42788	0	0	0	166187	410476	419876	411888	445510	434097	484943	553450	481835	609153	665130	592141	851192	630958	910938	881923	883573	1081568	925772	1288194	1137478	1238090	1439110	1386725	1486174	1845031	1906107	2196456	2451489	3253173	3567032	5546490	12378461	33049984	5685258	0	0	0	0.9588
39	23438932	21703287	20197635	26205535	193261	193261	0	0	0	167965	417125	426224	417402	450475	434406	488477	557156	476965	610701	668076	587428	853193	623948	910367	880357	876636	1078671	921616	1285852	1134588	1230175	1431864	1383325	1475230	1838753	1901083	2186006	2444231	3254502	3565671	5539186	12356379	32994170	5677186	0	0	0	1.1297
40	23475880	21751322	20322793	26134085	54570	54570	0	0	0	175129	435920	440377	429122	459425	445602	494986	562748	486767	616222	668051	596388	847780	636016	908391	881017	879796	1076698	927690	1279297	1138012	1234950	1432180	1387126	1487735	1837177	1902369	2194368	2454582	3243741	3566671	5531434	12347267	32916837	5762209	0	0	0	1.0003
41	23407462	21671408	20261167	26165976	232637	232637	0	0	0	189640	460500	462774	447233	476864	456426	508986	577895	494403	627907	681708	603861	862028	639837	918860	888388	881720	1083707	928321	1287630	1142882	1231976	1435601	1388954	1481501	1838062	1898654	2189275	2453504	3242614	3559744	5528274	12294261	32618958	5723065	0	0	0	1.2294
42	23397949	21827216	20258261	26214306	40918	40918	0	0	0	183871	457484	463022	447243	477742	459145	510888	575592	495477	627853	680574	607078	860240	642983	920677	891549	884617	1083660	934921	1286012	1148000	1238742	1439571	1397298	1490010	1845069	1909041	2201559	2461243	3255630	3584275	5549050	12311356	32595002	5781258	0	0	0	1.0179
43	23356056	21761830	20300502	26114021	206241	206241	0	0	0	193256	479629	478689	462113	489330	467332	520214	586761	504417	636944	689113	616016	865071	650202	923255	896170	887108	1083746	938606	1285033	1151827	1239071	1440866	1397796	1493911	1846536	1906220	2204782	2467954	3245580	3587596	5546930	12257890	32296000	5796445	0	0	0	1.2247
44	23331141	21739439	20310479	26196092	161499	161499	0	0	0	209668	516986	511311	488525	514501	489123	538869	603651	521796	649167	701196	630743	873727	665062	932987	906575	895803	1094713	951218	1288577	1166081	1250870	1447530	1408455	1509013	1854309	1913293	2216062	2487918	3245440	3605393	5566931	12210270	31886307	5825081	0	0	0	1.2256
45	23222024	21907253	20327296	26265093	16984	16984	0	0	0	245855	548444	542276	514462	537838	509652	563142	626923	536373	675349	723767	649547	897304	682973	956569	931834	911809	1115701	968109	1310585	1189255	1267134	1470084	1433404	1526405	1879752	1938954	2244058	2517812	3268955	3657831	5619872	12139486	31370980	5749172	0	0	0	1.1270
46	23289316	21864092	20382185	26065983	137074	137074	0	0	0	225715	555867	547365	520646	541389	511401	563526	628550	536307	672773	722842	644958	894537	677669	952784	925555	905278	1108891	960108	1303816	1181593	1258211	1462540	1425909	1519764	1872467	1931747	2238746	2515762	3270702	3651449	5605465	12132219	31363445	5771580	0	0	0	1.2545
47	23284497	21789955	20335684	26149812	178702	178702	0	0	0	221266	551762	541569	513753	535960	507109	558755	622596	533980	665092	714860	641568	886231	675550	943766	918780	903161	1103407	959060	1294251	1179788	1254849	1456791	1421636	1519139	1868914	1925502	2228581	2504611	3253361	3624143	5568388	12136848	31466662	5858259	0	0	0	1.2891
48	23094785	21886941	20306887	26106982	343055	343055	0	0	0	232156	576595	562836	531107	550206	518315	567425	631264	540989	672373	720617	648160	887972	681318	946989	920507	904356	1104334	962690	1295532	1181171	1257171	1453327	1422857	1516311	1861026	1923444	2227752	2502133	3245250	3612574	5546328	12083229	31260006	5847275	0	0	0	1.4984
49	23268427	21913268	20455139	26039863	61953	61953	0	0	0	237825	590440	578888	544242	564069	528650	580358	644702	548590	684029	731478	658605	897742	689897	958275	935440	911075	1113519	972008	1301391	1196746	1266447	1467165	1439931	1526553	1878478	1938681	2248019	2526221	3267931	3655821	5594566	12080795	31052386	5865734	0	0	0	1.2162
50	23185103	21790699	20397316	26030382	335150	335150	0	0	0	267640	657509	642222	597749	614658	566998	622426	691692	577559	725888	773960	682011	944465	709527	1000193	965916	934889	1144766	994108	1338593	1228883	1282660	1498624	1472437	1556456	1917380	1983970	2293421	2586263	3307729	3750748	5697061	11879091	29628782	5867226	0	0	0	1.6127
