#Name	E:\SaveData\2016-10-13_16_03_13_1001160050_R0039_A_CL100009724_BGI12084_WESPE_result\\CL100009724\L01\CL100009724_L01_30_1.fq
#PhredQual	33
#ReadNum	91738650
#row_readLen	50
#col	48
#BaseNum	4586932500
#N_Count	3893820	0.084889
#GC%	44.85
#Q10%	99.03
#Q20%	96.13
#Q30%	87.43
#EstErr%	0.446493
#Pos	A	C	G	T	N	0	1	2	3	4	5	6	7	8	9	10	11	12	13	14	15	16	17	18	19	20	21	22	23	24	25	26	27	28	29	30	31	32	33	34	35	36	37	38	39	40	41	Err%
1	31511417	20658367	21172883	18393246	2737	2737	0	0	0	1994	23543	39610	36492	35982	35523	38169	40736	39965	47173	53029	55885	72933	74381	87248	104025	163611	201251	216377	271199	344291	395558	464735	593933	619022	905513	998183	1290608	1354120	1476240	1337732	2504645	8506298	59060538	10245371	0	0	0	0.1022
2	27163310	16702006	22764652	25101934	6748	6748	0	0	0	9087	25781	36174	33563	34447	35287	38968	42731	44739	53736	61902	69644	92987	94967	110318	142358	213987	261999	284436	354387	435763	497939	577914	690854	716626	986520	1075581	1355361	1500017	1815155	1757129	3189286	9818752	56430476	8843031	0	0	0	0.1162
3	26084383	20396630	19309729	25907920	39988	39988	0	0	0	16645	24241	35130	33644	34762	36705	41711	46063	47905	59337	67111	77209	103184	104388	119846	159046	232805	285260	305072	383506	465568	529756	610365	725309	748473	1020273	1100665	1370498	1508939	1849635	1813183	3270369	9932159	55846203	8693697	0	0	0	0.1588
4	26658339	19939997	19776280	25260259	103775	103775	0	0	0	3056	23716	32289	31674	32210	32575	36941	41259	42506	52447	60436	68709	93009	95061	109842	147485	223724	275433	297517	373208	455095	520311	600489	713474	737087	1004549	1084279	1358075	1511955	1871471	1858916	3353695	10139206	55617852	8735324	0	0	0	0.2166
5	26485970	19548091	20729839	24967319	7431	7431	0	0	0	3370	19010	27751	27521	28875	30693	35251	40065	42686	53429	61457	71949	97485	100032	116159	156573	235394	288500	310988	391779	472473	538858	624512	731550	759266	1028453	1106465	1382462	1546144	1938230	1934273	3475027	10345730	55268665	8440144	0	0	0	0.1084
6	26072630	19889070	20378410	25392624	5916	5916	0	0	0	2522	17902	25642	25611	27196	29202	33658	38661	41578	53085	61063	71745	98151	100337	116386	159766	241779	297965	317726	404302	482310	551478	636361	739317	770055	1038001	1117339	1391333	1560950	1984464	1980378	3572953	10540038	55045920	8157560	0	0	0	0.1046
7	26663079	19359991	20938046	24668154	109380	109380	0	0	0	3129	23041	29331	28730	30161	31912	36514	41494	44499	56707	64730	75414	102805	103959	121386	164771	245385	303935	322642	410577	484862	557406	642553	741852	776537	1042829	1123664	1401252	1580861	2028417	2050790	3683664	10717211	54436208	8120042	0	0	0	0.2239
8	25904432	20256144	19786115	25791591	368	368	0	0	0	1167	17075	23993	24102	25732	28207	33355	38552	41457	53600	62108	73372	102174	103105	121100	168949	252568	312099	327725	423560	494790	567686	655062	750308	784005	1049997	1130222	1401861	1577896	2053423	2067988	3733374	10839356	54518463	7879851	0	0	0	0.0977
9	25803446	19937916	20151281	25844376	1631	1631	0	0	0	1420	17958	24672	25299	27299	29871	34927	41308	44145	57204	65860	77179	107262	108849	127890	174651	261353	322336	339190	435457	501885	579074	667727	755676	796744	1060592	1142982	1417667	1610770	2108183	2150064	3857007	11034308	53845242	7884968	0	0	0	0.1026
10	26188997	19722246	20539938	25277291	10178	10178	0	0	0	1881	18968	26041	26621	29333	31650	38323	43832	46679	61322	71036	81877	116035	114088	136553	185970	271054	337442	348971	452675	512649	590766	683719	766925	809534	1074735	1156078	1431983	1629768	2150134	2200603	3945282	11177457	53380764	7777724	0	0	0	0.1163
11	26338365	19696888	20571056	25131497	844	844	0	0	0	2272	20824	27624	28748	31493	34274	40894	47918	50744	66197	76605	87514	123857	121210	145829	195878	282370	349941	360273	466583	523707	604917	697096	775701	825439	1088981	1173112	1452356	1662036	2197601	2279975	4055671	11334938	52738563	7766665	0	0	0	0.1115
12	26254047	19899372	20573986	25006933	4312	4312	0	0	0	2952	21350	28276	29630	32795	36266	43106	50638	52947	69926	80394	91700	130480	125937	152782	203657	292409	362607	369059	481822	533806	615931	707567	782392	833304	1099150	1185762	1463178	1669827	2230045	2310113	4116003	11438305	52445903	7644319	0	0	0	0.1188
13	26302096	19784804	20645798	24873042	132910	132910	0	0	0	4233	27590	33995	34876	37768	41303	48408	57398	59446	77616	88847	100256	142383	135256	165655	216022	306592	379192	381260	501324	546243	633025	726746	794421	851280	1114396	1199188	1475531	1690148	2266489	2364808	4197337	11537868	51801701	7567139	0	0	0	0.2703
14	26193146	19813360	20668861	24933040	130243	130243	0	0	0	4901	27646	35069	36884	41008	45178	53518	62942	64931	85422	97928	107241	155042	143294	180392	229704	318730	395257	392436	521550	559870	646994	742915	806464	862670	1132226	1215251	1490971	1706658	2297782	2395914	4258254	11637817	51430761	7424787	0	0	0	0.2737
15	26184001	19990929	20693352	24864048	6320	6320	0	0	0	6657	32003	39911	41390	45232	49712	59023	68001	69442	91366	104243	113963	162851	150857	188649	238457	330303	408981	404160	534635	570107	661719	758019	818122	880950	1147859	1234671	1512270	1733339	2339961	2458175	4346922	11753554	50997320	7379506	0	0	0	0.1480
16	26230961	19910416	20769412	24819598	8263	8263	0	0	0	11624	47754	58455	59685	65656	69836	81735	94529	95091	121009	139196	146271	208057	188992	238476	287767	330939	409995	407848	536858	571876	662432	759379	816867	887431	1148067	1237426	1519898	1751164	2366525	2510137	4419511	11853973	50200047	7425881	0	0	0	0.1875
17	26131217	19934644	20856887	24765646	50256	50256	0	0	0	14018	50747	61468	62540	69158	73817	86124	100182	99771	128308	146198	152994	219893	194247	250007	298741	343788	424068	417297	556067	581737	674221	772654	825085	897354	1162373	1248677	1527205	1754073	2390272	2535369	4464480	11918189	49932998	7254274	0	0	0	0.2415
18	25965147	20013004	20823004	24637097	300398	300398	0	0	0	21403	64925	73949	72601	79202	83221	95426	109773	107917	137067	155882	160497	230335	201718	260184	307872	350591	436440	424957	567420	588473	681024	784497	829771	902184	1169417	1259557	1538053	1768555	2414863	2563021	4509462	11952680	49402673	7132642	0	0	0	0.5356
19	26112481	19973402	21000212	24635100	17455	17455	0	0	0	23964	68442	77702	78156	85205	88994	102597	118144	115790	145370	165645	169876	242189	211792	273729	321279	363727	451407	437503	584042	605113	699528	802206	844461	923195	1189447	1277805	1563859	1798894	2459143	2624106	4589036	12084184	48949331	7185334	0	0	0	0.2386
20	26068496	19944989	20988711	24628080	108374	108374	0	0	0	28208	82965	91668	89212	96206	98760	112272	127973	125829	157950	178857	181695	257758	226678	291337	338760	380625	470238	454180	603347	619001	718848	821316	861055	946304	1212209	1302031	1592422	1832113	2496025	2685817	4670040	12144833	48172121	7161623	0	0	0	0.3604
21	25970523	19977939	20945065	24482885	362238	362238	0	0	0	32913	84236	92192	90023	97975	101856	115728	132898	129069	162920	184515	186450	267331	230254	300203	345563	386976	478640	459207	614523	625035	725246	830728	865906	954905	1219363	1311639	1593943	1841601	2517767	2710958	4706605	12179319	47748591	7051334	0	0	0	0.6433
22	26021211	19957739	21096181	24428769	234750	234750	0	0	0	35868	88352	97740	96429	104544	107890	124058	141584	137752	172825	195838	197182	279532	242688	314361	359445	402197	494733	475187	633344	640484	743731	850078	882473	975305	1242091	1335112	1621930	1874198	2559561	2768127	4783231	12272595	47198531	7054904	0	0	0	0.5174
23	26144638	19969613	21172459	24449456	2484	2484	0	0	0	38135	93253	102655	101965	112108	115220	132127	151620	147028	184602	208285	209023	295356	256190	331228	377616	417718	515074	492507	655183	659164	763883	873290	901905	1002514	1266823	1360409	1657890	1912894	2599457	2838132	4870114	12370406	46646280	7076112	0	0	0	0.2780
24	26017273	20152758	21167543	24395864	5212	5212	0	0	0	42181	97132	107012	106474	116502	120353	137628	157353	151897	191681	216062	214679	307397	262885	343807	387603	428933	528234	498854	671051	666409	774556	885099	908520	1009146	1282898	1373022	1665704	1920570	2626049	2860416	4912874	12422435	46382007	6956015	0	0	0	0.2914
25	26095578	20110359	21204599	24291785	36329	36329	0	0	0	46556	103933	113693	112855	123787	128116	145101	167623	159871	201581	226958	223719	322101	271744	358757	400202	442192	546574	510539	689882	677132	786102	899585	920079	1022574	1294328	1388423	1678476	1931878	2651187	2887877	4956827	12462696	45948176	6901197	0	0	0	0.3404
26	26107690	20053719	21217162	24356367	3712	3712	0	0	0	51262	111577	121793	119264	130305	135418	152482	176149	168055	211086	237879	232609	335590	281086	372571	411911	454279	557871	523516	706757	692492	802774	916276	934041	1039461	1314419	1409053	1703578	1960213	2684093	2940395	5021311	12525801	45417772	6881799	0	0	0	0.3203
27	25924482	20187499	21164056	24286043	176570	176570	0	0	0	59927	127695	134601	132593	143150	146248	165173	188912	178584	222919	250359	245709	347065	294511	386496	427016	465413	572279	537648	719074	705287	815016	930757	947861	1061542	1329841	1425252	1721883	1988374	2707889	2977476	5053734	12535612	44698675	6917509	0	0	0	0.5347
28	26015296	20166430	21289995	24220894	46035	46035	0	0	0	63432	129544	137143	134109	146040	149309	169322	194263	183383	230236	259340	250456	360066	300089	398139	435579	477670	587625	546113	737277	715067	827414	946895	956362	1070743	1347346	1440076	1738127	2001293	2736546	3012942	5115055	12599980	44456144	6839490	0	0	0	0.4001
29	26045445	20047534	21247594	24274402	123675	123675	0	0	0	71751	146249	151875	148220	159822	163327	183174	207929	196355	243986	272990	264928	374916	314443	415687	454269	492282	603750	562222	755539	728518	844639	966444	971462	1093558	1365552	1459164	1758980	2028509	2763266	3052868	5161315	12629797	43793126	6814063	0	0	0	0.5130
30	25947827	20211643	21288077	24285681	5422	5422	0	0	0	72626	145584	153513	149910	163424	164899	186763	212511	201548	250664	280283	273286	385913	323776	427637	464547	503386	618619	574057	770380	741101	860064	979364	987615	1111672	1386033	1480826	1784797	2060001	2802467	3097671	5215684	12679233	43423837	6799537	0	0	0	0.3896
31	25991478	20138510	21404497	24114648	89517	89517	0	0	0	79829	157610	164072	158825	172755	175270	197063	224678	211678	262563	292935	284520	400262	336585	442582	480139	516770	635860	586163	787317	757235	876137	996240	1002815	1130245	1404895	1503148	1806341	2079605	2828535	3132301	5259255	12688328	42840833	6775744	0	0	0	0.5027
32	25984751	20051304	21336172	24122492	243931	243931	0	0	0	88214	173255	177787	171701	185064	186846	209635	238033	223389	276587	306776	295280	417797	347957	460189	494796	530775	651815	600129	808319	771761	889662	1011705	1014140	1144424	1421174	1517732	1823567	2095627	2846752	3161181	5288297	12688999	42244615	6730739	0	0	0	0.6973
33	25909132	20183117	21339378	24090199	216824	216824	0	0	0	93171	177910	183359	177226	191516	193095	216673	247273	230063	285678	318468	303191	430365	354330	474623	505244	542423	665050	607661	823644	778058	900128	1026824	1021357	1151296	1433106	1529201	1832947	2105113	2865297	3177757	5306810	12711436	42017642	6643891	0	0	0	0.6809
34	25999672	20170490	21484018	24078038	6432	6432	0	0	0	99179	193061	196306	189864	205008	205332	229551	261020	243722	300334	332610	319938	447135	372661	493213	525002	559423	682914	628530	843231	800625	922090	1050080	1046206	1182366	1460912	1560252	1868098	2147068	2904172	3239046	5376487	12758308	41393102	6695372	0	0	0	0.4777
35	25905803	20189339	21428704	24156130	58674	58674	0	0	0	104682	198283	200619	192707	208463	209656	234902	266319	247181	306066	340041	324324	457770	378418	503117	533958	568061	697571	636144	857195	808509	931560	1061099	1054261	1194573	1474747	1570022	1880773	2161072	2928596	3263819	5405505	12776224	41051551	6652188	0	0	0	0.5450
36	25888492	20252546	21433201	24158460	5951	5951	0	0	0	110807	209170	209150	202373	217645	219043	244112	276565	257238	317068	351182	336659	471205	390216	517623	548294	581835	711447	648891	872358	823047	947557	1079540	1069742	1210859	1494762	1592930	1906145	2185124	2951158	3302783	5450563	12795697	40596968	6632943	0	0	0	0.5072
37	25908086	20229906	21519440	24029482	51736	51736	0	0	0	116373	210921	213383	206950	222559	222615	250082	284195	261674	324711	360771	341755	486117	393704	529366	557300	590546	724237	654632	890945	832065	954193	1093043	1076162	1217870	1507364	1604495	1915016	2193209	2977840	3319948	5486136	12808819	40330354	6527564	0	0	0	0.5675
38	25890581	20205836	21511324	24103511	27398	27398	0	0	0	123839	222523	223996	216611	232225	232432	259985	295758	270076	337362	373154	349865	501503	402744	545431	569005	605014	737331	665193	908491	841615	967653	1106910	1087477	1231295	1521315	1620724	1928317	2207671	2999443	3336111	5509542	12823316	39999438	6457887	0	0	0	0.5621
39	25833142	20295463	21517958	24086089	5998	5998	0	0	0	130946	241807	239550	229323	245062	243511	271761	306553	283259	349575	384770	366442	510001	421880	559290	586066	615845	755090	685087	919748	862377	986749	1126917	1111118	1260165	1545515	1641839	1956690	2244215	3015633	3381502	5545703	12813571	39345352	6549740	0	0	0	0.5660
40	25860803	20251550	21591711	23974209	60377	60377	0	0	0	140142	256358	253095	241534	258627	255319	283705	320342	293723	362033	397729	379376	524100	435674	574726	601052	631438	770118	698889	936760	875988	1003135	1140472	1126348	1278780	1564967	1657882	1978153	2266606	3036714	3408915	5569193	12805353	38817254	6533773	0	0	0	0.6514
41	25852116	20203176	21565666	24010852	106840	106840	0	0	0	146376	266822	261773	249613	266010	261819	291900	331058	302099	372093	409069	387962	538461	441558	589187	613658	641048	785347	707725	952876	888568	1013935	1153814	1136137	1289757	1576435	1674076	1994885	2282248	3061237	3434437	5587181	12799600	38445694	6477352	0	0	0	0.7199
42	25788136	20331505	21577317	24029955	11737	11737	0	0	0	155958	285931	278912	265157	280538	276117	306506	342918	314643	385922	422596	403569	553708	458739	604375	628347	653805	797588	726665	966789	906368	1033461	1173180	1155067	1311051	1596679	1693262	2016287	2311075	3079499	3468995	5615666	12794816	37942423	6520301	0	0	0	0.6469
43	25809234	20289500	21645202	23967271	27443	27443	0	0	0	163508	295278	285795	270869	289005	283606	315874	353207	321701	397549	432308	410883	568015	464023	618818	639610	664939	812365	732709	983171	912248	1040500	1183583	1162646	1318858	1610065	1702207	2029059	2318314	3096505	3482076	5640308	12789119	37673277	6449209	0	0	0	0.6812
44	25812594	20274574	21617507	24026409	7566	7566	0	0	0	170905	305905	296847	280679	298943	292180	324538	364550	329981	407561	447140	420655	583410	473545	636907	655483	679152	829364	743948	1003410	926936	1055209	1200826	1177493	1333036	1629479	1724426	2046537	2335637	3120312	3510324	5676687	12778427	37263457	6407195	0	0	0	0.6804
45	25689427	20341210	21577275	23949293	181445	181445	0	0	0	187568	345606	327781	305837	323028	313417	345115	383795	347760	423907	461245	438116	595212	493816	649736	671842	689739	839148	761620	1012695	945120	1071595	1214707	1192003	1352638	1645426	1734247	2065315	2360797	3121303	3525504	5663929	12714126	36590032	6443480	0	0	0	0.9208
46	25766415	20348434	21728495	23890165	5141	5141	0	0	0	190083	354688	336348	316172	332603	322200	355132	395384	357448	436774	474906	453150	612135	509582	667845	687945	708127	859392	781809	1029939	964865	1091578	1235788	1217161	1378659	1668503	1759459	2091331	2390705	3149513	3558439	5695534	12710821	36216445	6423046	0	0	0	0.7472
47	25720215	20289107	21679142	23923934	126252	126252	0	0	0	199919	366414	347797	325493	341099	329961	365140	406104	367129	449398	488281	459409	627491	515096	683541	697801	717732	874592	787693	1047246	970754	1097094	1248057	1222995	1382431	1680603	1772415	2100204	2398798	3164277	3573248	5711653	12689806	35840177	6362550	0	0	0	0.9008
48	25588275	20363324	21626149	23873714	287188	287188	0	0	0	216734	399648	374113	348341	363760	348153	383241	425429	379684	465319	504061	473175	642937	526133	697678	712498	729448	886911	798925	1061257	983798	1111061	1260396	1234382	1394662	1693562	1778613	2110788	2405773	3169152	3585364	5711111	12623820	35326542	6324993	0	0	0	1.1217
49	25726394	20323083	21717626	23756649	214898	214898	0	0	0	231198	421055	393259	362517	378744	361920	396716	439659	392518	479339	519109	487188	658744	541337	715567	730400	744156	904585	812794	1078435	1000133	1127851	1278065	1253334	1413703	1715330	1799182	2134235	2427931	3188269	3617607	5746587	12608572	34863360	6300353	0	0	0	1.0769
50	25742378	20269365	21731917	23880472	114518	114518	0	0	0	241183	439955	414788	382431	401331	382250	420135	468616	413389	507676	548960	511682	697164	562309	755109	762792	774780	941259	842927	1121782	1034051	1156878	1313702	1287878	1444458	1752727	1841102	2175205	2476443	3240883	3697896	5845941	12553933	33764987	6447530	0	0	0	1.0097
