#Name	E:\SaveData\2016-10-13_16_03_13_1001160050_R0039_A_CL100009724_BGI12084_WESPE_result\\CL100009724\L01\CL100009724_L01_29_1.fq
#PhredQual	33
#ReadNum	93210339
#row_readLen	50
#col	48
#BaseNum	4660516950
#N_Count	3915842	0.084022
#GC%	45.93
#Q10%	98.93
#Q20%	95.74
#Q30%	86.53
#EstErr%	0.481809
#Pos	A	C	G	T	N	0	1	2	3	4	5	6	7	8	9	10	11	12	13	14	15	16	17	18	19	20	21	22	23	24	25	26	27	28	29	30	31	32	33	34	35	36	37	38	39	40	41	Err%
1	31520842	21026751	22006940	18653202	2604	2604	0	0	0	1783	23320	39397	36439	36056	35549	38330	40468	40128	46676	53102	55748	73888	74925	87223	104984	167109	204409	223071	277745	352507	403145	473867	600809	624038	911783	1009843	1310884	1383769	1515789	1389031	2613289	8754100	59863796	10340735	0	0	0	0.1009
2	27199150	17262837	23593381	25148234	6737	6737	0	0	0	8950	26388	37063	34905	35560	36874	40278	44695	47032	56511	65181	72783	97737	99789	115224	149834	224478	276046	295980	371684	454213	516952	598233	710825	737224	1011848	1100578	1391402	1547943	1879965	1843557	3350092	10077075	56966242	8880461	0	0	0	0.1178
3	26114704	20947540	20346922	25761243	39930	39930	0	0	0	17214	25444	37014	35304	36761	38859	44329	48176	50901	63315	71382	81702	110445	109441	127388	169369	245986	301285	321254	404058	484840	550455	636034	746869	771301	1049504	1129512	1408717	1556624	1919710	1910900	3434492	10198790	56321918	8711116	0	0	0	0.1615
4	26715655	20493970	20743778	25155014	101922	101922	0	0	0	3004	25172	34373	32989	34106	35101	39636	43862	45801	56396	64461	73631	99366	101124	117719	157937	237536	293565	315340	395890	476295	544236	627626	736448	765887	1035624	1116967	1395226	1562612	1947478	1966463	3534102	10412093	56091460	8688891	0	0	0	0.2164
5	26554234	20144183	21684685	24819750	7487	7487	0	0	0	3490	20507	29455	29709	31260	33038	38274	42988	46448	58057	66995	77072	105691	107340	124551	167600	250625	308795	329525	417004	494359	565679	651368	759121	790498	1062173	1146559	1423818	1599644	2013543	2047076	3674716	10607650	55707050	8371174	0	0	0	0.1125
6	26169284	20482262	21329558	25222911	6324	6324	0	0	0	2721	19364	28010	27961	29504	31952	36824	42457	44936	57898	66713	77967	106677	107636	126274	172897	257700	318554	336818	431693	506693	579751	666719	769620	801992	1074542	1156352	1438041	1616897	2062641	2097854	3777433	10807077	55447127	8076720	0	0	0	0.1097
7	26786583	19919327	21905855	24488185	110389	110389	0	0	0	3295	25348	31917	31267	32676	34760	40368	46237	48615	62206	70981	81814	112700	111971	132140	179071	264406	326261	344600	439209	511619	586780	677781	772139	812720	1083524	1166233	1449764	1640483	2112256	2177912	3891855	10995340	54798844	8002858	0	0	0	0.2286
8	26052452	20816819	20803708	25537010	350	350	0	0	0	1227	18615	25814	26179	28471	31070	36968	42030	45416	59350	68430	80332	112248	111679	132060	182736	271844	335195	351331	453779	522426	599772	690908	780460	818985	1092903	1176174	1451845	1638371	2140139	2198490	3949503	11108723	54871162	7755354	0	0	0	0.1028
9	25950855	20519393	21173358	25565102	1631	1631	0	0	0	1590	20085	27530	27772	30359	32831	39622	45818	48667	63627	72497	85475	119796	118705	140673	191578	282324	349867	362399	469397	533602	612761	705427	791337	835634	1108350	1193095	1475478	1678136	2196852	2288718	4088015	11296655	54147261	7726775	0	0	0	0.1088
10	26337290	20264922	21572132	25026060	9935	9935	0	0	0	2006	21397	28612	29412	32186	35576	42409	49493	52484	68611	78832	90876	129146	125923	150600	203652	294971	365275	374893	487998	545863	626963	723212	804051	850095	1124724	1211119	1490356	1701440	2245397	2348605	4181460	11444162	53641816	7596789	0	0	0	0.1227
11	26487833	20247491	21582422	24891772	821	821	0	0	0	2635	23151	30433	31806	35142	38781	46304	53885	56991	74824	85578	97861	137544	133451	161957	214319	307037	381253	388262	505210	559109	644181	740605	815643	870707	1145713	1230010	1515479	1733984	2300719	2428387	4300153	11595794	52956130	7566480	0	0	0	0.1192
12	26364605	20451294	21615972	24774351	4117	4117	0	0	0	3228	23883	31518	32831	36418	40560	48369	56515	59253	78628	90724	101654	145284	139191	168653	223444	318666	393717	396982	523089	568822	657100	753656	824060	883417	1155882	1243305	1529536	1746179	2332676	2466773	4364264	11691806	52647763	7428376	0	0	0	0.1265
13	26429477	20310991	21742803	24594523	132545	132545	0	0	0	4742	30474	37239	38474	42266	46020	55210	64236	66288	87014	99505	111012	159028	148371	184178	238074	334250	413951	412048	545169	583754	673589	776279	836141	900284	1177069	1263037	1546215	1767796	2370292	2519218	4449544	11791204	51969673	7336150	0	0	0	0.2765
14	26315530	20357418	21731095	24676815	129481	129481	0	0	0	5564	31072	39719	41039	46458	50603	60744	71419	73515	96329	110083	119656	173860	157773	199472	252717	348518	432669	424275	566924	599837	690378	794948	851688	915168	1194951	1282795	1563975	1786231	2411014	2565193	4518777	11877689	51542514	7183291	0	0	0	0.2811
15	26294050	20540303	21761036	24608754	6196	6196	0	0	0	7797	35581	43891	46083	50715	55867	66038	76871	78743	101975	117379	126985	183075	166667	209484	263557	362360	445922	438094	584488	610965	707618	810365	863321	935563	1212985	1302990	1587256	1816436	2451586	2624374	4609033	11991146	51093124	7125809	0	0	0	0.1587
16	26383137	20447707	21831700	24539450	8345	8345	0	0	0	13601	53689	65316	66591	74155	79320	92644	106763	107190	137328	156086	164174	233265	208770	266805	318866	361117	450391	441999	585422	614104	709512	814076	866031	944714	1214723	1307034	1596049	1840197	2473751	2681824	4689543	12058983	50256966	7150995	0	0	0	0.2031
17	26261921	20489996	21909178	24499435	49809	49809	0	0	0	16138	57291	69076	70426	78235	83118	97388	113965	112880	144874	165541	170709	246557	216248	278981	330061	376746	465798	452278	607224	624943	725964	830993	875769	954684	1232216	1322489	1606455	1843684	2505361	2703616	4733412	12122308	49953798	6971304	0	0	0	0.2571
18	26092763	20576744	21875953	24358548	306331	306331	0	0	0	23487	72179	82093	81740	89103	93577	107735	123902	120980	155480	175442	179151	257258	223536	290641	340673	387239	476828	460328	620035	632986	732846	843404	880384	960143	1242362	1333725	1617886	1855356	2530831	2735117	4778900	12161868	49399286	6837507	0	0	0	0.5546
19	26252150	20539121	22071147	24330235	17686	17686	0	0	0	26685	76459	86745	87833	95845	99908	115950	133121	130319	165373	187668	189292	273108	235260	307964	356051	401292	496034	474960	637714	648338	752650	860513	898171	985451	1263767	1355324	1645253	1893696	2575908	2799171	4867392	12275501	48913321	6880616	0	0	0	0.2581
20	26183543	20534935	22028511	24353809	109541	109541	0	0	0	31840	91444	101961	99733	108328	111690	126695	145737	142033	177777	201978	204685	290347	251012	325715	374045	418423	515380	493181	660828	667337	772678	884494	916480	1009156	1288464	1380981	1674330	1927362	2618980	2868070	4943933	12327179	48099342	6849180	0	0	0	0.3814
21	26055245	20590423	22005992	24197903	360776	360776	0	0	0	36901	93361	102175	101227	111310	114699	131241	150757	145075	183852	208459	208512	300868	255123	335795	383037	427212	526990	499410	674686	672694	780975	893378	920289	1019886	1298987	1392136	1683707	1936867	2638280	2892983	4985505	12363739	47649244	6730203	0	0	0	0.6579
22	26128532	20558600	22166095	24116028	241084	241084	0	0	0	40448	99130	109700	108154	118912	121894	140607	160966	155294	195603	220878	219857	315524	270025	352477	400556	442512	546354	517065	694603	691735	800768	916416	938156	1044168	1320460	1416603	1716986	1970086	2684397	2952758	5066334	12436221	47069084	6714524	0	0	0	0.5450
23	26237035	20543254	22247240	24180300	2510	2510	0	0	0	43724	105631	115866	115106	126749	130826	149761	171962	166368	208425	235228	234948	332443	285831	372655	419447	460296	568554	536658	717782	713630	823415	941503	962136	1074197	1353253	1446702	1749364	2014479	2722735	3023226	5151806	12523258	46492042	6717823	0	0	0	0.3053
24	26085616	20730343	22240051	24149058	5271	5271	0	0	0	47532	109654	120247	119926	131251	135886	155898	179715	171853	216166	245627	240678	347085	290860	386720	429969	472768	582708	545877	739662	721191	837920	954773	971134	1081695	1365677	1464246	1763686	2024458	2754988	3051132	5197115	12565168	46183767	6598036	0	0	0	0.3192
25	26187551	20666388	22323165	23997034	36201	36201	0	0	0	53122	117121	128630	126231	140201	145468	164885	190670	180466	228179	257333	250239	364216	300472	401974	444072	489515	600581	558067	758529	732410	850829	971483	982102	1096778	1382992	1477038	1775525	2037650	2781779	3081232	5235271	12604650	45723427	6541001	0	0	0	0.3695
26	26215005	20589574	22313536	24088547	3677	3677	0	0	0	57814	126570	135991	135367	148210	152881	174341	199897	189631	239473	269562	261129	377681	313473	417465	458287	502158	617942	572099	775813	747928	867572	992250	998667	1117501	1406784	1500256	1803040	2068619	2818693	3130860	5304872	12666135	45154170	6503531	0	0	0	0.3519
27	26017370	20747250	22274499	23993579	177641	177641	0	0	0	68107	144284	150787	149010	162537	165693	187944	214202	202284	252574	283804	275965	391928	327513	433847	473947	513688	632763	585270	790352	762335	880810	1006504	1014780	1138598	1422392	1520206	1827057	2098312	2843815	3169667	5336459	12648384	44424646	6532234	0	0	0	0.5671
28	26140773	20693487	22409698	23920761	45620	45620	0	0	0	71718	146373	154169	151969	165871	168612	191690	221168	207865	261072	291741	281087	406067	334344	447567	486419	526438	649150	597149	810676	772836	895632	1023886	1023285	1152365	1441310	1536688	1841852	2118219	2874521	3204359	5397114	12719663	44147512	6444332	0	0	0	0.4342
29	26137168	20603968	22398113	23946276	124814	124814	0	0	0	81302	165851	170194	167177	181500	184133	208048	237530	222371	276948	308133	297300	424124	350343	465861	503213	543032	667176	612983	830031	790442	914223	1043347	1040386	1173261	1459983	1558629	1865841	2140862	2900116	3244045	5434250	12726045	43481303	6415542	0	0	0	0.5506
30	26019635	20783621	22431244	23970308	5531	5531	0	0	0	83336	166265	172597	169380	184834	188348	212622	242322	227457	284217	318062	305017	435987	361666	480043	518201	555536	683012	626186	846615	804209	930268	1059981	1056736	1191980	1482795	1583770	1893213	2171731	2935339	3286602	5493092	12771343	43082168	6399878	0	0	0	0.4300
31	26091953	20703513	22547248	23775950	91675	91675	0	0	0	90180	179372	184564	179810	196867	198695	223950	255888	239581	298701	332068	319546	450673	374112	498345	535349	571928	700790	641820	865819	818769	950003	1080070	1073132	1214634	1507064	1603756	1915789	2199154	2957573	3327335	5536349	12762190	42470010	6364778	0	0	0	0.5457
32	26053881	20626473	22491298	23792056	246631	246631	0	0	0	99818	197185	199525	194078	210452	211724	237785	270711	251599	314099	348261	332970	470494	387614	517271	551029	587080	719530	657259	888350	834994	965022	1099439	1088166	1228394	1520781	1620648	1933650	2214057	2979597	3355820	5558025	12751907	41842205	6324169	0	0	0	0.7409
33	25958619	20769703	22504150	23760584	217283	217283	0	0	0	106494	202286	206135	200751	217428	219465	246377	281516	260128	322558	360406	339589	486895	394637	532470	561171	598855	735490	664778	904852	842415	974952	1110773	1095542	1239534	1536269	1634086	1942629	2223775	3004584	3363973	5581790	12775254	41593261	6231938	0	0	0	0.7246
34	26081850	20751123	22648808	23721978	6580	6580	0	0	0	113795	218887	221471	214580	231707	233419	260995	297293	273511	338258	376430	358607	504171	414252	553089	584842	617397	758572	686783	926013	867212	1001148	1137550	1122877	1271577	1566730	1665583	1984913	2266617	3039808	3428452	5649467	12795581	40950578	6271594	0	0	0	0.5274
35	26004525	20737103	22598939	23810084	59688	59688	0	0	0	120425	225146	225593	218510	238553	238111	266860	302021	279379	347390	384805	364631	516692	420767	564737	593697	629455	768568	694483	942215	876901	1012202	1151657	1134491	1282208	1579924	1679185	1996748	2281842	3065374	3458134	5675350	12809526	40580276	6224795	0	0	0	0.5969
36	25937026	20854920	22636370	23775897	6126	6126	0	0	0	126801	237232	236415	228131	247575	247762	277361	314128	290880	358864	396911	376658	529159	433640	580064	609110	641523	786601	709207	962619	890987	1028131	1170142	1148541	1303635	1600718	1699888	2019870	2305266	3093095	3492864	5719142	12821553	40118693	6201047	0	0	0	0.5603
37	26015314	20780259	22715662	23648077	51027	51027	0	0	0	133626	240566	241694	234240	254306	253374	283536	323272	296031	367518	408009	381583	547523	437082	595173	618311	652252	800590	715359	977738	900050	1036674	1181882	1156450	1307997	1616350	1714536	2032966	2314075	3119988	3516926	5753219	12837917	39809835	6098664	0	0	0	0.6215
38	26001177	20746602	22706115	23728927	27518	27518	0	0	0	141223	252358	253178	245249	264984	263508	294971	336555	305831	382906	423687	392869	564408	447564	613016	633819	667251	817807	726252	997551	909854	1050575	1200372	1170769	1321189	1630607	1732423	2046877	2331180	3143260	3533775	5772562	12829437	39459798	6025156	0	0	0	0.6190
39	25897141	20878650	22735316	23693316	5916	5916	0	0	0	148893	275001	270043	259197	279706	275897	309439	349573	319138	394362	435841	410087	575200	467662	626130	652163	680338	832444	748363	1009552	934934	1071357	1217589	1192056	1353893	1656538	1755718	2078531	2366089	3159772	3575151	5796732	12811246	38811533	6104255	0	0	0	0.6257
40	25955262	20802268	22825753	23567140	59916	59916	0	0	0	160017	293977	285788	274956	293797	289381	323302	363388	331863	409414	448878	424293	590676	484636	645347	666711	696545	849572	763621	1029397	951879	1089914	1236913	1207425	1372501	1675693	1772167	2098744	2390565	3179093	3598909	5821509	12781796	38262384	6085372	0	0	0	0.7141
41	25942297	20756631	22793268	23613016	105127	105127	0	0	0	167133	304963	296775	282234	301662	298407	332468	373857	341834	420855	460934	433500	605443	491213	659467	680794	708756	866534	774265	1046894	962727	1099490	1253369	1220655	1380977	1691748	1788927	2114472	2406102	3200824	3622470	5848562	12767804	37866700	6032397	0	0	0	0.7820
42	25853583	20922997	22812795	23609149	11815	11815	0	0	0	177059	327575	314962	299075	318573	312916	346918	390457	356114	435342	477951	450806	621429	511038	677873	699173	722106	881329	791989	1064305	981450	1118036	1267311	1239520	1406885	1713419	1806696	2140906	2435819	3219308	3652947	5865741	12742665	37372402	6058429	0	0	0	0.7154
43	25917277	20850545	22902222	23512275	28020	28020	0	0	0	186322	335947	324207	307641	329242	320940	358221	402868	362050	447794	488950	459277	639841	514572	693457	709471	736230	896797	801432	1082236	988797	1127147	1283352	1251374	1413615	1726385	1818324	2149157	2441545	3237753	3666455	5885595	12746565	37056964	5991796	0	0	0	0.7524
44	25909821	20821331	22868883	23602623	7681	7681	0	0	0	195212	349159	336594	318897	340508	332092	369592	414247	373170	461466	504643	470538	655992	528049	711666	726537	747557	914690	812771	1103010	1004018	1143598	1300582	1263380	1430535	1745169	1840500	2168583	2459449	3261420	3696783	5912509	12720987	36643648	5945107	0	0	0	0.7548
45	25744648	20939461	22830661	23512511	183058	183058	0	0	0	213699	393060	370927	347969	365541	355041	389280	434682	389499	477854	518952	488166	666237	545974	725419	742472	761638	927991	830998	1111178	1022802	1161621	1313126	1283370	1452685	1759595	1851390	2188796	2480662	3259850	3708300	5901011	12644278	35970509	5972709	0	0	0	0.9973
46	25855638	20939269	22967235	23443091	5106	5106	0	0	0	218171	404565	380690	358303	377910	365895	402619	449136	404385	492217	536293	505873	683781	565613	744685	762366	779873	948363	851180	1132385	1045659	1181128	1337441	1304084	1476418	1785743	1876338	2217083	2513142	3289138	3739278	5924382	12629622	35569071	5952403	0	0	0	0.8288
47	25823323	20864840	22915023	23479978	127175	127175	0	0	0	229379	416076	393109	369116	389767	374381	411958	460923	413217	506239	550669	512838	703551	570040	761968	773909	791466	962783	856984	1150821	1052676	1189238	1350449	1312468	1483044	1797964	1886028	2220957	2517086	3306415	3755896	5942943	12597022	35180711	5891073	0	0	0	0.9831
48	25668025	20957477	22872989	23423690	288158	288158	0	0	0	247438	451545	423518	392568	410784	393009	433522	479713	428402	522700	566125	528041	719398	584022	778698	789554	802775	975306	870732	1162890	1064996	1201086	1362327	1325030	1493811	1807643	1894537	2231970	2526675	3306238	3760273	5936902	12530261	34663543	5856149	0	0	0	1.2035
49	25798022	20896232	22964446	23336314	215325	215325	0	0	0	261928	476048	442587	409267	427498	408799	448418	496597	439592	539177	581568	543909	738720	599340	796079	808112	818930	994443	886746	1184693	1082384	1220491	1380538	1342834	1515170	1831225	1915748	2254690	2549425	3328279	3792129	5954991	12496443	34201474	5826742	0	0	0	1.1617
50	25800641	20843057	23014000	23435930	116711	116711	0	0	0	276466	500094	468758	434291	455513	431822	475219	528999	463331	571990	616874	569655	780448	621223	840856	840145	851980	1031309	917165	1226592	1115919	1249558	1421028	1379120	1547152	1871197	1953549	2298764	2596629	3369056	3863326	6043510	12427988	33089116	5964986	0	0	0	1.1063
