#Name	E:\SaveData\2016-10-13_16_03_13_1001160050_R0039_A_CL100009724_BGI12084_WESPE_result\\CL100009724\L01\CL100009724_L01_28_2.fq
#PhredQual	33
#ReadNum	53788651
#row_readLen	50
#col	48
#BaseNum	2689432550
#N_Count	3694049	0.137354
#GC%	44.76
#Q10%	98.08
#Q20%	91.56
#Q30%	78.04
#EstErr%	0.849340
#Pos	A	C	G	T	N	0	1	2	3	4	5	6	7	8	9	10	11	12	13	14	15	16	17	18	19	20	21	22	23	24	25	26	27	28	29	30	31	32	33	34	35	36	37	38	39	40	41	Err%
1	16826408	12883773	12251096	11824680	2694	2694	0	0	0	5262	21092	28741	33713	44482	55173	111050	139612	137076	196033	233592	213424	370545	240458	415291	392107	466224	543303	475962	728718	573798	710784	813489	780905	851570	1104165	1146557	1302757	1431472	2056139	2062141	3315311	7463335	22828801	2492875	0	0	0	0.2994
2	14743885	10909190	12566539	15537427	31610	31610	0	0	0	20066	60309	78657	88979	111247	125648	192810	240876	211435	288693	336552	274116	482900	292284	511370	455038	531129	613786	517069	798126	602345	756545	851360	788579	872548	1111693	1146557	1285031	1394587	2026550	1993848	3219711	7423073	21798855	2254669	0	0	0	0.5408
3	13994208	13084956	10505746	16035057	168684	168684	0	0	0	21425	54131	67942	75063	94428	105243	174629	219124	192305	271246	315977	259587	463570	275344	493280	444065	513874	600289	501686	784309	593699	733355	837318	779328	844628	1094563	1129857	1260293	1365593	2005106	1965992	3176057	7410310	22207394	2288957	0	0	0	0.7567
4	14425293	12781031	10655285	15925217	1825	1825	0	0	0	14526	47062	61703	70290	89288	101009	170382	214410	191628	266177	311862	258971	454788	279496	485887	441664	505211	595611	499059	772762	592856	726819	832240	775149	843881	1083956	1120080	1258377	1366970	1985476	1972933	3189802	7438091	22279049	2489361	0	0	0	0.4267
5	14439575	12363420	11218281	15766366	1009	1009	0	0	0	16410	50888	65718	74153	92999	104928	175100	215804	198016	268594	313024	264854	451052	290510	485775	447977	505295	598285	501852	766186	599087	727529	834030	776815	852994	1081877	1122321	1264417	1381013	1982312	1984841	3196764	7423313	22186212	2486697	0	0	0	0.4371
6	14135740	12488279	11237822	15925426	1384	1384	0	0	0	14971	47904	62286	70631	89227	101871	170861	212407	193572	264174	310314	260886	451047	282602	483665	442191	503674	597795	499596	768790	596205	725167	831143	775668	844504	1084753	1121989	1258079	1369171	1981538	1980201	3196508	7436865	22280370	2476642	0	0	0	0.4270
7	14486231	12134678	11740412	15423284	4046	4046	0	0	0	19513	56472	70926	79815	99442	111296	182311	222306	202897	272113	316609	268217	452912	292735	487001	448528	502364	600351	500945	762114	600079	723983	831601	772454	848915	1078823	1118433	1261604	1378757	1971985	1994288	3205404	7416192	22055623	2577597	0	0	0	0.4600
8	13857477	12607922	11023543	16299120	589	589	0	0	0	18543	54893	69871	79079	97428	109193	180251	222257	200407	272121	315824	265836	456625	288235	489449	449961	503922	598950	500534	767369	599563	723172	830004	773676	843458	1078340	1115913	1258076	1370532	1972983	1985192	3196016	7425336	22120083	2554970	0	0	0	0.4493
9	13707939	12414254	11161145	16314904	190409	190409	0	0	0	19020	57057	69782	76643	94434	105492	175986	216913	196707	268151	311993	264175	447200	287097	481909	445259	497914	593672	495716	757005	595634	717079	823298	768926	839418	1071551	1108159	1250430	1368927	1960842	1979148	3188847	7391899	22027142	2644817	0	0	0	0.7970
10	13921438	12390015	11398012	16042101	37085	37085	0	0	0	22641	59369	73703	81270	101024	111760	183882	226073	202660	277076	321173	269290	457995	292741	489991	453122	502250	599055	500364	763802	602299	719939	829301	774190	840892	1075700	1113389	1255196	1370094	1963791	1985261	3196215	7416175	21990478	2629405	0	0	0	0.5299
11	13961190	12381867	11346126	16097117	2351	2351	0	0	0	20211	60562	75523	84307	103967	115809	187459	229978	207483	279665	322973	273090	458547	295752	490519	455520	503511	601281	502157	761078	603155	718382	829263	774622	843538	1074085	1114438	1253125	1372454	1959242	1989582	3200220	7421343	21943751	2659708	0	0	0	0.4706
12	13860960	12472058	11291240	16007569	156824	156824	0	0	0	23363	67484	79892	87905	106277	117214	189381	229773	208312	278413	322339	274903	452791	301102	487317	455576	498615	599126	501457	752633	605665	717963	826632	773485	843636	1067092	1107350	1251920	1372193	1945903	1985534	3186970	7390049	21822237	2701325	0	0	0	0.7685
13	13980163	12429076	11328930	16018552	31930	31930	0	0	0	22567	66355	81690	89536	108749	119953	193548	234023	212639	283964	326021	279689	458424	304761	493136	457984	503132	603775	506819	758038	609485	720282	828153	776579	846469	1073582	1111622	1255298	1381084	1950646	1997459	3200452	7406546	21754452	2739809	0	0	0	0.5419
14	13925886	12384272	11317665	16012912	147916	147916	0	0	0	23745	68670	82815	90732	109738	120263	194410	235133	211596	283161	326934	278825	460574	301136	493368	459104	502550	601027	503214	758212	606559	718385	827410	773948	839664	1068362	1106583	1250774	1369905	1945691	1991558	3189251	7390957	21728967	2727514	0	0	0	0.7610
15	13907660	12491201	11370670	15965065	54055	54055	0	0	0	23332	69390	84547	93023	112212	122271	197832	239398	214655	288016	330438	281033	461167	303697	496391	461908	501405	602782	504776	757495	609830	716191	826290	776223	840488	1068298	1107211	1252584	1375373	1941918	1999986	3199809	7409736	21683088	2781803	0	0	0	0.5923
16	13876949	12442484	11386153	15894317	188748	188748	0	0	0	41077	110001	129281	139645	163381	170963	200298	240823	213742	286561	325053	278999	452725	302243	482617	454511	492044	593393	498292	741700	604852	706299	816576	767826	834741	1056444	1097010	1241602	1367349	1921796	1996231	3186678	7378367	21476005	2830778	0	0	0	0.9423
17	13920367	12471583	11465019	15929129	2553	2553	0	0	0	37619	106432	125235	134590	158000	168187	197962	238243	214796	283466	323765	282692	449699	309611	485434	459643	494143	598213	504146	744830	611052	711857	820872	772449	842315	1064749	1104597	1252007	1380715	1927472	2009914	3211293	7402411	21468571	2889118	0	0	0	0.5854
18	13801222	12591212	11400840	15866076	129301	129301	0	0	0	43178	116051	132598	141608	165156	171664	201400	242146	214286	286620	325590	279979	452839	303883	484183	457171	491606	594828	499842	741426	606568	705039	816350	771370	833719	1058122	1095752	1243669	1369982	1922624	2001353	3195583	7384727	21427105	2881333	0	0	0	0.8407
19	13844246	12558233	11480772	15847392	58008	58008	0	0	0	43531	120023	137070	145551	169082	177117	205849	245920	220215	290142	328940	286924	451653	312440	486353	463237	493676	596004	503514	740511	614505	708433	819352	774024	841271	1061503	1099651	1252493	1381811	1919679	2013207	3204229	7377583	21298958	2946192	0	0	0	0.7205
20	13901552	12518822	11473808	15884169	10300	10300	0	0	0	46044	122247	140805	148830	172520	179698	208854	249758	221900	293912	332497	287970	455527	311214	491166	462342	493998	597737	501574	742115	615185	707192	819423	774373	837726	1059470	1099005	1250300	1379717	1919754	2012898	3205532	7385197	21300067	2951804	0	0	0	0.6418
21	13867664	12603795	11474660	15841880	652	652	0	0	0	50485	130463	148211	155884	179465	186018	214086	254854	225067	297321	334676	291273	456421	314056	489028	465597	491835	597794	504168	737664	615984	705325	817761	775612	836740	1058061	1098380	1249755	1378496	1914591	2019322	3210297	7382304	21189552	3011453	0	0	0	0.6444
22	13853098	12541186	11480570	15721127	192670	192670	0	0	0	60280	151829	165246	168909	190745	193724	222636	260768	228906	302609	338060	291497	457100	313821	489612	465016	489318	594553	500406	733622	613620	700627	810743	768711	833213	1050775	1091729	1242828	1378825	1901366	2014193	3198881	7340573	20995477	3035763	0	0	0	1.0424
23	13962734	12482319	11522494	15818338	2766	2766	0	0	0	55991	143295	161129	167396	192037	195345	224727	266713	233177	307176	344261	297731	464482	321682	496934	471483	493940	601929	508871	740448	622241	708109	821454	778886	842244	1061179	1099316	1254993	1391701	1911506	2033166	3219937	7357745	20928748	3065913	0	0	0	0.6841
24	13894762	12559421	11539168	15748953	46347	46347	0	0	0	58546	150072	165388	170997	193932	197729	226903	266468	234434	305258	341403	300882	458474	326130	491479	470891	490920	597986	508991	731299	622729	707063	816060	779475	845987	1056961	1095679	1256115	1392747	1904155	2033602	3219554	7348525	20853961	3121509	0	0	0	0.7752
25	13963899	12534238	11586406	15703435	673	673	0	0	0	56098	145815	161758	168314	191907	196007	225387	265818	233729	307412	342447	299718	460430	325124	496264	473140	493431	601825	509142	737115	624787	707476	820277	781209	842560	1057738	1101903	1257734	1393924	1908435	2038980	3219071	7351548	20867001	3124454	0	0	0	0.6825
26	13952887	12467755	11590336	15709606	68067	68067	0	0	0	59786	154457	169654	174482	198500	200004	229794	270689	236867	311064	346374	301781	463052	326312	495510	472389	492196	600090	509122	735622	623610	704030	817075	779081	839889	1057998	1096196	1254654	1391919	1902432	2034644	3221510	7346569	20759218	3144014	0	0	0	0.8271
27	13817303	12526320	11550525	15657113	237390	237390	0	0	0	65716	166958	178064	181033	202871	204089	233345	272440	238696	311932	346547	303153	461904	327067	495458	473782	489568	599054	507313	732474	623947	700889	816341	777923	839718	1053427	1093404	1252837	1389235	1894915	2033474	3205496	7306443	20611871	3159877	0	0	0	1.1633
28	13871929	12533000	11584567	15597063	202092	202092	0	0	0	67947	167142	179214	183464	205086	207656	236661	275305	242762	313788	347500	307674	462255	332933	496995	477875	494181	603379	512806	732665	628315	707544	817378	781762	848463	1057185	1097231	1258841	1397810	1895059	2039083	3210661	7294263	20515536	3190140	0	0	0	1.1051
29	13931688	12518024	11609831	15715066	14042	14042	0	0	0	77912	172157	186185	188350	210561	211843	242223	280578	245698	320661	353930	312789	467550	336797	501935	481355	497140	606042	517543	734927	634461	709068	821213	785794	849329	1063129	1101051	1261216	1402737	1901162	2048708	3217409	7306424	20505363	3221369	0	0	0	0.7780
30	13880170	12555174	11578439	15632916	141952	141952	0	0	0	79868	177931	189247	191356	213217	212827	243698	281492	245378	319438	353779	311158	468817	334130	500160	482043	493353	604158	513262	734111	632925	703850	817861	785443	844843	1056464	1097029	1258877	1397469	1893895	2045238	3219257	7288763	20425589	3229773	0	0	0	1.0239
31	13972978	12551372	11681234	15555899	27168	27168	0	0	0	74870	188834	199767	201872	224084	221600	251062	291420	253974	327645	362010	319348	474327	343265	507293	488383	499231	607263	520753	736830	638315	711386	822859	790285	853625	1064126	1100512	1265636	1410460	1898321	2061648	3236599	7294032	20247500	3272348	0	0	0	0.8344
32	14003403	12514406	11648563	15602454	19825	19825	0	0	0	71412	183313	194602	196133	216387	217440	248030	286107	251485	322396	356445	315079	468711	338896	505814	485311	495048	606160	517063	733770	636817	707427	820039	788742	850892	1058466	1100092	1264635	1409285	1901500	2056985	3232983	7296319	20341231	3293811	0	0	0	0.8036
33	13971203	12583430	11648107	15565685	20226	20226	0	0	0	75912	193754	204403	204055	225440	224178	253618	292171	257354	327678	361303	321182	470508	345731	504597	488807	497820	608436	522010	734094	639869	710865	823760	791285	855380	1061127	1100608	1265641	1413819	1894058	2060692	3234141	7288797	20193992	3321340	0	0	0	0.8300
34	13941872	12525295	11652122	15478290	191072	191072	0	0	0	88944	217116	223388	220688	239552	235655	264608	302360	264884	336486	368862	329597	477537	353903	509930	495140	502357	613115	526927	736047	647685	713729	823377	792940	858410	1061855	1100826	1270310	1419115	1889297	2070447	3238664	7226592	19840692	3336544	0	0	0	1.2003
35	13937078	12535060	11670383	15545246	100884	100884	0	0	0	86389	215025	222090	221037	240600	234576	264912	302786	264874	337419	369224	327125	476559	353209	510527	496694	501107	612236	527706	734217	648740	710519	823463	796572	856763	1065410	1102369	1270542	1420197	1892231	2078462	3244277	7243672	19869253	3366985	0	0	0	1.0292
36	13932365	12591667	11687532	15565096	11991	11991	0	0	0	86775	217162	224046	220823	240673	237291	265618	303587	265610	337444	369711	331037	476490	355600	510554	497507	501831	612671	528270	733089	649929	713772	823762	797538	859264	1065711	1103147	1271851	1425745	1892823	2078245	3241324	7254618	19877219	3405923	0	0	0	0.8678
37	13954040	12600915	11727105	15504841	1750	1750	0	0	0	89862	224378	229410	227411	246280	240407	270060	307997	269640	341296	373652	335213	478527	359394	512908	499124	503998	615771	532801	736370	653159	715955	828718	800511	861855	1067251	1105556	1276601	1427360	1893525	2078538	3244777	7241960	19798441	3398195	0	0	0	0.8660
38	13926462	12570512	11704784	15560307	26586	26586	0	0	0	92095	229740	235084	231686	250344	244733	274570	312063	271466	344179	376365	337273	481548	361658	517689	502468	506338	618096	533955	737668	658259	718409	829896	805558	867052	1072933	1110230	1281509	1434263	1896363	2092908	3261384	7225134	19633528	3415621	0	0	0	0.9263
39	13862171	12601426	11697264	15512249	115541	115541	0	0	0	93578	233266	239115	234430	252044	245208	274503	313364	270578	345359	377018	334786	483579	358435	518520	502830	503852	617765	530659	735782	654296	713100	828002	801617	859188	1066895	1104328	1276602	1429375	1897173	2089634	3256336	7218326	19604242	3409325	0	0	0	1.0982
40	13892040	12620981	11753906	15490043	31681	31681	0	0	0	97247	243160	247373	240489	258721	251722	280050	316086	275849	348234	379355	340667	482399	363984	516013	504291	504855	616208	535471	732141	657719	715707	829136	805130	867812	1068336	1108104	1281688	1434852	1890855	2092530	3249729	7209239	19554023	3457795	0	0	0	0.9635
41	13843984	12584710	11721993	15499453	138511	138511	0	0	0	105451	257975	260529	251652	269400	258439	287621	325717	279907	355769	384946	344750	489716	364916	524270	508824	505664	619901	535888	734078	660829	714437	829458	805607	863675	1069965	1105719	1279324	1434400	1888224	2090824	3247290	7177841	19379306	3437828	0	0	0	1.1973
42	13845592	12667770	11725744	15525650	23895	23895	0	0	0	101759	257142	260114	251472	268434	258894	287443	325234	282427	354951	386377	346142	488652	367665	523532	509837	508063	620447	539115	736943	663743	717558	832059	809719	869270	1073775	1109624	1285239	1442544	1894655	2101484	3261290	7189788	19371861	3467504	0	0	0	0.9811
43	13825529	12627134	11736520	15476635	122833	122833	0	0	0	107609	268937	268879	260101	276008	264813	294154	330979	286371	360212	389365	351924	490358	372932	525740	512848	509500	623673	540917	736266	666300	718691	834368	811449	872495	1072427	1110331	1286968	1447306	1889022	2106667	3261006	7158609	19175436	3483157	0	0	0	1.1913
44	13806493	12607140	11740999	15536856	97163	97163	0	0	0	116305	290833	287815	274979	289032	276611	304862	341712	296456	367658	397023	360004	496211	381759	531203	520732	513531	627368	550096	739248	675099	724359	838906	817926	879610	1077152	1117755	1294873	1456863	1893151	2119321	3271274	7131789	18936247	3493725	0	0	0	1.1917
45	13763850	12704228	11748093	15562152	10328	10328	0	0	0	138049	310307	306719	290794	304558	288934	318234	354760	305595	382543	410095	371338	509494	392017	544515	533610	525687	641233	560533	752630	688926	735842	850402	831170	891350	1094231	1131829	1313385	1478825	1908889	2147752	3304381	7091833	18616710	3451153	0	0	0	1.0912
46	13793858	12668889	11773127	15472482	80295	80295	0	0	0	125982	312756	309009	293297	306543	289344	318583	356400	304276	381240	409374	369020	509097	388815	543256	530400	521387	638457	556012	748936	687184	730865	846223	828959	885922	1089692	1128046	1308984	1471083	1907075	2145260	3301227	7092663	18613404	3459585	0	0	0	1.2157
47	13781579	12627612	11755942	15516252	107266	107266	0	0	0	122146	309359	305596	289025	302689	287502	315892	351877	303401	378521	405959	367420	502758	389432	538327	526854	518980	634622	554862	745156	682738	728029	841921	826289	885326	1085125	1121225	1303111	1467711	1899780	2131295	3274049	7088885	18685391	3510132	0	0	0	1.2536
48	13671489	12682786	11732139	15499878	202359	202359	0	0	0	127906	325216	316618	298978	310393	293578	321422	356340	306992	379879	409197	370905	505334	390729	539527	528824	521165	634410	558103	744388	683632	729976	843503	827121	887070	1084960	1121968	1301474	1466465	1891466	2123739	3262670	7058290	18558052	3506002	0	0	0	1.4595
49	13769975	12704293	11808147	15469616	36620	36620	0	0	0	131186	332428	325936	307371	317600	299791	329008	364338	312118	388453	417103	377055	512686	397083	547293	535571	524162	641290	561604	748606	693753	733713	850469	836214	892601	1097114	1132077	1313246	1483601	1906576	2149392	3286781	7060499	18428328	3516985	0	0	0	1.1755
50	13723404	12639431	11779738	15445995	200083	200083	0	0	0	147996	369653	362139	338340	348048	322234	353767	390514	329741	413059	439992	391445	538128	407879	570106	554372	538273	658676	575362	768824	712183	745407	868030	857465	909993	1115610	1156775	1341407	1519429	1934139	2204807	3347985	6943183	17601223	3512384	0	0	0	1.5756
