#Name	E:\SaveData\2016-10-13_16_03_13_1001160050_R0039_A_CL100009724_BGI12084_WESPE_result\\CL100009724\L01\CL100009724_L01_26_2.fq
#PhredQual	33
#ReadNum	63415658
#row_readLen	50
#col	48
#BaseNum	3170782900
#N_Count	4340617	0.136894
#GC%	45.07
#Q10%	98.01
#Q20%	91.43
#Q30%	77.90
#EstErr%	0.866686
#Pos	A	C	G	T	N	0	1	2	3	4	5	6	7	8	9	10	11	12	13	14	15	16	17	18	19	20	21	22	23	24	25	26	27	28	29	30	31	32	33	34	35	36	37	38	39	40	41	Err%
1	20223560	15576843	13698268	13914047	2940	2940	0	0	0	6161	25991	35253	41353	53115	66673	134108	167362	164826	233675	278188	254628	439626	286203	489023	462001	549841	639370	561756	856093	675583	839276	955213	912690	1000869	1292143	1342617	1528449	1677693	2410543	2416883	3893567	8775317	26925756	3020873	0	0	0	0.3029
2	17527398	13072331	14330151	18449479	36299	36299	0	0	0	22307	68613	89221	101407	126326	141331	220117	274171	245450	329999	386539	318031	553885	341259	586387	527876	615198	718030	602728	926389	704281	884777	996605	921830	1023535	1299617	1342797	1507156	1638176	2378635	2340622	3785749	8751178	25916734	2692403	0	0	0	0.5258
3	16666597	15221680	12438265	18894187	194929	194929	0	0	0	26800	66372	82334	90229	112238	125440	204731	255319	228199	314538	366980	305084	535903	328177	572568	517533	598094	699610	587865	907745	694366	860656	977997	907172	996137	1276497	1317882	1480468	1605168	2345086	2304568	3740985	8717016	26214828	2856144	0	0	0	0.7522
4	17137721	15018745	12616767	18640293	2132	2132	0	0	0	18053	56333	73455	83553	105060	119772	201136	249076	226916	308992	363646	304011	528156	329381	565950	515905	591104	697157	584800	901100	696295	851231	976333	905061	991975	1268250	1313655	1475780	1603860	2325073	2315105	3746331	8742034	26426233	2952754	0	0	0	0.4263
5	16943279	14490156	13326149	18654858	1216	1216	0	0	0	19794	61992	78803	88740	110411	125373	208270	255155	237649	312253	368752	315047	524100	348800	565081	525765	590402	702380	592193	889653	704703	856250	976644	908330	1005491	1267416	1314305	1486017	1631346	2320017	2341741	3769554	8725518	26086111	3100386	0	0	0	0.4398
6	16483093	14674412	13339861	18916641	1651	1651	0	0	0	15735	53386	70496	80331	101714	116599	200051	248303	228825	308372	363132	307311	524362	335587	564530	519664	589402	699114	584834	892278	697360	853451	972356	901900	1001090	1267792	1315785	1479917	1619924	2330322	2327787	3767905	8734224	26195842	3144326	0	0	0	0.4190
7	16936300	14273514	13874360	18326562	4922	4922	0	0	0	20425	61900	79537	89965	112386	125936	209503	258754	235106	319091	372355	313605	534393	340147	574503	526282	594668	702957	591064	901180	702857	855149	976511	909542	998039	1271330	1316172	1479057	1615162	2324758	2328164	3755863	8728777	26127706	3057892	0	0	0	0.4489
8	16192417	14892639	12979455	19350455	692	692	0	0	0	22044	67561	85151	95772	117520	131839	217756	267021	242166	325256	377881	320477	539023	347422	577066	531013	595238	704792	593451	895747	704857	855123	975076	907737	998537	1267171	1310864	1480494	1618597	2311007	2342173	3771968	8728360	25832430	3256376	0	0	0	0.4573
9	16007896	14710446	13128263	19342260	226793	226793	0	0	0	24855	73414	88003	95715	116595	129175	212442	259933	235687	319913	371079	314210	530175	341117	569580	526442	586936	699761	585389	892503	703283	842659	970054	905807	982080	1259202	1302380	1464876	1602154	2295458	2321280	3737957	8710922	26058412	3059417	0	0	0	0.8140
10	16279736	14702931	13439321	18950071	43599	43599	0	0	0	29103	77763	94355	104099	126485	139263	225325	272908	247183	331093	381473	325495	537035	353266	577012	534636	590411	704823	592823	889869	711373	847665	972135	907102	996031	1258624	1303888	1473711	1614772	2291970	2342581	3764860	8719940	25722415	3310572	0	0	0	0.5478
11	16343096	14684830	13423683	18961476	2573	2573	0	0	0	24794	74419	92092	102246	126078	138352	224241	274138	246166	331213	381657	323800	538971	352497	578642	534595	591848	706820	591932	892428	711589	849480	972164	910473	992593	1259329	1304960	1474238	1614366	2294989	2341077	3758661	8733611	25863183	3205443	0	0	0	0.4769
12	16269987	14770020	13393302	18797419	184930	184930	0	0	0	28386	82610	97234	106209	127209	139548	225915	272684	249276	329506	379799	328202	532118	358309	572480	535861	587926	702520	592335	882577	712003	843605	968325	907325	992115	1253718	1301468	1472850	1614735	2280688	2336633	3747631	8691550	25706058	3271320	0	0	0	0.7744
13	16434161	14732281	13436690	18774921	37605	37605	0	0	0	27386	81522	98712	108356	130652	144133	231842	279237	254351	336786	385694	333943	539529	364052	577132	542425	593408	710133	596559	888576	718618	848778	971820	911825	998944	1259145	1304284	1480388	1625129	2285252	2351531	3764344	8711770	25592877	3328920	0	0	0	0.5486
14	16349636	14687495	13436069	18772598	169860	169860	0	0	0	28891	83878	100024	109269	131550	144337	231706	280452	253526	335843	388072	331101	541747	359359	582062	540795	591823	707767	593831	890418	713864	844496	971782	909808	992497	1254396	1300594	1472786	1613210	2282173	2337264	3747630	8695361	25615236	3268250	0	0	0	0.7602
15	16331244	14798401	13508634	18714049	63330	63330	0	0	0	28465	85205	102511	112151	135153	146956	235890	285763	257721	341769	392242	336216	543304	364573	584453	545064	593218	710761	597535	888155	720082	845412	973424	911586	994419	1254663	1303473	1473578	1618297	2277403	2353029	3763223	8707672	25514575	3354387	0	0	0	0.5992
16	16331827	14742800	13504442	18617100	219489	219489	0	0	0	49776	135663	158307	168469	196519	205873	239590	287835	255684	338988	385760	332146	533186	360847	572032	537019	578789	696352	588536	870330	712553	831322	959651	904190	984037	1240074	1287778	1464082	1611589	2253858	2346596	3749979	8677582	25276480	3404697	0	0	0	0.9486
17	16394928	14759222	13582697	18675837	2974	2974	0	0	0	45711	131087	152455	163132	191478	203666	236348	282703	258625	337284	384414	336277	530429	369001	572244	544082	583100	705307	594821	874572	722864	837842	966504	908486	994738	1249265	1294520	1474712	1626022	2262416	2365663	3771366	8693396	25271478	3476676	0	0	0	0.5966
18	16256886	14898248	13520614	18587334	152576	152576	0	0	0	52585	141566	161861	171396	198896	207380	240022	288198	257612	341347	387936	334669	534597	364627	574073	541680	580142	700695	591861	873145	717888	832156	960629	907430	984189	1244470	1290687	1464196	1614203	2257374	2351393	3750504	8670980	25238063	3434632	0	0	0	0.8523
19	16313545	14872125	13602066	18559742	68180	68180	0	0	0	54009	147860	168023	176801	204622	212903	247555	293288	264720	345593	391152	342764	535189	373330	574446	547507	580611	703597	596204	869952	725384	836340	963824	911325	994294	1247368	1293545	1473990	1627626	2255012	2363995	3760897	8667081	25073892	3522779	0	0	0	0.7340
20	16374491	14824124	13603113	18601692	12238	12238	0	0	0	55588	150096	171923	180676	209655	217358	250961	298169	265486	349558	395071	342366	538702	371493	577788	548416	581766	704366	595554	870234	723976	833514	965302	910371	987454	1248498	1291999	1471578	1624216	2254977	2368499	3773391	8678137	25064191	3532091	0	0	0	0.6547
21	16341456	14917665	13625164	18530546	827	827	0	0	0	60592	160680	180298	188975	216942	222981	258330	304673	269751	353691	398028	345705	538774	376282	578830	549404	579728	705919	597271	867856	727633	830909	960189	912292	989791	1243888	1290489	1472772	1627535	2246495	2376122	3774871	8668102	24924377	3614656	0	0	0	0.6572
22	16308737	14856045	13645355	18378668	226853	226853	0	0	0	72873	184811	200325	204748	231048	233544	266617	313802	274409	358792	400724	348455	540216	375215	577389	548564	576441	701787	592907	862206	724015	825496	954634	907562	984092	1234203	1282733	1464718	1622394	2231098	2369803	3762174	8628421	24694433	3638156	0	0	0	1.0551
23	16427118	14806392	13700541	18477896	3711	3711	0	0	0	68214	175783	196656	204374	232035	235780	271319	318570	279764	366553	408021	355168	548201	384228	586415	556816	584209	710548	602380	868578	732312	834956	964755	918189	996416	1246545	1294008	1480359	1638410	2246628	2392609	3791887	8641383	24600697	3679181	0	0	0	0.6998
24	16338418	14895469	13734024	18393601	54146	54146	0	0	0	70687	184422	201194	208333	234316	238761	272303	318715	282698	365113	405269	359346	541128	390123	581815	557123	581022	707165	604190	860404	734771	835624	961512	917196	998674	1244114	1287599	1476888	1640037	2236599	2392003	3784764	8634160	24513589	3739855	0	0	0	0.7894
25	16424016	14867188	13796612	18327039	803	803	0	0	0	68956	180671	199508	205303	232734	236996	271758	318125	281287	366023	408186	359077	547283	388455	585111	560898	583888	709888	602764	867294	737541	834052	966789	917856	997610	1246040	1295069	1478812	1641091	2241205	2397899	3790354	8638140	24513910	3744282	0	0	0	0.7005
26	16389740	14796166	13809888	18338719	81145	81145	0	0	0	73246	189635	207788	213795	241013	243480	277982	324156	285087	370424	412615	361969	546741	389766	585939	560792	582213	709813	603499	865271	737247	833261	963634	917274	996166	1246018	1290900	1477097	1642300	2233563	2396764	3786504	8618393	24385280	3764888	0	0	0	0.8464
27	16248745	14864095	13758572	18268496	275750	275750	0	0	0	80394	205828	218812	221405	246432	246591	280614	326518	287819	372021	413670	363090	548796	390750	587337	561741	582578	709888	602846	862205	738802	830792	960591	916237	992413	1241331	1287047	1474663	1638773	2227777	2394056	3772205	8569912	24206714	3779260	0	0	0	1.1758
28	16305250	14854597	13797024	18220247	238540	238540	0	0	0	83277	205823	221275	223563	249870	251560	286570	330841	293319	375763	416537	369529	549972	398925	589767	566496	586075	714193	609072	863532	744787	836420	963235	923430	1003634	1245214	1290178	1483682	1648580	2225804	2401928	3781855	8554145	24075755	3812512	0	0	0	1.1261
29	16356510	14849324	13832377	18360485	16962	16962	0	0	0	95072	212873	228088	230735	257652	257995	292704	337193	297570	383170	420527	373918	555729	402662	594016	571481	589625	718270	614291	868540	749573	839042	968615	926806	1006068	1248743	1295093	1485440	1652770	2230176	2408052	3789508	8572808	24078830	3845061	0	0	0	0.7999
30	16287886	14887855	13802421	18271635	165861	165861	0	0	0	98081	218833	233714	234150	260324	258235	293648	338922	296403	382225	421518	373662	552772	400917	593699	572122	586384	714999	611158	864285	747417	832596	965301	923131	998927	1243081	1287786	1482576	1651803	2222660	2409499	3784961	8554221	23983986	3855801	0	0	0	1.0433
31	16397581	14885843	13915540	18184310	32384	32384	0	0	0	91317	231694	244942	246865	271279	268455	304006	348828	306880	392165	431374	381889	560992	409692	601759	578953	591500	721457	619577	867924	755730	841646	971977	932488	1010372	1251103	1298240	1491952	1663545	2229587	2427989	3812430	8557930	23763160	3903577	0	0	0	0.8554
32	16402369	14858097	13906574	18225006	23612	23612	0	0	0	87149	225522	239106	241007	264884	263816	298216	343308	302401	386764	425116	379605	554638	407371	595596	575362	588280	715903	614292	862597	753609	837300	968104	929674	1007201	1249273	1296444	1490565	1662478	2228863	2426063	3802872	8562930	23869053	3936684	0	0	0	0.8254
33	16360311	14949144	13909621	18172499	24083	24083	0	0	0	93672	239051	250528	250302	274493	272218	306772	350672	308132	392479	431011	384922	559514	414094	598702	579606	590637	719805	621390	864682	757393	840350	969570	932651	1012514	1251186	1297984	1496013	1671548	2225428	2427460	3801765	8551072	23694907	3959052	0	0	0	0.8532
34	16333448	14879151	13916557	18061947	224555	224555	0	0	0	108972	269125	273698	270433	291684	286336	320084	363086	319877	403218	439984	395071	566830	424614	607302	589276	596462	725569	626888	866412	766489	844665	974889	937387	1015456	1251166	1295344	1498368	1673327	2216637	2439091	3809634	8476804	23276631	3970294	0	0	0	1.2245
35	16327985	14911108	13935973	18121380	119212	119212	0	0	0	106234	265354	273468	269301	292199	286239	320090	365530	319175	403382	440971	394606	568179	424362	607553	588631	593748	725466	625718	866490	765743	843908	973258	940196	1015201	1255360	1298033	1500566	1678248	2224415	2447688	3823491	8497152	23289557	4006934	0	0	0	1.0548
36	16337339	14990470	13957377	18116323	14149	14149	0	0	0	106997	267842	273999	270340	293111	286352	321757	365814	321148	405677	443822	397197	564556	426174	607268	591083	595048	726031	629558	865078	768767	845605	975344	943545	1019499	1255285	1299298	1500716	1683244	2224519	2444422	3816568	8509333	23301818	4054694	0	0	0	0.8927
37	16374524	14991182	14004317	18043515	2120	2120	0	0	0	110110	278289	282168	278933	298845	292758	327371	372444	326086	409829	446721	402878	569234	432675	612216	593876	597807	729426	632727	869783	771491	849405	976683	944595	1024836	1260421	1303115	1506966	1686514	2224760	2450144	3815864	8486161	23210203	4038204	0	0	0	0.8933
38	16312422	14962476	13991744	18117934	31082	31082	0	0	0	113495	285532	289230	284331	305151	297342	332478	376471	329836	414074	452067	406429	576096	435967	614138	599063	600706	733026	635623	869912	778878	850224	983666	951611	1026529	1264265	1304183	1510083	1693075	2226708	2466497	3838301	8467016	23012246	4060327	0	0	0	0.9549
39	16256696	14988489	13975906	18061710	132857	132857	0	0	0	115007	287875	294307	287081	308115	298938	335191	378688	329266	415354	452938	403514	576294	430608	615396	598561	597633	732191	632262	871007	777176	845093	979549	950295	1021580	1259432	1303529	1506628	1689864	2225320	2461073	3829850	8453054	22972723	4047409	0	0	0	1.1218
40	16294032	14996876	14044379	18042654	37717	37717	0	0	0	119351	301681	303950	295565	315612	305354	339603	382851	333202	417643	454526	411235	573049	437246	616775	600696	599811	731903	637194	867790	778783	849626	979960	951169	1027535	1262230	1304169	1511013	1697912	2220854	2463641	3824564	8448096	22907601	4105751	0	0	0	0.9935
41	16227720	14938656	14020111	18065195	163976	163976	0	0	0	128635	318684	319900	309304	328068	314360	347946	392240	339613	426917	462011	414492	582607	439721	622718	604642	602190	734945	639485	871787	782551	847926	979847	952258	1024361	1262606	1303355	1511260	1694209	2219018	2461763	3824367	8407854	22701888	4078154	0	0	0	1.2277
42	16226535	15049398	14022021	18089315	28389	28389	0	0	0	125155	318107	319806	308946	327350	315532	349832	393259	342476	428022	462743	416606	581470	443125	622960	605411	605155	736830	641776	872632	786763	851596	983869	957506	1029793	1265563	1309323	1518946	1705877	2224608	2474971	3836633	8422451	22692168	4110009	0	0	0	1.0126
43	16189814	15019854	14042688	18018685	144617	144617	0	0	0	131905	332395	331750	317800	335706	323593	356555	399319	345366	431774	467072	422999	585218	449054	626815	610357	606575	739046	644620	871000	791807	852558	983662	959305	1035442	1267431	1309481	1519851	1708703	2226440	2482986	3841526	8381070	22460522	4121338	0	0	0	1.2221
44	16163801	15010892	14051809	18074337	114819	114819	0	0	0	142865	358765	354195	337867	352825	337295	369565	412226	357175	443027	476494	433253	591547	459727	632753	620727	613456	743347	652934	876183	801587	861451	988564	966624	1043997	1274381	1316762	1527193	1721771	2223983	2497986	3854940	8351181	22165438	4138755	0	0	0	1.2255
45	16095546	15124716	14075690	18107503	12203	12203	0	0	0	169650	382412	376351	356376	370575	352444	387500	429148	370241	459996	492460	447667	608517	471009	648888	634097	624725	759728	666950	890778	816419	871976	1005926	984490	1057699	1292106	1334365	1548807	1744068	2244247	2531571	3886681	8303244	21798756	4083588	0	0	0	1.1263
46	16145376	15085060	14111065	17978128	96029	96029	0	0	0	154333	386181	380088	360387	374790	354161	387220	431054	368853	457035	492372	444053	607820	467812	647568	630422	621147	759102	663412	888151	812621	867013	1004218	980514	1051666	1286079	1331127	1544403	1740317	2241941	2527087	3881738	8296369	21786130	4092445	0	0	0	1.2540
47	16132673	15043014	14072057	18042161	125753	125753	0	0	0	150161	382512	376537	355707	370878	350351	384442	425536	367899	454258	488427	443963	599593	467493	642705	627887	619206	752105	663021	882671	808282	864143	997915	977415	1050321	1281960	1325254	1540692	1733683	2229754	2507588	3854320	8299362	21865012	4148852	0	0	0	1.2894
48	15998373	15113271	14058890	18005989	239135	239135	0	0	0	157968	402583	391002	367713	378903	358838	390492	432079	372729	458973	491930	447120	603404	471527	642428	630280	619715	753766	664698	880171	812168	865404	995878	979336	1050403	1280178	1320834	1534998	1733081	2222916	2500102	3840378	8262403	21718114	4144011	0	0	0	1.4996
49	16118122	15123133	14146620	17983838	43945	43945	0	0	0	162000	411343	401389	377818	389226	367067	399462	441970	378933	467754	499451	454763	610096	478266	653180	639924	625749	759261	671176	888046	823075	872397	1007892	989814	1060308	1293827	1337507	1552213	1752016	2243880	2531365	3868562	8259736	21549988	4152259	0	0	0	1.2165
50	16051024	15048941	14116312	17962927	236454	236454	0	0	0	181483	457864	444350	415656	425017	393410	427866	473469	400035	497523	530265	471029	642540	491433	682575	661367	641792	785000	688442	911433	845890	885480	1027316	1014970	1079520	1321329	1367799	1582959	1792269	2272892	2593987	3937368	8126658	20570840	4137378	0	0	0	1.6183
