#Name	E:\SaveData\2016-10-13_16_03_13_1001160050_R0039_A_CL100009724_BGI12084_WESPE_result\\CL100009724\L01\CL100009724_L01_27_2.fq
#PhredQual	33
#ReadNum	117188339
#row_readLen	50
#col	48
#BaseNum	5859416950
#N_Count	8236316	0.140565
#GC%	43.94
#Q10%	98.07
#Q20%	91.64
#Q30%	78.22
#EstErr%	0.851111
#Pos	A	C	G	T	N	0	1	2	3	4	5	6	7	8	9	10	11	12	13	14	15	16	17	18	19	20	21	22	23	24	25	26	27	28	29	30	31	32	33	34	35	36	37	38	39	40	41	Err%
1	38041709	27290485	25526219	26324368	5558	5558	0	0	0	11568	43968	60335	70339	91836	114483	231633	289637	286200	408854	484514	450218	771799	514567	865456	833426	988025	1154902	1021064	1545811	1246087	1531921	1750300	1689511	1838412	2379657	2481004	2827811	3111393	4412999	4534859	7301016	16131855	50254886	5452435	0	0	0	0.2893
2	32786217	22877888	26873100	34587017	64117	64117	0	0	0	41047	126605	165030	186863	232934	262187	404954	495854	452620	597124	699241	582232	993366	640461	1054285	967322	1110854	1305434	1099938	1668712	1295839	1615396	1821952	1686337	1894487	2382945	2474982	2789835	3051470	4362189	4394855	7107629	15966966	48069173	5123104	0	0	0	0.5193
3	31205301	27081915	22755696	35771045	374382	374382	0	0	0	48811	119477	147663	162784	201702	224591	366869	454472	408863	561963	658008	548096	956109	595201	1024857	936212	1081322	1269645	1070195	1648625	1270024	1571964	1788507	1664067	1833017	2343998	2425477	2729491	2965041	4292483	4292849	6982945	15949233	48991098	5228298	0	0	0	0.7529
4	32018326	26663647	23035578	35466685	4103	4103	0	0	0	31529	102631	132819	151843	190027	216110	360934	448716	409585	555739	650666	551265	944188	604754	1015107	935927	1071384	1265388	1068684	1627588	1273676	1558466	1777574	1658197	1830646	2328261	2415803	2722531	2971933	4259653	4315986	6999425	15997956	49097355	5641890	0	0	0	0.4173
5	31924715	25764064	24231248	35265924	2388	2388	0	0	0	34526	111583	142413	159852	197713	223936	371424	457475	420306	564936	662611	564163	951422	622005	1026220	952555	1079786	1276761	1081470	1633818	1289880	1572630	1790942	1674296	1846132	2339035	2423471	2736778	2991828	4269256	4328599	7000672	15988279	48797915	5601263	0	0	0	0.4290
6	31202125	26206040	24192762	35584247	3165	3165	0	0	0	31913	105953	136976	154974	194333	221297	368012	454861	415821	564276	658689	561035	954201	615521	1026408	952410	1074430	1274116	1076178	1628875	1284466	1565184	1784708	1670418	1834449	2332277	2417023	2725691	2981367	4261638	4338113	7014239	16011852	48823478	5669992	0	0	0	0.4233
7	32045271	25458092	25142659	34533211	9106	9106	0	0	0	40693	118483	150628	167792	207478	232794	378949	464899	423025	570222	666258	564401	955062	618466	1026211	953041	1075858	1277195	1076979	1634625	1286890	1564621	1787068	1671349	1831256	2330181	2417733	2725759	2978890	4249977	4326790	6993696	15977648	48888268	5546048	0	0	0	0.4455
8	30653156	26537965	23491094	36504883	1241	1241	0	0	0	39610	118919	149449	166796	205833	230823	378303	465610	422461	573322	669044	566812	962978	619185	1032112	955079	1076603	1279210	1075464	1632340	1289174	1558198	1782712	1668045	1826845	2326119	2413115	2719285	2970214	4239034	4327396	6999330	16003077	48820020	5624581	0	0	0	0.4382
9	30289529	26107810	23852801	36509585	428614	428614	0	0	0	45354	137336	161939	176356	213819	236395	384461	468035	427682	573527	665470	571553	950295	626818	1021576	955170	1065092	1266987	1072029	1611273	1289255	1544295	1769369	1658082	1818632	2306371	2393467	2708461	2969902	4201164	4337585	6996622	15929905	48287820	5917628	0	0	0	0.8160
10	30783410	26085298	24400856	35833748	85027	85027	0	0	0	53785	141100	170552	187072	227559	250473	402715	488109	442009	592182	681665	585290	965599	638676	1038757	969203	1074282	1282615	1083126	1620672	1303340	1550573	1782130	1669723	1826720	2315960	2400877	2718980	2982494	4208087	4353882	7005821	15961699	48197374	5930211	0	0	0	0.5405
11	30878911	26112212	24381644	35810591	4981	4981	0	0	0	44130	133972	166159	184379	225651	249552	401215	489289	443021	594561	684324	585345	967269	638733	1039229	970049	1073577	1285084	1081234	1620767	1303717	1553366	1782571	1671922	1824714	2319234	2405113	2720131	2978305	4210821	4351100	7004523	15984475	48349512	5846314	0	0	0	0.4655
12	30671142	26325702	24279659	35564453	347383	347383	0	0	0	50740	148409	174093	189972	227667	251691	403632	486647	445658	590415	677598	589371	954603	650075	1026095	971257	1065940	1278039	1081839	1604749	1306031	1546504	1776001	1665531	1827079	2304288	2393611	2714907	2981610	4183146	4347518	6988228	15909836	48056867	5971309	0	0	0	0.7663
13	30899113	26267595	24345064	35607418	69149	69149	0	0	0	48741	145369	176224	194101	234403	256943	411849	496924	455593	599530	688510	597963	966873	657352	1039160	981343	1072640	1287201	1088506	1615520	1315214	1553587	1784244	1676012	1838557	2314237	2404684	2731164	3003314	4198110	4371921	7016033	15941260	47904272	6051836	0	0	0	0.5340
14	30701634	26233187	24343925	35577473	332120	332120	0	0	0	51203	150496	179330	195050	235075	256457	412663	498785	452755	601996	691446	595903	969374	651829	1042781	979482	1072384	1283105	1084594	1612313	1308652	1547569	1778030	1672257	1825607	2307017	2393912	2713636	2978675	4185592	4354823	6990894	15901699	47869499	6011336	0	0	0	0.7614
15	30682635	26451622	24462701	35475192	116189	116189	0	0	0	50099	151477	182628	200102	240949	262941	420783	506464	459242	609000	697704	603102	973103	657892	1045613	986226	1071347	1290094	1087549	1613036	1316612	1549792	1780819	1675193	1828458	2308028	2396407	2720564	2994145	4180818	4376184	7017484	15939302	47719325	6159668	0	0	0	0.5828
16	30659219	26350425	24462671	35297291	418733	418733	0	0	0	86900	240410	280233	298355	348690	365817	427643	510764	457883	606878	689131	597280	952618	652589	1023623	970795	1051734	1267700	1072770	1580837	1305291	1524707	1755932	1657809	1813128	2284748	2374889	2698397	2976249	4142750	4362919	6986954	15880977	47281172	6241034	0	0	0	0.9391
17	30766774	26411331	24626738	35378047	5449	5449	0	0	0	80241	231411	270490	288983	339093	361562	422724	502007	459407	601927	687802	604489	951035	670158	1028628	984312	1056314	1279215	1085723	1585190	1321155	1537439	1768015	1672589	1832603	2295635	2390282	2722790	3006426	4157230	4401479	7036275	15917961	47264907	6367393	0	0	0	0.5763
18	30519520	26663573	24516189	35199009	290048	290048	0	0	0	92627	253573	288102	304457	352971	369546	429891	514282	460699	607340	692525	602681	954150	659488	1028295	978632	1049042	1268370	1078654	1580312	1313163	1524399	1757840	1663477	1815423	2285913	2374362	2705146	2986644	4141350	4380962	6998135	15873305	47162110	6350425	0	0	0	0.8397
19	30602858	26604152	24687337	35169180	124812	124812	0	0	0	94624	262611	297911	315053	363479	380635	441172	522891	473468	616999	697129	618924	955783	678855	1029479	989419	1055184	1277713	1090525	1577295	1326330	1533035	1765672	1673817	1834933	2290166	2383410	2722261	3015644	4135981	4405179	7024589	15862691	46848708	6501962	0	0	0	0.7124
20	30736551	26535838	24716591	35176815	22544	22544	0	0	0	97808	267345	305643	321360	371714	386450	447628	532783	473915	626574	707423	615551	966922	672932	1038793	991522	1055830	1279360	1088656	1581746	1325823	1527417	1764534	1674966	1821828	2292228	2381054	2714768	3004341	4142904	4406662	7034491	15883260	46858048	6503516	0	0	0	0.6342
21	30686873	26697930	24754156	35047963	1417	1417	0	0	0	107630	286656	322621	336987	386944	397922	459679	545407	483783	632894	712568	623916	966661	681867	1039338	997311	1051745	1280087	1088004	1574722	1330902	1524915	1759358	1678528	1823117	2287839	2377402	2719203	3015031	4129760	4421950	7035801	15869709	46590121	6646544	0	0	0	0.6375
22	30598377	26581626	24787595	34778404	442337	442337	0	0	0	130184	333745	361285	367276	412363	418815	478390	559572	491525	643853	720414	628890	967624	682907	1038508	995223	1047733	1271251	1081969	1565657	1324412	1512255	1751293	1665455	1815310	2275373	2365211	2704360	3000232	4104039	4412361	7011205	15780303	46156719	6670290	0	0	0	1.0567
23	30825140	26516087	24910068	34929979	7065	7065	0	0	0	120909	316042	351632	363889	415064	422833	485071	569789	503483	654928	733790	642063	983913	697498	1056332	1012337	1061647	1290200	1101692	1580591	1343894	1535216	1770799	1685272	1838274	2298085	2386004	2731841	3034074	4130547	4458948	7072524	15825462	45930587	6776044	0	0	0	0.6804
24	30684235	26658541	24955902	34790672	98989	98989	0	0	0	126216	330029	360793	372229	419919	427125	487237	569566	508890	654555	728583	648846	974416	706734	1047966	1012771	1057063	1286252	1102348	1567803	1347810	1532288	1764365	1682728	1843470	2292380	2377536	2730680	3036770	4111125	4451639	7060446	15801282	45825674	6841816	0	0	0	0.7691
25	30834806	26636469	25038954	34676462	1648	1648	0	0	0	122367	323649	355739	368658	416597	424979	487315	570899	505230	656579	734168	648246	983346	705592	1057152	1017916	1059722	1290098	1104552	1578698	1350801	1532635	1767966	1691434	1840159	2294188	2387510	2737590	3043955	4122636	4464401	7065145	15810257	45810414	6856098	0	0	0	0.6813
26	30757114	26532202	25046342	34702113	150568	150568	0	0	0	129750	338670	370415	381308	429557	434431	496867	581369	512813	665300	738494	652574	984695	708669	1058109	1020498	1059629	1290281	1106237	1573619	1352751	1527090	1769148	1688506	1837453	2289895	2379357	2731320	3037543	4116049	4465499	7056937	15773584	45585473	6893881	0	0	0	0.8256
27	30474604	26645992	24957154	34568882	541707	541707	0	0	0	144181	368956	392382	396993	441314	444032	503790	585973	516243	668601	741865	655552	984859	709027	1056449	1021260	1055982	1287658	1102742	1570463	1353863	1521627	1762677	1686262	1829146	2285051	2372867	2724775	3032840	4095770	4453134	7031462	15690897	45229454	6928485	0	0	0	1.1837
28	30562628	26657899	25023768	34486938	457106	457106	0	0	0	149915	369952	394731	401100	446540	450169	511770	593465	525452	674078	746961	667901	986664	724454	1063161	1028564	1066316	1294028	1115217	1571409	1363916	1536971	1769364	1697820	1850080	2294430	2380124	2740903	3052942	4097163	4467441	7046572	15669179	44997875	6984606	0	0	0	1.1195
29	30666314	26643631	25100186	34745642	32566	32566	0	0	0	171554	380138	408728	412519	457711	460196	524322	603871	533231	686830	757942	676449	997845	730793	1070796	1039142	1071712	1302873	1122777	1578828	1374554	1539585	1779582	1702051	1852728	2301039	2388821	2749741	3067571	4109444	4485631	7064065	15695655	45006390	7050659	0	0	0	0.7791
30	30526468	26717444	25042985	34575486	325956	325956	0	0	0	176561	394350	417502	418899	462557	462374	526226	606250	534359	687399	757889	674569	997742	728405	1069023	1036769	1065766	1299782	1115237	1571706	1369383	1530832	1769029	1699919	1843844	2292800	2378787	2740614	3054502	4092197	4476467	7055391	15663019	44828482	7063752	0	0	0	1.0388
31	30720292	26723380	25250546	34435424	58697	58697	0	0	0	162602	415709	441676	441022	485869	482196	544648	627233	550673	704207	774171	691843	1008986	746061	1085158	1052814	1078761	1314015	1132791	1583509	1386280	1546281	1782531	1716548	1863453	2308156	2394163	2763137	3087114	4106336	4523405	7096228	15673522	44388132	7170412	0	0	0	0.8331
32	30722716	26671139	25210717	34540500	43267	43267	0	0	0	154413	403662	427205	431807	473841	473508	534775	617167	543842	694197	765406	684949	1000725	741606	1075488	1044864	1071102	1305582	1127623	1572679	1382322	1540277	1774727	1711602	1860904	2303987	2389322	2756724	3082316	4106646	4510568	7081665	15682755	44595840	7220976	0	0	0	0.8032
33	30666809	26829078	25209202	34439531	43719	43719	0	0	0	164642	427870	448340	449022	491505	487404	550009	630792	555917	705279	776061	698255	1006976	753124	1083031	1055765	1075424	1312417	1137214	1576632	1391986	1544520	1779274	1719750	1869383	2308845	2391389	2766552	3091808	4105478	4520918	7090389	15643658	44279012	7255979	0	0	0	0.8297
34	30586061	26723321	25216041	34242222	420694	420694	0	0	0	193781	480540	490898	484390	522776	514904	575770	654019	576639	725050	793649	716827	1021708	771913	1096517	1071375	1087615	1324039	1148186	1581777	1408216	1552771	1787819	1725720	1876431	2311946	2397346	2771721	3098850	4091635	4540533	7096944	15523156	43463548	7288636	0	0	0	1.2059
35	30565626	26795661	25252259	34355606	219187	219187	0	0	0	187851	475137	488599	481831	522605	514490	573586	655525	573269	727107	796367	714912	1020467	769421	1098154	1072058	1084058	1319655	1147844	1581229	1408838	1551151	1784601	1732849	1875546	2313556	2396061	2776117	3109181	4102390	4553541	7115379	15564514	43537114	7344149	0	0	0	1.0293
36	30603801	26905843	25283631	34368578	26486	26486	0	0	0	189131	478195	490184	485094	525261	516162	576750	656155	578280	728680	796035	720231	1020175	775706	1095780	1074308	1082798	1323189	1151769	1578925	1410898	1554024	1788337	1733586	1883009	2315653	2403426	2781270	3117626	4096624	4553489	7110803	15572123	43566272	7431905	0	0	0	0.8685
37	30667591	26915072	25371267	34230593	3816	3816	0	0	0	195827	495935	506883	498587	537147	526408	587978	667841	587656	736498	805838	728754	1026156	786443	1105657	1080787	1091579	1329998	1162212	1584692	1421443	1563367	1794823	1741454	1893146	2323973	2405919	2785868	3125788	4095830	4556765	7108249	15546585	43373926	7404511	0	0	0	0.8688
38	30566043	26876158	25355988	34332344	57806	57806	0	0	0	202999	508892	520219	509665	547143	534102	596082	677119	594012	745784	812382	736538	1037450	790739	1115709	1089270	1094624	1338755	1166765	1591024	1432483	1563433	1801041	1751079	1898410	2329953	2414892	2799107	3141919	4109432	4592890	7146526	15510900	42975027	7454168	0	0	0	0.9309
39	30502046	26906883	25294993	34225594	258823	258823	0	0	0	202834	516102	528041	515721	554217	537837	599613	682449	591761	748662	815302	732235	1040238	784306	1113920	1086943	1090060	1333447	1157290	1588405	1424281	1554278	1798734	1747367	1883257	2325383	2412069	2789682	3130728	4104312	4582041	7129533	15485901	42921427	7421140	0	0	0	1.1087
40	30554112	26934508	25432277	34198141	69301	69301	0	0	0	210748	537682	543937	530716	566356	548803	608809	687452	603500	754486	818068	743802	1035640	797482	1114176	1092514	1095431	1332258	1171667	1583939	1432682	1561420	1798364	1750794	1900625	2328989	2414257	2800338	3145806	4098638	4590387	7126304	15472920	42793941	7526107	0	0	0	0.9670
41	30441703	26844902	25416051	34178121	307562	307562	0	0	0	229524	571199	572876	554002	587926	564866	626519	706299	613294	768329	834662	751072	1050871	801965	1127535	1098634	1100328	1340679	1169213	1589024	1437900	1560736	1799815	1754830	1894244	2329251	2409288	2795918	3140872	4097128	4582349	7112232	15403852	42426264	7477281	0	0	0	1.2059
42	30448093	27021804	25409919	34256429	52094	52094	0	0	0	222077	570079	572343	554099	588405	567216	629015	706617	615082	769812	834514	755140	1049949	808761	1127523	1105939	1103873	1343912	1176436	1593678	1445973	1567164	1806199	1764888	1903403	2339148	2421209	2806945	3160202	4107032	4607181	7143303	15431992	42392057	7545079	0	0	0	0.9863
43	30373684	26967221	25437610	34144428	265396	265396	0	0	0	232418	593955	593371	572263	603989	580626	640626	719869	625700	780014	844160	765427	1058474	817254	1133559	1113993	1108120	1348301	1185176	1594661	1454888	1570130	1811033	1770789	1911880	2343294	2424560	2811247	3170135	4104537	4617948	7144926	15362333	41949077	7564210	0	0	0	1.1935
44	30310356	26952135	25479310	34235724	210814	210814	0	0	0	252946	643517	635613	607846	635907	609330	665781	742429	647516	800432	862780	787166	1069526	839968	1146020	1130464	1120046	1364163	1201998	1599926	1473686	1584314	1821173	1785089	1930192	2354546	2434141	2831456	3194881	4107638	4647322	7162662	15301729	41392632	7592690	0	0	0	1.1981
45	30212084	27156803	25507577	34288993	22882	22882	0	0	0	301962	686548	677158	642594	669747	636710	698076	773592	669851	830807	892170	812373	1102888	863475	1180018	1159302	1146414	1391363	1227403	1629077	1505170	1608587	1851117	1817260	1955409	2388653	2469273	2868901	3237190	4149423	4712403	7243283	15220583	40654541	7492136	0	0	0	1.1003
46	30299562	27096962	25565915	34045855	180045	180045	0	0	0	274429	693981	682226	646653	672068	636678	697588	778519	667325	829332	889525	807975	1099244	854578	1176644	1153563	1135369	1386205	1219764	1623594	1497834	1598929	1842969	1812271	1947010	2382081	2462877	2862611	3231462	4143562	4700601	7218098	15213122	40661110	7508497	0	0	0	1.2284
47	30265123	27019600	25529261	34135127	239228	239228	0	0	0	267436	687998	676863	641866	663824	632543	690341	766439	666412	820392	882690	804996	1087788	853247	1166774	1147082	1131055	1375583	1217355	1610402	1492142	1594750	1834113	1805445	1945527	2370856	2450875	2854053	3218229	4119068	4675007	7169193	15212502	40805018	7611247	0	0	0	1.2685
48	30028985	27125787	25478258	34086036	469273	469273	0	0	0	279857	722356	704742	663552	685497	647739	704066	779790	674249	829316	888712	814013	1091634	860692	1170514	1149253	1134524	1377837	1222382	1610979	1495024	1595884	1832317	1805813	1943978	2365844	2442763	2845361	3214035	4107475	4661470	7142681	15127601	40526113	7601003	0	0	0	1.4961
49	30249268	27169484	25648836	34041503	79248	79248	0	0	0	286867	740011	721108	680401	701702	660262	720015	795331	687531	844042	903819	826578	1108307	871730	1185728	1168254	1145733	1391778	1234703	1626968	1514249	1606561	1853530	1828694	1961220	2391719	2468380	2873120	3248261	4140993	4714412	7198586	15143394	40237347	7627757	0	0	0	1.1865
50	30120561	27026503	25596097	34005668	439510	439510	0	0	0	322140	823764	802780	748463	766238	712627	774707	856322	724328	897534	958037	861878	1164920	896949	1240441	1207270	1174416	1431833	1263996	1671093	1558811	1632529	1894114	1874460	1999686	2441178	2526699	2933091	3330327	4200697	4822841	7316050	14899276	38443453	7575881	0	0	0	1.5919
