#Name	E:\SaveData\2016-10-13_16_03_13_1001160050_R0039_A_CL100009724_BGI12084_WESPE_result\\CL100009724\L01\CL100009724_L01_32_1.fq
#PhredQual	33
#ReadNum	64297899
#row_readLen	50
#col	48
#BaseNum	3214894950
#N_Count	2668088	0.082991
#GC%	46.50
#Q10%	98.92
#Q20%	95.78
#Q30%	86.75
#EstErr%	0.481556
#Pos	A	C	G	T	N	0	1	2	3	4	5	6	7	8	9	10	11	12	13	14	15	16	17	18	19	20	21	22	23	24	25	26	27	28	29	30	31	32	33	34	35	36	37	38	39	40	41	Err%
1	21370310	14907967	15068964	12948652	2006	2006	0	0	0	1630	17081	28055	26254	26034	25188	27170	28701	28519	33129	37315	39209	51628	52203	60400	72474	114532	139632	152220	190065	239507	275221	323227	409330	426783	626269	695542	913071	975790	1071457	935074	1750327	6131030	41023198	7348628	0	0	0	0.1034
2	18423425	12189406	16232913	17447515	4640	4640	0	0	0	6693	18840	26049	24445	24937	25494	28189	31572	31950	38677	44140	49215	66447	67069	78907	101074	151503	185336	200504	251049	306807	349803	405750	484113	501557	692196	754607	958716	1072018	1305544	1237944	2247570	7027394	39228841	6268309	0	0	0	0.1183
3	17694501	14775798	13936507	17862394	28699	28699	0	0	0	12312	17958	25674	24936	25585	26520	30418	33353	34973	43293	48657	55323	74835	74173	86531	113413	166686	203878	217172	271493	329372	373622	430994	509812	526120	717298	774081	970222	1077659	1327703	1284430	2312980	7083227	38831445	6133052	0	0	0	0.1633
4	18095641	14477837	14263327	17393085	68009	68009	0	0	0	2433	17430	23531	22847	23488	23553	27297	30238	31119	38721	43761	49798	66805	68719	79879	105831	160080	197070	211784	266495	323119	368010	425862	501366	523063	706432	766849	961352	1077707	1343332	1319744	2376634	7226619	38678035	6140887	0	0	0	0.2121
5	17943374	14259705	14903156	17186644	5020	5020	0	0	0	2648	14335	20604	20371	21046	22450	25784	29204	31184	38992	44957	52019	70814	71522	83777	112461	168441	208089	221103	280904	333971	382543	442422	515566	536970	726196	783804	980321	1102821	1389894	1373567	2462213	7361051	38433069	5927766	0	0	0	0.1113
6	17679022	14526489	14662778	17425657	3953	3953	0	0	0	1945	13100	18931	18855	20084	21362	25003	28325	30178	38621	44564	51754	71141	71966	84937	114891	172894	213726	226387	288147	341423	391722	451680	522264	544079	732183	789349	988181	1111806	1419033	1410850	2534727	7492019	38283814	5724005	0	0	0	0.1072
7	18116539	14114512	15069169	16922271	75408	75408	0	0	0	2445	17171	21312	21028	22188	23127	27117	30692	32436	41305	46331	54290	75053	74192	87456	118484	176486	218367	231223	294494	343276	394898	456078	523795	548702	736006	796831	993751	1127850	1452976	1457181	2613467	7618982	37857227	5686274	0	0	0	0.2250
8	17604947	14749335	14304735	17638643	239	239	0	0	0	1088	12824	17764	17936	19431	20692	24471	28451	30034	39272	45478	53393	74085	74500	87600	121657	182014	225161	235687	304287	351070	403803	467554	531416	554718	745137	802250	997222	1123420	1468138	1472323	2651296	7692895	37902805	5517788	0	0	0	0.1010
9	17521082	14533603	14573484	17668546	1184	1184	0	0	0	1339	13626	18381	18932	20396	22113	26160	30333	32228	42409	48561	56162	79604	78741	93258	126871	188560	233304	243486	313666	357283	412477	476370	535986	565569	753894	810724	1008175	1146673	1510191	1534081	2740164	7818261	37428193	5510544	0	0	0	0.1066
10	17794012	14368925	14860915	17267018	7029	7029	0	0	0	1677	14575	19679	19876	21504	23449	28158	32563	34715	45424	52313	59966	84994	82967	99449	134760	196649	243902	250265	326017	365812	421968	487878	545000	576392	765763	823392	1020858	1165999	1540945	1570699	2801825	7918733	37082284	5430420	0	0	0	0.1205
11	17898733	14331847	14877179	17189570	570	570	0	0	0	2092	15989	20862	21510	23544	25719	30583	35819	37331	49545	56795	64463	90889	88385	107065	142236	205845	254616	259482	338241	375943	432604	497770	552342	588873	776567	835065	1034712	1185082	1575300	1626149	2885719	8025409	36623406	5411377	0	0	0	0.1167
12	17818237	14476436	14903043	17097231	2952	2952	0	0	0	2642	16282	21487	22420	24630	26882	32537	37927	39538	51903	59974	67411	96227	91894	112333	147849	212680	263197	265580	349077	381823	441737	507860	558270	597050	785916	845826	1044378	1193925	1597133	1650628	2935448	8086647	36409643	5316193	0	0	0	0.1243
13	17856668	14385880	14996218	16969748	89385	89385	0	0	0	3721	20811	25642	26091	28608	30887	36558	42804	44284	58242	66206	73697	105167	98629	122839	157936	223610	276343	276372	364476	391956	453933	522183	565725	607226	798160	857962	1055889	1209433	1623048	1692446	2992607	8157805	35945187	5252031	0	0	0	0.2708
14	17785784	14398928	14980313	17042680	90194	90194	0	0	0	4399	21229	26868	28075	31560	34035	40795	47742	48634	64250	73854	79141	114999	105963	133186	168504	234416	288852	285176	380778	402938	466521	535553	575993	619923	809750	872553	1066227	1219833	1649223	1718045	3035505	8222049	35655148	5145988	0	0	0	0.2800
15	17751248	14558042	14998795	16985420	4394	4394	0	0	0	5759	24430	30362	31095	34678	37547	44315	51515	52721	69171	78648	84838	122034	111063	139989	176383	242492	298769	294047	390411	409861	476297	546274	585165	634218	823712	883677	1082970	1239807	1677387	1763758	3098770	8289199	35352231	5109912	0	0	0	0.1565
16	17814392	14500173	15050958	16926621	5755	5755	0	0	0	9772	36694	44501	45535	49926	53644	62348	72225	71642	91858	105042	110328	156689	139932	178205	213401	243158	301366	295200	393887	411319	478026	548958	584859	639196	825346	888407	1088963	1254464	1693411	1799848	3150572	8343677	34772179	5137566	0	0	0	0.1999
17	17738171	14519957	15088910	16915740	35121	35121	0	0	0	11894	39338	47561	47884	52859	56719	66048	76391	75861	97435	110897	114181	165042	144607	187018	220299	251859	312127	302630	405561	419575	487579	559427	590555	644225	835016	898695	1095331	1257868	1712323	1817244	3187278	8385484	34572968	5012999	0	0	0	0.2554
18	17602147	14592841	15076202	16820305	206404	206404	0	0	0	16655	49524	55795	55283	60168	62744	72817	84068	81697	104115	118354	120052	172975	148968	194582	227394	259011	319941	309010	414462	424968	493794	567751	596074	651831	841718	904168	1100743	1266854	1729769	1837870	3211660	8412242	34200134	4924304	0	0	0	0.5433
19	17726114	14570521	15194836	16794475	11953	11953	0	0	0	18748	52180	59381	58990	64991	68149	77558	90037	87045	110756	125023	127306	182886	157905	205737	238031	268823	331915	318850	429675	435496	506425	578736	605782	665922	855353	918733	1120535	1290057	1760226	1882247	3272543	8494276	33870824	4954805	0	0	0	0.2535
20	17678136	14562417	15164990	16818004	74352	74352	0	0	0	22394	62887	69768	68585	73208	75716	86067	98270	94720	119483	135817	136778	193784	167742	218833	250456	279280	345690	330759	443210	448426	519099	595484	620049	683454	874115	936066	1137706	1311560	1785798	1925347	3328292	8522116	33324866	4937722	0	0	0	0.3757
21	17575957	14607868	15145931	16720090	248053	248053	0	0	0	26119	64260	70314	69898	75418	77567	88311	101986	97679	124129	140201	139860	202070	171439	225617	255899	286161	353883	336316	452020	453177	525027	602236	622432	687573	878656	943007	1144744	1318157	1802389	1939888	3359442	8546878	33008779	4858314	0	0	0	0.6534
22	17632436	14559511	15267649	16673331	164972	164972	0	0	0	28633	68968	74958	74112	80848	83492	95091	108894	104910	132162	148335	147936	211213	181223	237179	267822	297979	367214	346944	466864	464586	539345	616887	636677	704626	894374	961729	1164997	1342729	1827894	1982198	3406330	8595919	32618413	4851446	0	0	0	0.5399
23	17697988	14560780	15322322	16715033	1776	1776	0	0	0	30986	73120	79937	79007	86510	89304	101900	116557	112390	141037	159558	158310	224489	192247	250557	281187	309052	381224	360344	481065	478379	554763	633965	651239	726277	914193	981702	1190695	1370957	1859165	2032018	3469300	8652135	32213961	4858593	0	0	0	0.3027
24	17603378	14698929	15313749	16678220	3623	3623	0	0	0	34078	76162	82889	82354	90593	93484	106599	122557	117094	147126	165663	161889	233403	195860	260226	288544	318789	391679	367170	495448	485015	564246	644726	657939	730876	924376	990909	1197331	1376760	1880108	2050833	3496997	8688435	32006215	4767903	0	0	0	0.3175
25	17661987	14652627	15368219	16589595	25471	25471	0	0	0	37582	81990	89082	88031	96997	99025	113451	129207	122181	154221	174920	169508	246009	202979	271668	297899	329145	403798	375124	510207	493077	573752	655082	664401	740881	937355	1002645	1206203	1386568	1895958	2071891	3528921	8709264	31685632	4727774	0	0	0	0.3691
26	17676646	14604608	15376966	16637144	2535	2535	0	0	0	41827	88181	94656	93535	102250	104931	119686	136379	129422	162553	182476	177798	255604	211310	281814	308283	337089	415711	385943	521278	503731	585691	669893	675362	755324	951176	1020282	1225609	1407944	1921735	2104342	3576032	8744347	31294012	4709158	0	0	0	0.3514
27	17530524	14717335	15345841	16584045	120154	120154	0	0	0	48234	100358	104995	102975	111736	113270	128923	146241	137590	172305	191537	186440	264759	221203	293224	318970	346773	424864	394977	531153	514019	595894	679309	687058	768732	962799	1030481	1241170	1426962	1937240	2135357	3602536	8744093	30785793	4725775	0	0	0	0.5622
28	17621762	14692988	15427548	16524882	30719	30719	0	0	0	50991	102472	107690	104301	114329	116381	132172	150019	141498	177053	198070	190842	273911	226451	302821	327896	355855	437205	401036	545133	520621	604694	692601	692009	777343	975930	1042936	1251147	1436858	1955673	2162400	3641750	8785416	30600878	4670798	0	0	0	0.4325
29	17632056	14613596	15417980	16549768	84499	84499	0	0	0	57190	115827	119271	115551	125624	126612	141563	161641	151386	187725	209760	201293	286619	236321	315566	338733	366400	449469	413101	558933	533232	617015	705281	704747	791946	989103	1057529	1266816	1454450	1973877	2183393	3667849	8796499	30143086	4649992	0	0	0	0.5474
30	17530698	14757129	15445017	16561320	3735	3735	0	0	0	58807	116023	119636	116933	127812	129327	145735	166127	155374	192965	216196	208159	293959	243556	324054	348198	374824	459882	422282	570388	542619	629717	715573	715283	809697	1005986	1071383	1285916	1475829	1996737	2216756	3710162	8817018	29872641	4638610	0	0	0	0.4289
31	17574423	14702633	15523262	16434791	62790	62790	0	0	0	64651	125311	128618	124383	135013	137212	154065	174568	163731	202122	225360	216900	306188	253462	335608	358582	385595	472089	432300	583929	554430	641070	728100	726655	821267	1019694	1087436	1300093	1491607	2015704	2241953	3736454	8820867	29453393	4616699	0	0	0	0.5450
32	17552433	14644214	15488037	16445868	167347	167347	0	0	0	70685	137399	138793	134281	145171	145953	162565	184671	172100	212151	236383	225034	318291	261255	350109	371888	396012	484596	443299	598458	563162	651543	742132	736252	833277	1028753	1096345	1311863	1504462	2031715	2258179	3754885	8812833	29032009	4584048	0	0	0	0.7359
33	17495551	14748753	15486730	16419163	147702	147702	0	0	0	74967	141546	144190	139419	150709	150829	168638	191139	176668	219117	244836	230314	329235	266193	360209	378684	404807	495406	449125	609532	569965	657560	751738	741418	838128	1040609	1108570	1316351	1509093	2046947	2272017	3768914	8824562	28856489	4522273	0	0	0	0.7211
34	17579893	14737807	15596297	16379368	4534	4534	0	0	0	81104	154169	154734	149334	160300	160196	178998	202509	187666	232407	256659	243642	341832	280388	373313	393422	416689	511696	464103	626331	587056	676398	768013	759698	860609	1061266	1128009	1344354	1540841	2068688	2314192	3812911	8842743	28408950	4550145	0	0	0	0.5290
35	17528692	14719694	15560543	16449131	39839	39839	0	0	0	85864	157879	157467	152745	164781	163773	183248	207752	191870	237663	262506	248048	350893	285911	384126	401895	424485	521097	470500	637386	592738	683766	778335	767059	870162	1071875	1137484	1354436	1549723	2088912	2332219	3835829	8844632	28145492	4515509	0	0	0	0.5968
36	17479273	14798701	15582071	16433661	4193	4193	0	0	0	89903	166053	165771	159947	170811	170855	191215	215175	199763	245397	271400	256640	361160	294458	394538	412039	434058	531298	479399	650049	602803	694778	791848	776199	882973	1086591	1151347	1370816	1567873	2101723	2356596	3865511	8856609	27826925	4501185	0	0	0	0.5626
37	17513138	14758949	15643817	16347296	34699	34699	0	0	0	94413	168763	169422	163603	175278	175399	195359	221208	202766	252099	280005	260929	373224	297342	404325	417830	443102	540967	483850	661495	608149	702322	800558	783398	886968	1094557	1162846	1377988	1573781	2123062	2370455	3888746	8860889	27625923	4422179	0	0	0	0.6231
38	17506898	14729402	15635200	16407219	19180	19180	0	0	0	99746	178293	177290	171433	184512	183250	204026	230512	211235	261679	289309	267826	383571	303634	416725	428608	453061	552535	492152	675219	617461	711868	812121	793654	896242	1106860	1174593	1388772	1585476	2136459	2385620	3899770	8858685	27372762	4373760	0	0	0	0.6231
39	17449459	14827099	15645861	16371253	4227	4227	0	0	0	106492	193784	188841	180412	193948	191488	212747	240013	219877	269849	296882	279925	391443	318490	426346	441265	461784	562372	507147	683594	631785	724850	824033	807806	915305	1122730	1190124	1412915	1608886	2150194	2414908	3925196	8842337	26920389	4435515	0	0	0	0.6300
40	17475327	14775764	15709195	16296784	40829	40829	0	0	0	113941	206522	199919	191578	204476	201216	223402	250206	229318	279191	308036	289727	402948	328496	438457	451757	471847	574586	517289	695606	642750	736970	836018	818859	931686	1134351	1202772	1424641	1625135	2159381	2433052	3937408	8825450	26553589	4416490	0	0	0	0.7178
41	17469555	14735094	15687915	16335169	70166	70166	0	0	0	119056	214227	207858	197490	210991	206582	229218	258288	234018	287853	315951	295980	413980	334019	448277	461579	480545	585269	523738	709185	652297	745710	848186	827134	937150	1148597	1212159	1438341	1634855	2176974	2448881	3949571	8815474	26273674	4384626	0	0	0	0.7835
42	17406317	14858717	15713927	16310499	8439	8439	0	0	0	126736	228898	220657	209391	221159	216870	239786	269204	243960	298444	327241	307129	423625	346737	460184	472796	490691	597262	536297	718284	663141	757704	859033	842651	953033	1160916	1225161	1455119	1653731	2191644	2467836	3967160	8800592	25932339	4404049	0	0	0	0.7207
43	17441731	14811197	15750469	16275032	19470	19470	0	0	0	132012	236783	227103	215343	228836	223130	246875	276676	250427	306353	335899	313428	434453	352158	470752	482089	498457	607820	541070	732631	669825	766479	867576	847376	959934	1169319	1234510	1458683	1661093	2200514	2479486	3982395	8796338	25714115	4358491	0	0	0	0.7582
44	17454143	14778773	15741920	16317634	5429	5429	0	0	0	138700	245864	235824	222665	237220	230095	256150	287114	257022	316503	346489	321870	447552	358766	484889	492526	506970	620310	549651	746456	679764	774584	881980	859949	970670	1184268	1245810	1472157	1672276	2217101	2497471	4001774	8780082	25425164	4326784	0	0	0	0.7613
45	17344577	14862789	15714959	16251180	124394	124394	0	0	0	150516	276374	260564	242589	254238	245043	269462	299278	269661	328539	355212	334990	454587	374117	494094	505208	517261	628767	562585	752378	694189	786152	891266	869474	983994	1195093	1255164	1484691	1684740	2218795	2508660	3998102	8725552	24963324	4338846	0	0	0	1.0004
46	17397815	14862246	15819920	16214218	3700	3700	0	0	0	154819	285233	268481	251291	261918	253623	278018	309537	278786	339387	367438	345725	468107	385812	508183	518131	528798	642844	577961	766658	709001	802754	906088	884755	1002689	1209868	1270643	1504748	1705831	2235529	2530648	4017194	8718193	24683203	4322305	0	0	0	0.8372
47	17383935	14809677	15780028	16238455	85804	85804	0	0	0	162980	293609	276187	257028	270948	260186	285897	319219	284901	347374	378081	352008	482670	389171	518386	524947	538580	654339	582422	780260	716225	808725	914019	891792	1006058	1219062	1278831	1511508	1713130	2247389	2537976	4021856	8689928	24414936	4281467	0	0	0	0.9885
48	17294607	14876774	15742340	16189558	194620	194620	0	0	0	176045	317568	296715	273921	285706	273870	297869	333336	294428	360415	389365	361891	492539	399178	531114	536346	545943	663131	590989	790322	722715	814602	924069	898489	1016941	1226639	1286514	1516324	1720165	2248097	2546862	4022020	8640993	24053090	4255068	0	0	0	1.2056
49	17375143	14841287	15814514	16118944	148011	148011	0	0	0	186356	335580	311080	286595	298493	283822	309502	344521	305119	371188	399219	372741	504188	409848	543744	547746	557590	676918	602904	802605	734644	827220	937088	911683	1027534	1239681	1298904	1532171	1732953	2263987	2564414	4038875	8624240	23734231	4232504	0	0	0	1.1714
50	17373221	14793020	15832958	16218789	79911	79911	0	0	0	197149	352086	330495	303517	317950	300758	328044	366511	320428	393263	424575	389708	533103	424778	574803	571283	579228	701784	623033	833340	758428	848211	963208	933693	1050816	1272054	1326110	1560738	1763527	2295844	2615407	4101788	8571532	22949758	4341038	0	0	0	1.1169
