#Name	E:\SaveData\2016-10-13_16_03_13_1001160050_R0039_A_CL100009724_BGI12084_WESPE_result\\CL100009724\L01\CL100009724_L01_25_2.fq
#PhredQual	33
#ReadNum	88255114
#row_readLen	50
#col	48
#BaseNum	4412755700
#N_Count	6146147	0.139281
#GC%	43.50
#Q10%	98.15
#Q20%	91.97
#Q30%	79.04
#EstErr%	0.820260
#Pos	A	C	G	T	N	0	1	2	3	4	5	6	7	8	9	10	11	12	13	14	15	16	17	18	19	20	21	22	23	24	25	26	27	28	29	30	31	32	33	34	35	36	37	38	39	40	41	Err%
1	28816887	21313049	18707810	19412640	4728	4728	0	0	0	8964	34588	47858	54803	70904	88020	176725	221574	216636	308770	365671	335862	578553	380532	644409	616008	731341	852539	752802	1142326	917097	1127250	1292280	1247582	1355062	1761874	1838332	2097513	2315969	3340351	3301174	5314462	12457853	37990547	4264155	0	0	0	0.2913
2	24581624	17068353	19805727	26749361	50049	50049	0	0	0	29079	93365	120873	137098	169582	191203	297351	365223	332523	439268	515224	428040	728802	466261	774028	707618	814957	954857	806825	1221793	950876	1180259	1335394	1240892	1382243	1750443	1818999	2057591	2252706	3282184	3195190	5178303	12439694	36482412	4063909	0	0	0	0.5094
3	23395267	20318321	16725167	27534455	281904	281904	0	0	0	35419	90573	111280	123548	151444	169630	276465	342574	308615	417986	487147	408867	702970	447343	750015	690633	788273	927979	784034	1194528	933138	1143130	1306833	1217503	1340942	1712025	1777379	2006175	2197547	3216673	3143124	5110022	12410223	36884811	4364362	0	0	0	0.7493
4	24068902	20001562	17257781	26923865	3004	3004	0	0	0	22774	73009	95555	108973	136303	155121	263271	326205	297782	405680	473842	399998	692296	435128	742242	684476	782216	923091	775656	1192612	930425	1136597	1302644	1219106	1329960	1709417	1773941	2002605	2183946	3211667	3119214	5080028	12481780	37468756	4315794	0	0	0	0.4024
5	24021074	19381533	18219514	26631146	1847	1847	0	0	0	25078	83028	105974	119072	146647	165703	274800	337756	310101	416035	484794	415079	696615	456758	749373	695856	787470	931808	788619	1190999	944318	1144544	1308429	1225312	1348875	1714328	1776231	2014207	2208691	3207329	3147993	5101768	12459513	36883953	4586211	0	0	0	0.4204
6	23492249	19745849	18004331	27010372	2313	2313	0	0	0	23502	77812	100843	113564	142699	161414	271239	336358	305812	416445	484839	412053	701365	448909	754883	694483	788097	932065	786071	1198102	942143	1141390	1307628	1226220	1336341	1712876	1774889	2006674	2195961	3202575	3149165	5106556	12486862	37057338	4455628	0	0	0	0.4135
7	24193558	19204738	18585928	26263721	7169	7169	0	0	0	29317	87826	112684	125112	154254	171844	282853	347567	312849	424898	493433	418486	707251	453821	758050	700210	789477	935838	787800	1195817	945566	1139436	1309232	1228150	1335233	1711481	1773196	2006845	2196608	3193159	3149264	5098401	12468274	36904094	4499619	0	0	0	0.4391
8	23187645	19993377	17308124	27764917	1051	1051	0	0	0	28450	89016	113488	126154	155756	172568	285370	351178	315395	431033	496657	420180	713402	455892	764915	703444	790328	936314	788979	1196284	947832	1138740	1306484	1228011	1333660	1702924	1768968	2002721	2192041	3181899	3154466	5107324	12479220	36756840	4618130	0	0	0	0.4348
9	22994313	19627355	17588878	27723981	320587	320587	0	0	0	32203	97618	117394	127431	155167	172366	282637	344369	314015	420642	488062	417654	696991	457273	745467	698548	774887	924984	780599	1171974	942732	1120704	1292209	1213954	1322005	1687417	1754674	1987733	2187653	3150364	3149476	5096813	12442137	36729908	4636467	0	0	0	0.7992
10	23428015	19610796	18032143	27121139	63021	63021	0	0	0	39088	99723	122634	133986	162726	178695	291171	354160	319369	428964	495882	424058	704044	459940	755178	706650	782031	933631	783656	1182264	951899	1127075	1298788	1224127	1327186	1695713	1758990	1993584	2189118	3161628	3151247	5093934	12456023	36764783	4640148	0	0	0	0.5206
11	23562031	19578855	18059821	27050660	3747	3747	0	0	0	31870	97831	121632	135130	163748	182003	295389	357752	324207	434005	499137	426894	706456	466641	757974	705795	783157	936909	787062	1181282	951715	1128629	1301553	1222772	1331053	1696496	1760801	1997423	2195828	3164363	3161793	5108737	12474990	36635603	4724737	0	0	0	0.4522
12	23450363	19693339	18034203	26817203	260006	260006	0	0	0	37097	108556	128375	139684	167623	182660	298009	356785	327472	432877	497801	432103	700261	473433	751763	709340	778884	932809	786471	1172070	952708	1126899	1295307	1218683	1332289	1688673	1750900	1992073	2194392	3142733	3159559	5095467	12420542	36411952	4798858	0	0	0	0.7527
13	23656124	19636681	18074645	26835586	52078	52078	0	0	0	34655	106106	129108	141864	171714	187066	303952	365046	331867	439046	504798	436905	707252	480053	759337	715569	782611	939315	794426	1178547	957997	1132714	1300068	1225506	1339021	1693998	1760820	2003877	2206350	3149488	3173416	5118888	12458114	36302533	4871009	0	0	0	0.5206
14	23529156	19615442	18084198	26780857	245461	245461	0	0	0	36622	110394	131510	143136	172712	188444	302699	366268	331182	440796	506879	435651	712068	475172	760701	713991	782216	935179	789279	1177643	956007	1124130	1298388	1223330	1328635	1686480	1754670	1990337	2194751	3141133	3157887	5097575	12428153	36281717	4833918	0	0	0	0.7434
15	23513425	19765368	18172236	26715636	88449	88449	0	0	0	35913	110415	133643	146130	175872	191759	308622	372072	335159	446391	510516	439205	714912	477309	764462	718238	781895	936980	791693	1178207	962037	1123587	1300751	1224567	1327171	1691005	1751747	1991687	2197263	3133517	3175317	5116674	12461071	36209019	4931859	0	0	0	0.5699
16	23453254	19731508	18139134	26618538	312680	312680	0	0	0	62865	176125	206191	219604	256552	267914	312914	374657	333621	443570	504013	435204	696736	474132	748460	707973	764686	922163	780945	1151332	951022	1107607	1278278	1212037	1318263	1667207	1735421	1977434	2185417	3108616	3171033	5100491	12417526	35864257	5008168	0	0	0	0.9204
17	23527391	19794634	18262829	26666210	4050	4050	0	0	0	57504	169784	198634	212629	248796	263947	308430	367366	334551	441164	502487	440113	694760	483793	749508	715470	768189	928952	789521	1156760	960738	1113557	1287775	1221631	1330452	1680237	1747744	1991843	2204906	3112923	3196329	5135118	12452657	35865038	5117758	0	0	0	0.5599
18	23339826	19958691	18155645	26584002	216950	216950	0	0	0	66724	185337	212080	222559	257660	269155	314405	374256	334287	444626	503591	437205	696789	476308	748851	710332	764321	924410	780451	1152355	954382	1105206	1279684	1213883	1314199	1664983	1736922	1981063	2193514	3102193	3178977	5107941	12425340	35790423	5113752	0	0	0	0.8201
19	23357085	19921374	18278383	26603260	95012	95012	0	0	0	67149	190670	217687	230603	265356	276929	321637	380463	342526	449978	507214	447451	697064	489110	749706	720345	767089	929035	788997	1148505	963880	1109368	1283689	1220918	1328742	1672247	1739701	1992688	2211219	3098187	3197771	5121354	12426380	35581178	5225266	0	0	0	0.6934
20	23477191	19864672	18326888	26569407	16956	16956	0	0	0	70105	194782	223835	235239	272103	280452	326599	388949	344459	455448	513475	447033	702923	484838	756293	718573	766096	927809	785778	1150785	964109	1105950	1283330	1220952	1322324	1671694	1739458	1987162	2201458	3103664	3201198	5132598	12442523	35580836	5235328	0	0	0	0.6144
21	23422847	19968877	18360330	26502022	1038	1038	0	0	0	78033	209276	237397	247559	284008	290611	336667	396949	351436	462671	520233	452394	703782	490123	755666	723577	764492	928201	787341	1147277	969013	1102404	1282956	1220536	1319983	1669577	1736100	1988634	2207446	3091438	3214627	5144788	12423053	35389356	5326472	0	0	0	0.6188
22	23326122	19874667	18425814	26304434	324077	324077	0	0	0	93105	241786	263327	268093	301040	303340	348082	406989	356650	469662	523711	455918	705640	491000	754797	721140	757919	922882	784826	1135554	961777	1095760	1274365	1214195	1313811	1660789	1727606	1977546	2201092	3067584	3204782	5126235	12359346	35075666	5365022	0	0	0	1.0230
23	23504701	19825764	18507051	26412245	5353	5353	0	0	0	86911	229877	255725	265755	301035	305766	353186	414066	363650	477659	532187	463921	717007	502331	767249	733556	768849	935209	796144	1148609	976368	1109957	1286548	1228762	1328324	1675148	1743767	1997122	2225080	3086125	3240576	5169746	12392158	34956200	5415188	0	0	0	0.6570
24	23384368	19924632	18560543	26310291	75280	75280	0	0	0	91255	240171	262820	270684	305734	309712	353888	413585	367863	474212	529372	467882	707528	508063	760259	734071	767630	930932	797639	1137597	978458	1107847	1280001	1227288	1332704	1667111	1739013	1996704	2225018	3074186	3238043	5165181	12380264	34819488	5517631	0	0	0	0.7462
25	23467084	19930669	18611510	26244581	1270	1270	0	0	0	87173	233966	259208	267178	301537	307609	353242	414572	365605	476522	530991	467058	712737	507329	765500	735270	769169	936653	797349	1145827	980166	1107258	1284954	1231864	1331748	1674709	1739564	1998005	2227979	3077649	3241855	5169535	12382388	34845954	5525721	0	0	0	0.6558
26	23398271	19847678	18617410	26278467	113288	113288	0	0	0	92579	245338	269262	275052	311042	314251	360958	420488	369517	481677	535807	470294	714263	507810	765585	735089	765630	932876	797079	1142004	981192	1101889	1281347	1228397	1327456	1668952	1735956	1993057	2224422	3071613	3243951	5168673	12371200	34675861	5561259	0	0	0	0.7987
27	23172962	19939354	18529137	26217059	396602	396602	0	0	0	102795	265646	284579	287073	319954	318481	364516	424303	372360	482183	537305	471291	713844	508545	765466	736717	762496	929932	795382	1136206	979928	1098057	1277105	1224484	1322562	1662327	1731863	1991795	2219630	3057447	3236090	5147291	12308951	34440156	5581752	0	0	0	1.1417
28	23223013	19975137	18571649	26147402	337913	337913	0	0	0	106593	265181	284446	289390	322119	324691	368889	427770	378702	487430	540519	479856	715354	520509	768699	742025	770103	935835	805496	1138455	987835	1108081	1284329	1231523	1336376	1667662	1735904	1999774	2233608	3060067	3249956	5160676	12288086	34261002	5640260	0	0	0	1.0814
29	23298291	19944442	18607496	26379078	25807	25807	0	0	0	123482	271492	295436	297565	330866	331335	377751	436073	383746	495364	548461	486324	723852	525358	774941	750110	773756	942167	809990	1145290	996040	1111240	1289431	1241506	1339670	1673736	1742680	2007496	2242465	3064484	3265243	5172991	12311567	34250029	5697370	0	0	0	0.7491
30	23202309	19998506	18562345	26253585	238369	238369	0	0	0	126453	282339	301992	302775	336015	333022	379868	437644	384579	497132	546755	484926	721752	521999	774155	747965	770135	940284	805246	1138821	992808	1104284	1282552	1233830	1331659	1668527	1733213	1999315	2236517	3058082	3261599	5169235	12286633	34110654	5713980	0	0	0	0.9994
31	23342454	20010611	18722119	26134994	44936	44936	0	0	0	115943	297245	315814	317372	348889	347319	391565	451400	396175	508984	559647	495951	731421	535743	783809	756970	776813	946401	816246	1146731	1003600	1113649	1293021	1244244	1346912	1679190	1746731	2014227	2255804	3067519	3294340	5207399	12301568	33821348	5780188	0	0	0	0.7988
32	23354640	19974006	18684917	26208786	32765	32765	0	0	0	109571	288986	308266	309301	341011	339360	385326	444522	389841	499889	551950	491170	721523	530871	775672	751947	771248	940087	811361	1136363	999503	1109340	1287236	1240995	1342241	1674852	1741833	2012527	2254899	3062935	3285240	5192977	12309467	33978554	5831485	0	0	0	0.7689
33	23320852	20089181	18683487	26128256	33338	33338	0	0	0	116905	304849	322713	322389	353807	349620	394174	453106	398645	507509	558183	499892	726515	539172	780626	757765	775535	947473	817598	1139690	1005874	1112428	1288656	1247326	1349794	1678321	1743057	2015483	2262647	3063374	3292222	5203462	12294101	33728695	5870170	0	0	0	0.7936
34	23245381	20001093	18691983	26000300	316357	316357	0	0	0	139197	343261	353510	348345	375428	369697	412944	469791	412804	520777	571283	513463	736238	552811	790293	769710	781103	952685	825463	1143078	1015803	1115942	1297499	1255519	1356304	1682348	1748748	2021663	2267934	3047416	3308053	5215028	12189746	33140236	5894637	0	0	0	1.1670
35	23269953	20058190	18701577	26059121	166273	166273	0	0	0	133539	339375	351112	346567	376209	367646	413129	472502	411030	522966	572458	512683	737219	550151	792760	769120	779838	951462	823373	1142460	1017635	1116074	1293847	1254717	1354122	1680677	1746984	2024782	2274945	3057019	3324678	5233720	12224073	33174537	5945432	0	0	0	0.9921
36	23319044	20116837	18731593	26067582	20058	20058	0	0	0	134110	340804	350844	348850	376934	370433	413852	472119	414268	524857	570780	514656	734741	553942	791147	772685	781037	951846	828124	1140818	1019242	1118099	1293749	1257760	1359137	1681512	1745957	2031397	2281222	3055469	3317993	5224779	12239801	33191481	6030611	0	0	0	0.8286
37	23343308	20146097	18784003	25978979	2727	2727	0	0	0	137932	352862	362881	357488	384433	376811	421132	480001	420305	529454	577804	522143	739354	562095	795413	778089	784851	956328	833486	1144502	1026200	1123911	1302266	1261245	1363555	1686828	1754460	2036573	2285391	3054981	3328303	5226592	12215589	33057842	6011287	0	0	0	0.8262
38	23293937	20107256	18758854	26050879	44188	44188	0	0	0	143749	362750	371688	364302	391449	381965	426427	483745	424518	534896	582867	526038	746762	564782	799649	784030	789241	961653	838301	1147823	1032407	1123428	1302936	1269750	1367823	1694044	1756709	2040811	2298117	3063300	3354151	5265100	12189496	32789136	6037083	0	0	0	0.8879
39	23243273	20092685	18737574	25989018	192564	192564	0	0	0	143519	367330	377653	368902	395214	384752	429505	488952	423852	535947	585109	522873	747437	558904	802912	781206	783628	958968	830186	1145857	1026687	1118624	1300336	1265605	1360064	1690497	1755648	2036204	2292901	3061190	3348036	5252531	12169151	32722533	6029837	0	0	0	1.0618
40	23277048	20130673	18852446	25942436	52511	52511	0	0	0	148670	382375	388633	379165	404300	392735	435295	493283	431163	539962	587753	530994	745782	568573	799344	783891	786093	959189	837584	1141365	1033414	1123525	1300200	1269505	1369332	1691435	1756267	2041971	2302848	3058650	3348908	5247785	12167146	32635973	6119495	0	0	0	0.9216
41	23200344	20066444	18829413	25929452	229461	229461	0	0	0	161546	404407	408913	395623	418882	404868	448202	506830	437218	549973	598570	536500	757323	571054	808665	790915	789039	964293	840447	1147976	1038817	1121279	1303756	1273149	1365865	1691245	1757459	2040986	2299580	3056171	3349797	5242088	12115823	32351537	6076857	0	0	0	1.1547
42	23228788	20171827	18822417	25992656	39426	39426	0	0	0	157123	402560	409009	395461	419248	404431	449951	505635	439846	550857	598691	541088	755238	577928	811244	793542	793636	966707	846312	1146050	1044296	1126538	1307344	1279405	1376321	1698882	1764707	2049681	2315505	3061987	3369896	5270484	12132268	32326317	6127500	0	0	0	0.9377
43	23159426	20147826	18847541	25899006	201315	201315	0	0	0	164710	421188	423961	407294	430314	412697	458083	513498	447598	558588	604642	546809	760901	585011	815724	798979	794070	969732	849999	1150297	1047598	1129993	1309362	1284335	1379499	1701221	1763846	2055858	2320754	3062233	3378551	5273947	12076619	32008734	6147154	0	0	0	1.1449
44	23118875	20140250	18874314	25961437	160238	160238	0	0	0	178644	457339	453625	432819	452592	433041	475761	530668	461029	572013	618261	562608	767757	599173	825819	808768	803819	977806	863085	1154427	1060882	1139652	1318236	1294474	1395007	1710436	1774531	2067147	2339129	3061581	3404686	5298873	12040468	31589808	6170912	0	0	0	1.1465
45	23039231	20268335	18905534	26024237	17777	17777	0	0	0	215637	487092	481816	456977	476310	452451	498256	553131	478766	594359	639745	581261	792784	615847	845299	829417	822562	1000050	881175	1174886	1084265	1157175	1339353	1318381	1413625	1735176	1800817	2097429	2377522	3093295	3461783	5360653	11969645	31063510	6086887	0	0	0	1.0444
46	23080632	20240634	18963939	25835145	134764	134764	0	0	0	193070	489795	486012	461261	479081	454345	496774	555972	476662	593970	637746	576481	788224	610106	843215	827401	814877	994312	875547	1168532	1080056	1148401	1335108	1314047	1406062	1730184	1796545	2092145	2369494	3087966	3456282	5348039	11966904	31065634	6100100	0	0	0	1.1697
47	23064271	20196943	18934982	25880876	178042	178042	0	0	0	187989	485513	480760	456054	472853	449482	493798	548088	473474	586883	631460	574543	781295	608249	836903	820206	811309	986822	875098	1160943	1074062	1146377	1327382	1307737	1402683	1720028	1787609	2082092	2361028	3070969	3429540	5306543	11967396	31175956	6195948	0	0	0	1.2076
48	22875847	20264951	18904218	25871709	338389	338389	0	0	0	197474	509685	500495	470059	486602	459921	501615	555740	480304	593050	635294	578936	783140	612756	837670	824454	812009	989185	876743	1159512	1076886	1146266	1327425	1307008	1406785	1721832	1784479	2081650	2357995	3066621	3420366	5285603	11914103	30966345	6188717	0	0	0	1.4180
49	23041776	20292457	19039087	25821843	59951	59951	0	0	0	202136	521353	511606	481725	497265	468904	511629	568008	488322	603020	647329	588258	793911	621355	850437	837060	821310	1001704	883971	1171064	1090635	1155383	1339676	1324276	1418125	1738620	1800364	2104089	2383536	3089211	3463493	5339500	11920477	30759248	6198163	0	0	0	1.1235
50	22953603	20201880	18983421	25785202	331008	331008	0	0	0	226274	578300	569066	530854	543435	503210	551535	608913	514724	640852	687776	611808	834257	639697	888108	865413	843349	1030406	907274	1204173	1127608	1176425	1373248	1359634	1449953	1779272	1851873	2154642	2451774	3142094	3566045	5457671	11720104	29351767	6182572	0	0	0	1.5214
