#Name	E:\SaveData\2016-10-13_16_03_13_1001160050_R0039_A_CL100009724_BGI12084_WESPE_result\\CL100009724\L01\CL100009724_L01_32_2.fq
#PhredQual	33
#ReadNum	64297899
#row_readLen	50
#col	48
#BaseNum	3214894950
#N_Count	4272629	0.132901
#GC%	46.76
#Q10%	97.92
#Q20%	90.98
#Q30%	77.11
#EstErr%	0.901096
#Pos	A	C	G	T	N	0	1	2	3	4	5	6	7	8	9	10	11	12	13	14	15	16	17	18	19	20	21	22	23	24	25	26	27	28	29	30	31	32	33	34	35	36	37	38	39	40	41	Err%
1	20006050	15889199	14505414	13894681	2555	2555	0	0	0	6793	28053	38024	44057	57611	71453	143713	181733	177431	253001	298197	271381	471125	302497	524434	490112	580438	673845	587901	905009	706981	871758	995042	952402	1031817	1341226	1392138	1579613	1732901	2508161	2481831	3963169	9110852	26576792	2943853	0	0	0	0.3174
2	17021423	13270300	15495547	18471649	38980	38980	0	0	0	22288	69676	90416	103662	130761	147506	235162	294369	259953	353652	415185	335209	594397	355515	629584	556623	649673	753011	625740	975722	724959	916310	1032411	946406	1054112	1341651	1384732	1548846	1679308	2472809	2374398	3824440	9019719	25639965	2700749	0	0	0	0.5437
3	16215466	15713590	13419161	18757152	192530	192530	0	0	0	27148	71746	89126	99222	123617	137416	225936	282953	248213	345351	401079	329084	579613	348449	618615	549980	635679	739089	616526	957472	720083	894231	1016854	939160	1028838	1318476	1358642	1520717	1648557	2427963	2351409	3791951	8989098	25753739	2919337	0	0	0	0.7728
4	16708798	15544286	13700570	18342078	2167	2167	0	0	0	19391	60338	79007	89919	113463	129102	217549	272957	243208	337011	393613	324129	573022	345008	610997	550458	628341	737308	612383	955262	726090	887625	1015260	939790	1020475	1315745	1355155	1514935	1640366	2417276	2347241	3785635	9029343	26149699	2858631	0	0	0	0.4503
5	16534789	15161825	14230040	18370171	1074	1074	0	0	0	21569	66274	85061	95680	119304	134173	224594	275417	251850	339137	397579	332221	573051	358562	612503	556881	628386	743293	616011	949977	729997	890833	1017902	942237	1030707	1313528	1358368	1521564	1653182	2409413	2360914	3792401	9009772	25916639	2967845	0	0	0	0.4632
6	16167116	15443175	14048190	18637791	1627	1627	0	0	0	18264	58831	77498	88240	111425	126822	217181	272015	244789	336930	394012	328211	572647	351739	611317	551614	627814	738239	614792	953247	726818	888485	1016915	941946	1026267	1316977	1360208	1523158	1654037	2417793	2362227	3799308	9018798	25998803	2948905	0	0	0	0.4465
7	16597531	15078982	14459755	18156880	4751	4751	0	0	0	22377	66288	85718	96168	121003	134841	226093	281748	250713	344884	401924	331677	577109	356707	616319	557110	628583	742243	615833	951977	730988	887882	1017064	940648	1023128	1312746	1357067	1520264	1649918	2412669	2361443	3791237	9011606	25888494	2978679	0	0	0	0.4722
8	16024694	15644925	13623417	19004162	701	701	0	0	0	23849	70914	89752	100860	125328	140074	233051	287133	258880	349154	404976	339563	576824	365426	616415	562092	626726	743447	616627	945787	734042	884540	1014846	940389	1024936	1305758	1350871	1515968	1653179	2393744	2375135	3803520	9013176	25744131	3066085	0	0	0	0.4779
9	15948530	15366092	13844021	18918529	220727	220727	0	0	0	24495	73195	89527	98654	121663	135645	228287	280067	251854	343791	398692	334177	570060	358857	611294	556152	621685	736631	610877	939907	729220	877269	1007031	938068	1015419	1300533	1343669	1510575	1645834	2387357	2358489	3785337	8980228	25705673	3106960	0	0	0	0.8145
10	16226478	15305725	14181773	18540821	43102	43102	0	0	0	30994	81278	99886	110396	135415	148761	242713	296174	266329	357074	409659	346154	578275	372356	617329	567577	623831	745784	619448	939583	739599	878879	1012247	940650	1024682	1301903	1347190	1517573	1655982	2372219	2381813	3807641	8984549	25545880	3154974	0	0	0	0.5693
11	16293481	15272297	14163227	18566126	2768	2768	0	0	0	27144	79398	98801	109758	135148	148763	242629	297740	265707	358509	414269	347008	583076	373084	622151	567551	628194	747152	620603	944030	739749	881612	1014400	940517	1023956	1302376	1348475	1515183	1652460	2376730	2380925	3804018	8993701	25561943	3148371	0	0	0	0.5036
12	16151233	15399807	14153427	18412219	181213	181213	0	0	0	30183	87900	103926	113660	137439	149743	245663	298251	269120	357787	411457	349266	577344	379590	615972	571026	623620	745902	621129	935127	742781	880071	1011318	940843	1024182	1297635	1342216	1511989	1651521	2358148	2373100	3792626	8953971	25410603	3201577	0	0	0	0.7916
13	16300450	15372691	14237566	18349238	37954	37954	0	0	0	30171	87418	106085	116942	141209	155301	251122	303404	273063	362942	418490	355782	582900	383013	623429	574776	628918	750717	625000	941320	746376	882118	1015327	946169	1028468	1302033	1347091	1516901	1659186	2366422	2386021	3802563	8974122	25347184	3227962	0	0	0	0.5764
14	16217922	15319286	14209228	18383186	168277	168277	0	0	0	31100	89783	107635	117581	142217	154933	250830	304792	271469	365889	419851	352504	586938	378067	624942	573144	626445	749367	621245	943050	746011	877900	1013343	942387	1021656	1298832	1340746	1509164	1652655	2359931	2377338	3795445	8950977	25307648	3223807	0	0	0	0.7817
15	16148324	15479430	14289877	18318114	62154	62154	0	0	0	31264	90456	109931	120367	145609	158771	256081	309764	275330	370181	421041	356274	587582	381661	628472	578400	627022	750720	623658	941136	746759	877740	1013548	945174	1021789	1298854	1344400	1511753	1653787	2352011	2391999	3800797	8968975	25261571	3282868	0	0	0	0.6233
16	16145096	15410965	14314260	18208864	218714	218714	0	0	0	54427	145297	169837	180038	212273	221223	258180	310437	272759	366027	416025	352779	574004	378411	610594	568693	613494	737170	613884	919181	740874	865083	998525	935787	1010812	1283921	1326816	1498706	1643856	2333262	2385457	3789953	8934111	25021671	3335618	0	0	0	0.9757
17	16181979	15435852	14385648	18291451	2969	2969	0	0	0	50416	141251	162794	175743	206249	218961	256340	304941	275325	363449	414482	357499	572138	387400	612111	574681	617851	742269	621790	923541	749311	872646	1007224	944022	1022404	1290111	1337833	1510597	1658264	2336713	2403761	3815289	8954106	25005191	3408227	0	0	0	0.6298
18	16016476	15612454	14327799	18189580	151590	151590	0	0	0	57379	152369	173404	183071	215184	223361	259687	311489	274420	367394	416095	355847	574534	381900	615613	573269	612313	739401	615755	920507	744700	862207	999687	938542	1013060	1288099	1330857	1505308	1651343	2330321	2390601	3793047	8925482	24958905	3391158	0	0	0	0.8813
19	16068661	15555747	14440899	18165709	66883	66883	0	0	0	59060	157939	179763	190342	221579	229632	266269	316685	282478	372064	420638	363075	575896	391798	616094	578803	615434	743270	622171	918457	753178	868148	1004035	943742	1020678	1287385	1332821	1509306	1662261	2323069	2400284	3808718	8919572	24819493	3456879	0	0	0	0.7651
20	16111030	15519714	14420916	18233947	12292	12292	0	0	0	61386	161781	183318	194765	225299	233170	270999	323319	283877	377676	426730	362635	580951	388088	621330	579531	614654	744907	621306	921840	751229	863512	1005205	945577	1018511	1286333	1333187	1507492	1661116	2325053	2407949	3811827	8923358	24796757	3470939	0	0	0	0.6906
21	16037841	15665755	14433774	18159725	804	804	0	0	0	66947	172434	193951	204089	234651	240015	276998	329723	288687	381851	428170	368610	580869	393779	620801	583393	614074	744097	621910	915882	756249	862282	1002885	945108	1015961	1285551	1330422	1508428	1662778	2317516	2414301	3816913	8910352	24668251	3539167	0	0	0	0.6952
22	16030993	15564478	14462190	18018846	221392	221392	0	0	0	78559	196642	214177	218442	248048	250396	286466	338804	294413	386880	433351	369246	581427	394950	619942	581413	608797	739292	618502	910653	752628	858097	995356	940606	1013204	1276707	1323050	1504355	1655788	2306385	2406554	3801006	8857050	24445122	3570199	0	0	0	1.0785
23	16108348	15531455	14499721	18154851	3524	3524	0	0	0	75212	189334	211088	217915	249704	253021	291043	343446	298925	393300	441025	377020	590539	401786	629694	590394	617014	748240	627249	920055	761972	867606	1006777	949075	1022774	1287425	1332542	1514696	1672283	2314027	2425419	3831263	8883150	24364328	3595034	0	0	0	0.7383
24	16010365	15660032	14503454	18067581	56467	56467	0	0	0	78245	197572	216053	222657	252367	254896	292732	342164	301772	391428	437124	380360	581657	408181	621680	591105	613446	746634	629948	907053	763398	866711	1003033	948128	1024458	1283856	1328656	1516864	1674935	2302584	2428554	3826302	8867331	24271651	3667897	0	0	0	0.8306
25	16089110	15635418	14562253	18010302	816	816	0	0	0	75329	192674	213406	220642	251372	254294	291023	343859	300366	393810	438669	379358	587968	406786	627125	591491	615343	748220	629226	915076	765079	866278	1006549	952276	1023058	1286521	1331854	1516395	1676167	2308258	2433416	3834247	8872138	24274667	3674143	0	0	0	0.7384
26	16059064	15557722	14544565	18056973	79575	79575	0	0	0	79938	203340	221649	228556	258370	260679	298885	349181	304722	398637	443618	381942	589310	407519	626969	593280	614219	749345	629179	913669	764848	863858	1002704	950535	1021772	1285058	1328841	1514466	1672958	2300925	2430130	3827087	8852949	24150560	3698626	0	0	0	0.8807
27	15901963	15640577	14503526	17982185	269648	269648	0	0	0	87729	218107	232176	235912	264635	263879	300846	351859	305182	400257	443996	384284	589440	409417	628056	596352	614235	748167	626764	910605	767819	859634	999104	951208	1019188	1282017	1325000	1510369	1669895	2291915	2426376	3814015	8807212	23983300	3709301	0	0	0	1.1979
28	15963499	15629263	14565670	17907044	232423	232423	0	0	0	90484	220671	235570	239715	268155	269933	305894	354862	310803	403556	446355	391071	588099	418390	630455	600762	616694	751514	633942	910308	771610	866911	1003182	952459	1029400	1285367	1327646	1519002	1681286	2292117	2436591	3823474	8792136	23850370	3746692	0	0	0	1.1506
29	16008340	15614135	14591995	18067732	15697	15697	0	0	0	101897	227979	244528	247534	276005	275409	314162	363863	317721	411112	454198	396604	596433	421437	634919	606198	619748	756688	638369	915997	777325	868368	1007785	958642	1030958	1289636	1333992	1523860	1686436	2295162	2443072	3832558	8800005	23832039	3781563	0	0	0	0.8385
30	15913053	15696597	14555139	17972235	160875	160875	0	0	0	104240	234742	248596	251330	278034	276462	314337	365507	317013	411484	453338	395216	595084	421563	635380	605059	617721	754709	635981	912261	777696	863363	1006188	957697	1028093	1283657	1329231	1518589	1683839	2287478	2443475	3827643	8774947	23730461	3796610	0	0	0	1.0723
31	16018785	15685156	14662242	17898925	32791	32791	0	0	0	100299	247152	261178	263021	290045	287879	325436	376069	326322	420250	462056	403513	602389	430805	642463	610871	623278	760042	642636	914948	783448	871810	1008911	963973	1037323	1290958	1336166	1529361	1697208	2294501	2466852	3852790	8771638	23535823	3833694	0	0	0	0.8974
32	16022287	15659140	14628568	17964092	23812	23812	0	0	0	95408	241876	254874	257470	286220	282536	320573	370936	322607	415429	457894	400878	597135	426948	636587	608688	621059	757261	640799	911272	783039	868353	1008011	962796	1034885	1289501	1335620	1526655	1695077	2295017	2458163	3844078	8778706	23625303	3862433	0	0	0	0.8684
33	15949042	15767053	14632453	17924966	24385	24385	0	0	0	101969	255227	267807	267635	294415	290668	329652	377305	329349	421961	462613	406589	600452	433721	640664	613057	622421	760133	645501	911661	787282	871642	1008967	964749	1037950	1292655	1335213	1530167	1697843	2289491	2467423	3846411	8760178	23457681	3893062	0	0	0	0.8964
34	15923894	15702937	14661935	17790786	218347	218347	0	0	0	117367	285132	291800	286795	311436	305123	341914	390095	339444	431287	472571	417424	606070	442892	648244	621291	626593	763660	652202	913090	792837	874340	1010599	969239	1042430	1292192	1335008	1532991	1702426	2278869	2470507	3851344	8688952	23064625	3908763	0	0	0	1.2520
35	15935078	15698665	14646028	17900279	117849	117849	0	0	0	115551	283614	291307	288442	313997	306318	343589	391904	340137	432891	473081	416450	607325	442826	647675	621467	625369	763963	650347	914505	795613	870501	1013641	970379	1041806	1293856	1336763	1535046	1708857	2287013	2479292	3862882	8705343	23068572	3939728	0	0	0	1.0957
36	15899729	15800481	14684061	17899133	14495	14495	0	0	0	117196	287148	293439	289794	314293	307350	345082	392788	341267	433454	474217	420305	606342	447055	647191	622304	627286	765402	654336	911866	797957	874101	1011712	972409	1046009	1295863	1336468	1538378	1712099	2283682	2481408	3861417	8709421	23073938	3990427	0	0	0	0.9402
37	15951181	15795091	14738133	17811455	2039	2039	0	0	0	121166	296860	302027	296607	321177	313466	349849	398435	347431	437867	478075	424315	608548	452940	650439	628554	630370	768406	657569	912472	802803	878455	1016341	975803	1049230	1296505	1340497	1539726	1718921	2285484	2481970	3859709	8686605	22985829	3981409	0	0	0	0.9399
38	15914994	15737145	14718803	17896833	30124	30124	0	0	0	124585	304489	309647	303392	326915	317894	355089	404178	351009	443477	483433	429466	615003	454990	656317	632833	630606	772593	660019	917443	808215	877582	1020425	980808	1052743	1301005	1343818	1544936	1725421	2288099	2499858	3877076	8671588	22788668	3994155	0	0	0	1.0005
39	15840980	15800667	14693669	17830913	131670	131670	0	0	0	125617	307448	313289	305768	330991	319243	356715	405822	348588	445319	483047	427289	616260	451776	657180	630138	628047	770252	656662	917710	805229	874794	1017216	977705	1047688	1299037	1342876	1542094	1720101	2283480	2498590	3872954	8651840	22740100	3995364	0	0	0	1.1639
40	15893199	15820225	14758743	17787335	38397	38397	0	0	0	130790	321631	324074	315783	336815	326004	363446	410015	355035	448833	486023	432482	613674	457796	655943	632098	630212	769541	660913	911709	808941	879596	1016576	981712	1053625	1299832	1340729	1547353	1726198	2278819	2501345	3867825	8646567	22680943	4046624	0	0	0	1.0421
41	15853604	15741315	14720469	17821826	160685	160685	0	0	0	141947	338858	340729	330321	349295	335118	372823	422013	360749	458208	493791	437185	623107	460480	663497	636817	633439	774380	662553	918631	811886	878588	1020316	984186	1050515	1300306	1338442	1543365	1725755	2277762	2500818	3863654	8598254	22468404	4021022	0	0	0	1.2694
42	15825570	15868814	14741482	17832988	29045	29045	0	0	0	138308	339286	341274	329865	350647	337190	373151	422731	361886	457057	495283	439874	623741	464606	663875	640545	634716	775429	667135	917717	816581	879404	1023386	987956	1058625	1304997	1346329	1552901	1735934	2284991	2513585	3878842	8609966	22445351	4055690	0	0	0	1.0642
43	15805662	15827367	14780875	17738214	145781	145781	0	0	0	144490	354907	354197	340014	360117	344627	380367	429105	367822	463233	498138	446867	626969	469751	666471	644169	635897	779030	670738	919163	819435	882300	1024938	992324	1058214	1306920	1346509	1555577	1738751	2279031	2519182	3881393	8563039	22223128	4065305	0	0	0	1.2733
44	15811536	15790181	14767296	17815194	113692	113692	0	0	0	156692	385011	377904	361021	377449	359654	394805	442209	379968	473155	509231	456690	631585	483018	672892	654092	641359	783198	679687	919346	829988	889925	1027019	999015	1069466	1311210	1354387	1562695	1751352	2280445	2531157	3892607	8527959	21940926	4077090	0	0	0	1.2770
45	15734961	15930790	14782125	17837896	12127	12127	0	0	0	183181	407895	401218	380179	395995	374734	413081	458766	393533	490316	525447	469184	647841	493064	688313	668722	655519	798087	691508	934585	845185	902544	1043954	1012887	1081577	1328637	1366761	1581320	1773008	2298349	2561913	3926455	8473281	21594365	4024368	0	0	0	1.1810
46	15784495	15880498	14832427	17706915	93564	93564	0	0	0	168593	411357	404088	382532	397869	375639	411577	459752	389852	489537	526226	467776	647732	487602	687533	665976	651451	795126	687314	932103	842684	896215	1037679	1011571	1078083	1324255	1365821	1577430	1770483	2293576	2558459	3920489	8466550	21585177	4036228	0	0	0	1.3018
47	15777982	15828441	14797044	17771487	122945	122945	0	0	0	166042	409519	400871	380617	395152	373007	408290	456362	390087	484875	519067	467772	641745	490353	682094	662338	648288	789961	687284	924279	841720	894628	1034649	1007557	1075867	1319258	1359494	1571632	1760104	2290576	2544662	3893748	8466945	21636651	4099460	0	0	0	1.3396
48	15642816	15911923	14781301	17730118	231741	231741	0	0	0	172903	428378	417037	392357	404172	382634	416980	461575	395102	490288	523138	470060	643443	493479	685648	664219	651156	792861	688968	924881	842060	894310	1034144	1009007	1078328	1317228	1357691	1567970	1764427	2279740	2537118	3879600	8426358	21487876	4091022	0	0	0	1.5400
49	15767969	15924469	14860834	17700590	44037	44037	0	0	0	178210	439920	427174	403034	416621	389563	426717	471963	401793	500075	532492	479699	651857	500153	692772	671475	655487	801278	695033	931633	853266	902241	1043441	1021364	1085181	1329977	1370202	1584062	1781548	2292657	2563910	3913494	8420293	21329096	4096181	0	0	0	1.2754
50	15705416	15840184	14814338	17707107	230854	230854	0	0	0	200417	488160	475127	442817	452613	417546	456266	505628	422183	530462	565057	495820	684064	512077	723239	696631	670042	821369	711713	955460	876424	912661	1065841	1045219	1101564	1356457	1399578	1617189	1824441	2325934	2630222	3980821	8265624	20338027	4100352	0	0	0	1.6688
