#Name	E:\SaveData\2016-10-13_16_03_13_1001160050_R0039_A_CL100009724_BGI12084_WESPE_result\\CL100009724\L01\CL100009724_L01_27_1.fq
#PhredQual	33
#ReadNum	117188339
#row_readLen	50
#col	48
#BaseNum	5859416950
#N_Count	5175449	0.088327
#GC%	43.77
#Q10%	99.17
#Q20%	96.65
#Q30%	88.56
#EstErr%	0.398282
#Pos	A	C	G	T	N	0	1	2	3	4	5	6	7	8	9	10	11	12	13	14	15	16	17	18	19	20	21	22	23	24	25	26	27	28	29	30	31	32	33	34	35	36	37	38	39	40	41	Err%
1	41397318	25580843	26259427	23946889	3862	3862	0	0	0	2655	30451	50182	46640	46710	46019	49663	53006	52892	61486	69567	74351	98528	99665	116643	140877	220377	270740	292152	367243	461734	528087	623131	787537	820560	1187952	1294727	1645774	1711331	1889265	1798923	3365380	10829535	75689965	12360729	0	0	0	0.1042
2	35812502	21006488	28171625	32189325	8399	8399	0	0	0	10897	33567	46877	44178	44753	45685	51409	56083	58459	70536	80819	91026	122286	124319	145115	186985	278628	341824	367595	460990	564602	645203	745968	896331	928449	1278268	1383924	1737535	1912582	2305183	2284464	4148190	12423122	72153245	11110843	0	0	0	0.1175
3	34288756	25366817	24306847	33171374	54545	54545	0	0	0	22538	30525	45151	42929	44419	46596	53791	58452	61644	77147	86371	99141	132813	134042	154322	203530	297634	363715	392010	488771	595502	674999	780331	927376	959019	1304860	1405750	1746986	1920580	2339111	2319613	4183814	12573974	71427513	11138825	0	0	0	0.1623
4	34928178	24984255	24781493	32354155	140258	140258	0	0	0	3758	30047	41258	39329	40838	41702	46995	52226	54245	67407	75965	87716	118039	120748	139792	187171	281707	347845	376414	473156	577644	657407	764028	905580	940204	1279551	1383761	1726847	1916372	2364215	2357543	4254188	12826361	71213500	11254522	0	0	0	0.2225
5	34738058	24501102	25790609	32146152	12418	12418	0	0	0	5120	23645	34815	34660	36103	38445	44207	49927	53705	66883	77264	90567	122089	125626	145578	196400	293924	363102	391890	490972	595479	680022	784608	927245	963618	1302731	1408542	1757857	1957647	2438299	2439322	4389448	13083638	70793770	10968773	0	0	0	0.1097
6	34254486	24961157	25405816	32556128	10752	10752	0	0	0	3954	21768	31919	31671	33454	36114	41587	47604	51364	65258	75266	88587	121202	124519	144758	198361	297728	368213	394514	501256	603204	688463	795060	932399	968755	1310974	1413924	1763245	1972087	2489206	2479793	4477858	13324462	70580414	10698646	0	0	0	0.1052
7	35007815	24328191	25993461	31713492	145380	145380	0	0	0	3794	28807	36846	35802	36975	39539	45053	52272	54947	69181	79707	92510	125327	128209	149050	202760	301930	372834	398327	504757	602830	690962	798755	930297	973639	1311083	1414623	1768341	1994729	2541799	2549105	4592543	13556762	69864954	10693910	0	0	0	0.2262
8	34025287	25316778	24647970	33197802	502	502	0	0	0	1139	20515	29008	29400	31184	34277	39955	46472	49891	64827	75056	88707	123570	125164	146896	203716	305818	380564	403922	515277	611865	702202	810850	936922	977583	1316330	1417528	1764029	1985596	2564922	2560252	4628217	13694989	70064438	10436756	0	0	0	0.0940
9	33963961	24864395	25120977	33236780	2226	2226	0	0	0	1369	21660	30239	30412	32857	35888	42410	49020	53024	68283	79057	92945	130032	131773	153483	212260	313448	390904	413235	526589	617647	711993	819666	941104	989810	1324408	1429099	1778968	2019925	2623688	2650676	4769431	13939735	69272023	10489052	0	0	0	0.0984
10	34429621	24699537	25558220	32487599	13362	13362	0	0	0	1804	22661	31287	31807	34708	37685	44797	53031	56075	72111	84237	98320	138562	137536	162860	222521	325136	404008	422876	544600	629337	723603	833847	949696	1002034	1335119	1439071	1794015	2039350	2674229	2703090	4857301	14125954	68752431	10389278	0	0	0	0.1114
11	34491337	24661558	25626902	32407385	1157	1157	0	0	0	2313	24667	32965	33870	37020	40404	48235	56282	60380	78138	90156	104308	144803	144673	172467	231793	336273	417549	435224	560496	639408	734629	848859	956365	1017324	1347410	1452823	1811248	2070175	2728312	2787474	4988156	14338719	68001735	10412529	0	0	0	0.1054
12	34374776	24897956	25628691	32281316	5600	5600	0	0	0	2996	24802	33571	34470	37912	42033	50384	58295	62694	81433	93492	107452	151251	148314	178349	241194	343988	427353	442752	571894	648035	747430	861840	963725	1023957	1356696	1462760	1816618	2078752	2760632	2818748	5046541	14468817	67702801	10290758	0	0	0	0.1115
13	34507308	24759678	25611935	32129162	180256	180256	0	0	0	4661	32538	40098	40451	44009	47912	57085	65747	69001	89539	102728	116638	164478	159410	192582	253990	359895	447226	456062	592613	663499	761849	878833	972147	1040033	1369190	1478407	1832112	2099988	2794745	2877540	5140130	14619969	66936131	10206847	0	0	0	0.2708
14	34353438	24808124	25656388	32202804	167585	167585	0	0	0	4841	31010	40722	42307	47046	51222	60895	71665	74246	97511	111412	123902	177648	166625	205672	266923	371957	461759	468713	614883	674269	776816	895512	985298	1051650	1385220	1490796	1841853	2112607	2841694	2914873	5202304	14746930	66545792	10064181	0	0	0	0.2639
15	34294534	24962528	25794512	32128760	8005	8005	0	0	0	6537	34926	44815	45848	51079	55297	65337	76146	78442	102610	117531	129782	184995	173439	214996	275256	382865	473581	477727	627348	684030	790972	908488	995794	1068243	1400290	1507859	1863831	2140730	2884418	2984517	5298921	14903726	66110996	10018962	0	0	0	0.1343
16	34316548	24906004	25870540	32084308	10939	10939	0	0	0	11796	52604	66242	66347	72819	78242	91501	105479	107184	135580	155986	167056	234063	217904	271434	332564	384653	477938	481996	629933	684857	791999	911809	993132	1074185	1400508	1511215	1872001	2158813	2912794	3047380	5397993	15039786	65113735	10125872	0	0	0	0.1696
17	34291307	24848257	25984616	32000115	64044	64044	0	0	0	13796	55562	68919	69937	77157	82546	95361	111084	111455	142758	163805	173846	246852	223752	283875	343947	397277	492896	492351	647808	695455	804431	926744	1002198	1083457	1413172	1521474	1877787	2164986	2942584	3069033	5441647	15131397	64845819	9909127	0	0	0	0.2215
18	34064252	25005656	25889886	31830247	398298	398298	0	0	0	22825	73888	83321	82345	88955	92982	106172	122446	120407	153185	173734	182015	258714	230559	292008	351986	405340	502378	498208	660165	703317	815003	937569	1007972	1090894	1421091	1531619	1885320	2173404	2967255	3099780	5488929	15189745	64219703	9756807	0	0	0	0.5266
19	34221220	24963323	26127233	31853406	23157	23157	0	0	0	24858	76655	86939	86498	93498	98736	112435	129443	128510	161993	183911	191381	270086	242083	307096	365211	419734	520248	512878	677072	715954	829880	954146	1019140	1110961	1438912	1550553	1912624	2211678	3019095	3171309	5594526	15369754	63722582	9854803	0	0	0	0.2146
20	34201192	24906523	26112851	31825126	142647	142647	0	0	0	28801	91001	102123	99652	105691	109067	123663	141596	139089	174704	197814	204115	286995	257914	326487	384113	434965	539937	531085	699402	735196	851372	976094	1040491	1137260	1461477	1575635	1939482	2248363	3061473	3247626	5694475	15464549	62790733	9843252	0	0	0	0.3355
21	34034755	24971161	26064497	31639269	478657	478657	0	0	0	34894	92301	102044	100001	107822	112075	127516	145376	142972	179975	202951	207893	295472	260682	333918	391690	443678	549269	537528	710902	741187	857254	984401	1043782	1144445	1470442	1585038	1945723	2257773	3089296	3276147	5736423	15521974	62267136	9709702	0	0	0	0.6273
22	34106576	24980561	26213956	31576611	310635	310635	0	0	0	36513	96097	106930	104632	113819	117708	135019	154526	150418	190159	214827	219168	310679	274482	350439	408065	457880	566642	553332	730617	757661	876572	1003560	1060452	1169526	1496091	1608450	1979005	2296052	3135482	3343081	5834828	15656249	61647833	9720910	0	0	0	0.4932
23	34285290	24981283	26287921	31630829	3016	3016	0	0	0	37620	98375	110558	109502	119726	125237	143122	164111	160662	201948	226890	233374	324567	290275	368184	427610	477206	589296	573209	755169	778759	899577	1029279	1081941	1199273	1523988	1640902	2013771	2338800	3188029	3426324	5940635	15803936	61008103	9775365	0	0	0	0.2400
24	34142153	25161031	26319327	31558914	6914	6914	0	0	0	41423	102459	114077	113130	124281	129414	149392	169384	165588	207928	236050	239069	338164	294266	380189	437092	487027	603135	582136	772036	789135	911755	1042772	1091152	1205251	1537870	1656190	2023828	2349246	3219545	3454508	5988220	15884573	60718055	9623085	0	0	0	0.2511
25	34233339	25089379	26389428	31428825	47368	47368	0	0	0	45755	109417	121952	120956	131938	137260	156742	180781	174183	219524	247687	248148	352900	304466	397008	450556	503130	620361	592777	790962	799477	924671	1059764	1102368	1220628	1551570	1669630	2038612	2364004	3245732	3489279	6048542	15957989	60201913	9560289	0	0	0	0.2983
26	34229971	25032118	26423947	31497566	4737	4737	0	0	0	50592	116881	128865	127481	140180	144090	165503	189452	182237	228604	258438	257270	366538	315806	412096	464901	516300	637270	606710	809850	815209	944271	1080100	1115690	1241442	1571871	1691780	2061863	2392783	3288232	3552040	6133305	16054289	59572786	9548877	0	0	0	0.2742
27	33985870	25199738	26351010	31415832	235889	235889	0	0	0	60329	135748	144903	141551	153578	156883	177757	203318	195778	242213	270926	271715	379616	329823	426800	479948	528174	651088	621408	821587	829438	956825	1094095	1132836	1263021	1591648	1709127	2089899	2425399	3314148	3603587	6179416	16079853	58688594	9601421	0	0	0	0.4944
28	34108782	25194622	26455554	31367358	62023	62023	0	0	0	63246	136394	146095	142905	155593	159199	182122	206915	198757	248066	280279	277275	393560	336342	439591	491300	541210	665916	633709	844420	840337	971080	1110744	1142613	1273820	1608357	1727210	2106134	2444712	3353055	3644692	6240293	16189941	58425470	9504964	0	0	0	0.3510
29	34127202	25041328	26455849	31398160	165800	165800	0	0	0	71870	155629	163145	158403	170873	173513	196755	224092	212913	264747	296610	293312	409653	352432	458182	508549	557338	685303	646999	864021	855403	987705	1130135	1160250	1296869	1632381	1752557	2128094	2470732	3389087	3695055	6307244	16234589	57629911	9488188	0	0	0	0.4641
30	34049529	25226375	26510719	31394624	7092	7092	0	0	0	71620	153528	161875	157721	171555	176418	199630	228611	218407	270689	303368	300310	420810	361854	471581	520360	569499	699989	662579	880180	869894	1007124	1149023	1176051	1320191	1655828	1775269	2158561	2508248	3431628	3751685	6382578	16329840	57183205	9481538	0	0	0	0.3309
31	34109728	25096341	26632780	31231757	117733	117733	0	0	0	78649	164531	172006	169195	183936	186903	211086	240006	228934	284326	318226	313951	435681	377151	488404	540245	584029	720413	678025	901930	889243	1025678	1168966	1193002	1342334	1676904	1797943	2188165	2537340	3459320	3803520	6438859	16362657	56453987	9455061	0	0	0	0.4430
32	34063172	25015370	26548878	31237156	323763	323763	0	0	0	87114	182672	187808	182505	196186	198962	223790	254365	241057	297446	332423	327181	456827	388481	508084	556910	600496	740695	693334	922849	904387	1040488	1190248	1207971	1358988	1694819	1817135	2203332	2554538	3487197	3836282	6487417	16371307	55728407	9402875	0	0	0	0.6410
33	33968139	25192468	26554548	31185536	287648	287648	0	0	0	92510	186416	193571	188209	202374	205670	231601	262453	248200	308419	343705	334342	470437	395871	522182	568305	614607	754477	702658	938592	912247	1051110	1199393	1216243	1369036	1709385	1827986	2213414	2564634	3508604	3855657	6511997	16415230	55486999	9294157	0	0	0	0.6206
34	34096311	25170530	26702200	31211251	8047	8047	0	0	0	98690	199652	206108	199776	216201	218195	244644	277840	261482	323495	359240	351735	488907	415883	541588	590099	632495	774903	725357	963283	939291	1077551	1229973	1240981	1405908	1743277	1863080	2259570	2618052	3560283	3934721	6610332	16509970	54719342	9378388	0	0	0	0.4023
35	33954519	25218483	26678242	31259205	77890	77890	0	0	0	103579	204415	210644	203423	220335	222036	249277	283169	266613	330821	366197	358306	499073	424076	553043	598716	643578	789227	731838	976563	946642	1087698	1242141	1252789	1413030	1755989	1878845	2273924	2637831	3590494	3963151	6654733	16540756	54315204	9322293	0	0	0	0.4702
36	33953049	25298043	26696794	31232828	7625	7625	0	0	0	109699	216102	220735	213912	229659	231340	260613	294706	276672	341874	380243	371571	513616	436604	570345	616748	658396	806941	749574	996853	963902	1109855	1263807	1271309	1437952	1781129	1902777	2300611	2662976	3625515	4013278	6714794	16583674	53751976	9300956	0	0	0	0.4269
37	33992042	25254574	26761402	31109131	71190	71190	0	0	0	116049	220757	225228	218132	235208	236494	266882	302196	282828	351960	390095	376252	527524	440384	584744	626282	668626	820200	755898	1015353	970461	1116603	1275898	1280033	1444794	1797336	1921196	2313230	2675049	3650223	4043678	6759771	16617585	53427861	9162339	0	0	0	0.4908
38	33929235	25238273	26778046	31208037	34748	34748	0	0	0	122198	230722	234443	226785	246130	246222	277008	316100	292713	363699	404005	386502	544710	450144	600764	639923	682989	837159	766299	1035346	983287	1132199	1292906	1291441	1459726	1814552	1940904	2332214	2690686	3683262	4067909	6787726	16642394	53051750	9078774	0	0	0	0.4755
39	33879875	25334293	26787825	31179075	7271	7271	0	0	0	129268	250728	250903	239856	258894	258760	290562	327498	305941	376254	416417	404022	557183	472435	616603	659311	697056	855646	790659	1050075	1005908	1156001	1315696	1320170	1492483	1841643	1961862	2373354	2739220	3704142	4127617	6839250	16669937	52211898	9213816	0	0	0	0.4746
40	33908447	25265023	26858415	31074432	82022	82022	0	0	0	137718	267474	265731	254271	272611	272089	303259	341678	318688	390285	430658	418991	572797	486385	632954	676916	714012	871106	807575	1067277	1025156	1171741	1334155	1334919	1518313	1864155	1986180	2393525	2770815	3729936	4166857	6885700	16662666	51553599	9206125	0	0	0	0.5605
41	33896472	25226985	26844995	31076183	143704	143704	0	0	0	145063	277315	275465	262437	281415	278602	311626	351549	325244	400823	441360	428241	588238	496623	649373	688215	725223	886715	818736	1085336	1037740	1188037	1351329	1347719	1529433	1881455	2003769	2411574	2787047	3758519	4198054	6919217	16673583	51101913	9137647	0	0	0	0.6278
42	33841500	25375224	26849602	31107221	14792	14792	0	0	0	153589	297667	292315	278950	296356	294084	327614	366736	339959	416363	458277	443825	603264	514105	666305	705996	741509	906612	838356	1104004	1056956	1207149	1371584	1372366	1558458	1906656	2028240	2445084	2822323	3791030	4244484	6959618	16694858	50471520	9197335	0	0	0	0.5429
43	33864332	25315682	26903046	31069520	35759	35759	0	0	0	161007	306712	300253	287344	305670	303095	336580	378701	347464	427825	471114	453193	621031	520086	684798	720503	754388	921359	845999	1122809	1070342	1218887	1385901	1380484	1567092	1921048	2043043	2453985	2831779	3808504	4268027	6998013	16701758	50122016	9111770	0	0	0	0.5757
44	33853586	25290602	26897485	31137377	9289	9289	0	0	0	168791	317946	311489	295762	316227	312004	348150	389632	358698	441096	484756	465075	637930	531412	701262	736183	769689	939876	859313	1146432	1081991	1234967	1407119	1401578	1583914	1943700	2067172	2478378	2857083	3843083	4303112	7048406	16707052	49637521	9052251	0	0	0	0.5703
45	33671644	25395891	26851022	31027206	242576	242576	0	0	0	188429	365224	349432	327243	343408	335006	370616	411720	378237	458018	501007	485354	652635	553075	719439	754035	783298	954079	881591	1156306	1105722	1253396	1423462	1418374	1610183	1963091	2082441	2504335	2884988	3851666	4326048	7048878	16641245	48751642	9112140	0	0	0	0.8163
46	33788601	25411028	27000869	30981808	6033	6033	0	0	0	188784	369854	354872	334480	351440	344640	381910	424397	389722	474224	517032	501875	669782	570191	736109	775053	804160	975611	905185	1180854	1130126	1277678	1448351	1444543	1641326	1994589	2111839	2540795	2926442	3890369	4380062	7094110	16672080	48291205	9088616	0	0	0	0.6265
47	33747527	25332408	26935218	31003305	169881	169881	0	0	0	198859	381573	366077	343382	362643	354436	390961	436911	397937	485805	529755	510277	687151	578018	755767	788609	815391	993324	912105	1201486	1136394	1287671	1462739	1456474	1646315	2006957	2126054	2553290	2936451	3910715	4398178	7124988	16650212	47824689	9006864	0	0	0	0.7840
48	33578172	25419798	26886756	30917118	386495	386495	0	0	0	219844	420160	397883	371606	386820	374908	412035	458164	415731	505745	547687	526870	705555	593611	775241	804441	830408	1010316	924994	1215745	1154311	1302591	1479926	1470519	1662311	2025292	2136718	2566555	2952772	3918819	4419137	7128402	16573569	47147162	8965996	0	0	0	1.0111
49	33726307	25374408	27003704	30802171	281749	281749	0	0	0	234217	443736	418985	388989	406065	389591	427397	475902	429048	522390	565530	543958	725166	608896	793682	823829	849021	1029251	945049	1236826	1174920	1324081	1501017	1493305	1688790	2053091	2166287	2596456	2982761	3949389	4466978	7181906	16564586	46582879	8922616	0	0	0	0.9516
50	33748670	25320705	27016468	30950785	151711	151711	0	0	0	239370	461877	439831	409087	426704	411486	453216	503520	451726	553474	600211	570223	767453	637450	839991	862694	884699	1073054	981850	1287600	1216171	1361379	1548177	1538012	1737456	2103768	2220736	2652510	3058538	4022074	4587442	7342563	16519069	45141873	9131344	0	0	0	0.8728
