#Name	E:\SaveData\2016-10-13_16_03_13_1001160050_R0039_A_CL100009724_BGI12084_WESPE_result\\CL100009724\L01\CL100009724_L01_29_2.fq
#PhredQual	33
#ReadNum	93210339
#row_readLen	50
#col	48
#BaseNum	4660516950
#N_Count	6259768	0.134315
#GC%	46.10
#Q10%	97.78
#Q20%	90.18
#Q30%	75.23
#EstErr%	0.959908
#Pos	A	C	G	T	N	0	1	2	3	4	5	6	7	8	9	10	11	12	13	14	15	16	17	18	19	20	21	22	23	24	25	26	27	28	29	30	31	32	33	34	35	36	37	38	39	40	41	Err%
1	28822098	23480947	20671198	20232401	3695	3695	0	0	0	11354	44710	61349	72177	94056	118363	238516	300457	292483	419812	498644	444962	780639	492293	870042	798273	944031	1093768	942309	1463928	1111720	1383819	1576116	1481909	1615410	2083769	2157668	2414615	2623016	3714528	3813208	6017879	12608769	36804117	3817935	0	0	0	0.3549
2	24753997	19378410	21813134	27211370	53428	53428	0	0	0	40603	120637	156712	178331	224379	251428	393893	491690	434695	584484	687090	551573	973096	582737	1027764	897184	1044176	1206565	996961	1552309	1136953	1443331	1618459	1466167	1645437	2069398	2126645	2355742	2540478	3631256	3650938	5790000	12403121	35177335	3705344	0	0	0	0.6119
3	23591023	22647301	18927018	27763187	281810	281810	0	0	0	43840	110066	138542	154574	194927	218672	363028	456098	399016	559641	655187	526274	952162	552987	1011741	884702	1023709	1193216	977880	1548043	1131897	1411937	1609202	1464069	1600035	2055586	2107146	2324569	2496566	3605971	3603756	5737290	12399959	35864752	3551489	0	0	0	0.8206
4	24270926	22390401	19415378	27130477	3157	3157	0	0	0	31611	97290	127815	146276	185151	211428	358645	448276	402794	553593	648932	533551	937774	565559	1001966	886744	1011319	1187191	975713	1528780	1137357	1402892	1601604	1460989	1602452	2043484	2102341	2323494	2507049	3583405	3631734	5766697	12434644	35838198	3930434	0	0	0	0.5030
5	24162151	21832544	20129537	27084461	1646	1646	0	0	0	31095	97230	126108	144376	183946	209985	359272	448300	404810	554578	652204	536330	941251	573590	1007609	896565	1015946	1197429	981543	1533273	1148742	1410461	1610253	1469479	1614988	2050701	2109543	2336883	2515572	3596159	3628776	5758206	12412641	35863146	3787703	0	0	0	0.5012
6	23657337	22211932	19867849	27471036	2185	2185	0	0	0	31596	96759	125298	144440	182870	209820	355969	445380	401505	550076	647404	533191	936108	567901	1001286	891045	1010490	1191294	978070	1528733	1143862	1405171	1603696	1467317	1602852	2047109	2099949	2327955	2506637	3584103	3629479	5760408	12441943	35981799	3776639	0	0	0	0.4994
7	24251272	21700415	20502314	26749654	6684	6684	0	0	0	39460	113330	143021	161536	202270	226147	374466	463910	416948	565958	658634	545600	943813	582242	1006808	897631	1011868	1193884	983349	1520841	1147932	1401793	1598798	1467169	1606252	2040528	2094677	2326854	2513603	3563489	3643290	5762170	12410123	35543196	4032065	0	0	0	0.5341
8	23401612	22469085	19288293	28050415	934	934	0	0	0	35290	104723	135487	152604	194688	219215	370453	464119	411468	570266	663375	541868	954018	573283	1017697	901965	1013813	1198232	978939	1534342	1149185	1398734	1607251	1468629	1597346	2040234	2098250	2325107	2502132	3579495	3629015	5745155	12441861	35764305	3826861	0	0	0	0.5171
9	23235599	22085121	19617080	27945531	327008	327008	0	0	0	37855	113308	139316	154719	193208	216659	366600	455405	407129	560933	652802	538367	934934	573931	999033	896721	998574	1184159	972061	1512359	1145922	1387950	1590234	1457380	1587733	2025851	2083859	2311137	2499584	3551140	3618040	5734019	12389206	35637077	3956126	0	0	0	0.8677
10	23654473	21995617	20061315	27434686	64248	64248	0	0	0	43059	115873	145998	163603	204152	227451	381445	470587	419316	573484	664239	549636	943410	586699	1007996	903448	1003519	1196733	977147	1511002	1154538	1390813	1597027	1460093	1594483	2024840	2084614	2315227	2507986	3547683	3638999	5751245	12400277	35487590	4101879	0	0	0	0.6022
11	23726932	21972340	20028866	27478250	3951	3951	0	0	0	41375	121170	152174	170966	211355	235007	388954	479537	427920	578201	671563	554858	947220	592995	1008447	909417	1004781	1197670	980482	1510885	1159146	1389612	1595973	1467053	1598762	2026731	2084298	2317487	2507741	3541481	3641303	5753080	12408802	35484042	4045900	0	0	0	0.5474
12	23542438	22144826	19992229	27264987	265859	265859	0	0	0	46931	134407	160557	176140	215843	239033	392358	477783	432083	576687	666498	561349	934724	603412	1000562	912452	997951	1193551	980215	1493606	1163486	1385476	1590529	1462215	1595033	2015030	2075082	2314505	2509112	3517605	3634164	5734061	12352055	35280833	4119152	0	0	0	0.8398
13	23745037	22103387	20087390	27220274	54251	54251	0	0	0	47042	135633	164498	182774	223163	246523	401933	487329	440852	585799	678531	569085	945285	610301	1011727	920697	1004289	1202748	987654	1503736	1169767	1390548	1596581	1468688	1601838	2022618	2082634	2323507	2520938	3524321	3653919	5750901	12375375	35132630	4192224	0	0	0	0.6228
14	23601833	22041849	20068573	27250930	247154	247154	0	0	0	48532	138368	166167	183557	224299	245467	400442	489446	436723	587867	679077	565693	949510	603473	1013203	918338	1003933	1200507	985006	1506433	1166054	1382433	1591144	1463709	1589552	2019026	2077696	2313435	2507550	3512026	3635856	5730483	12349412	35148876	4129892	0	0	0	0.8315
15	23535341	22263737	20178452	27142174	90635	90635	0	0	0	49026	140861	170289	189142	229704	252304	408701	496010	442580	594679	683505	573538	952968	610423	1015917	925553	1002224	1203023	986920	1504673	1174646	1382383	1592067	1469236	1591516	2017441	2078349	2316113	2515511	3510037	3655249	5743129	12373282	35039307	4229398	0	0	0	0.6719
16	23498228	22178577	20216935	26999581	317018	317018	0	0	0	85734	225286	264081	283963	336061	353210	414196	498966	439819	590398	670355	565501	925549	601470	989576	906117	977410	1177075	970475	1468187	1159443	1358597	1569983	1452474	1573256	1990994	2055919	2293358	2498542	3475130	3639666	5718392	12315692	34746984	4301462	0	0	0	1.0331
17	23541029	22230489	20345617	27089095	4109	4109	0	0	0	79180	218178	253737	274379	325739	346639	407642	488361	441790	583679	667479	570884	922325	618494	986468	916624	983750	1187152	981805	1469924	1174302	1372958	1580954	1463882	1592383	2005151	2065966	2314062	2519221	3484898	3663871	5750362	12353314	34737311	4403366	0	0	0	0.6838
18	23287626	22472782	20265403	26962671	221857	221857	0	0	0	88944	234526	269043	287229	338385	356074	414743	499861	441645	590971	672835	568807	927597	608395	992009	912457	977516	1181012	971004	1469014	1166960	1359105	1572884	1457337	1574640	1995071	2055989	2300992	2503525	3477058	3646714	5720157	12327314	34690000	4338669	0	0	0	0.9393
19	23359932	22428828	20404747	26919297	97535	97535	0	0	0	92621	244893	280248	298111	347816	364211	426188	507306	452048	597688	676860	580427	925564	625760	992369	922235	979190	1185700	982825	1461639	1179343	1364130	1577116	1464305	1589366	1995627	2056982	2310680	2521204	3465847	3664247	5730665	12314293	34475144	4460156	0	0	0	0.8232
20	23403718	22378649	20377163	27033301	17508	17508	0	0	0	95327	248533	284973	302565	355009	369294	430921	516783	452606	603559	683037	580445	934200	618887	997997	923005	977724	1183396	976577	1465599	1175811	1357141	1573744	1465194	1578440	1993321	2055936	2306199	2517095	3471549	3667637	5737360	12326484	34493798	4472685	0	0	0	0.7459
21	23308745	22578153	20386792	26935518	1131	1131	0	0	0	103288	263081	299498	316147	365104	379759	438198	524637	460528	609398	687553	585059	932261	625767	996667	926180	973231	1183791	977728	1457831	1183320	1352589	1570850	1465534	1582726	1991844	2052774	2310750	2519878	3459788	3673123	5741291	12305567	34299299	4594169	0	0	0	0.7493
22	23283291	22468416	20409698	26720663	328271	328271	0	0	0	121290	301037	330766	339486	388375	394642	453730	537277	468041	619900	692347	587124	935451	626234	994446	922387	966631	1179283	972103	1444541	1175737	1343884	1557445	1455547	1572105	1973836	2041151	2294493	2512022	3434449	3659048	5714701	12243687	34007203	4621669	0	0	0	1.1438
23	23404089	22423520	20479354	26897999	5377	5377	0	0	0	116115	290408	324143	339706	391064	400115	460928	547052	475591	629180	705008	598443	944965	638884	1006852	937461	980082	1190474	987101	1457662	1190233	1359636	1573369	1471043	1588113	1991847	2053495	2316239	2534759	3450610	3690380	5749157	12266270	33863403	4685174	0	0	0	0.7962
24	23264922	22608195	20463114	26794675	79433	79433	0	0	0	120801	302938	332997	346164	394535	401559	462723	544566	479578	624923	697405	604313	931538	645217	996383	937082	973616	1184088	986156	1444367	1193268	1355410	1567025	1468873	1589941	1984834	2046386	2311794	2536352	3437296	3688482	5745793	12259091	33787725	4747687	0	0	0	0.8857
25	23382761	22583098	20536882	26706412	1186	1186	0	0	0	116091	293899	325711	340966	391010	399872	459859	544009	477474	627528	700312	603530	939685	643810	1002915	940655	976015	1189249	989752	1453732	1197064	1355022	1572826	1473367	1590659	1989899	2051521	2317340	2538010	3445265	3693295	5750683	12265665	33796335	4756128	0	0	0	0.7931
26	23340862	22461847	20539346	26753778	114506	114506	0	0	0	125210	311967	342410	355643	404137	409542	470875	554141	481676	633540	707610	606578	942558	645053	1002914	941128	972796	1187428	987436	1445726	1197920	1350162	1567586	1472070	1584932	1987416	2048147	2310619	2531830	3434464	3691249	5740343	12241050	33632427	4777250	0	0	0	0.9388
27	23100958	22577891	20488416	26638645	404429	404429	0	0	0	134402	333791	358072	365350	413099	415472	474776	557245	485185	635075	707531	608978	939854	648740	1004982	940697	970854	1186091	986187	1439579	1195276	1346467	1564948	1469624	1576795	1977874	2040447	2306662	2532943	3419296	3683759	5719018	12177497	33380701	4808643	0	0	0	1.2707
28	23183096	22589370	20556947	26536960	343966	343966	0	0	0	138750	336359	361676	370269	417342	421836	482537	561366	494175	639071	709957	618321	940602	661576	1005292	951476	974557	1190897	998376	1439772	1205017	1356481	1567461	1477273	1592466	1983235	2043801	2313790	2544623	3416853	3696792	5726455	12150783	33230866	4846270	0	0	0	1.2153
29	23248899	22572860	20600342	26764443	23795	23795	0	0	0	157250	347876	374220	382495	429448	430681	492846	574529	499878	652025	721053	626916	949753	667060	1012827	958086	979359	1196504	999935	1445925	1213633	1357712	1576151	1482814	1595570	1987035	2047181	2316546	2553022	3422748	3702890	5739023	12173622	33231597	4888334	0	0	0	0.8978
30	23098730	22673666	20559069	26638610	240264	240264	0	0	0	160702	357774	381617	387058	433048	432403	494040	573808	499734	650515	719932	623143	946270	660477	1009799	955766	975395	1190343	995592	1439798	1210476	1348531	1567266	1477495	1586039	1982302	2040412	2311632	2541228	3413776	3699247	5732898	12152957	33113290	4905312	0	0	0	1.1379
31	23248661	22700141	20709008	26506389	46140	46140	0	0	0	155760	381512	402915	406991	452097	450680	513114	593335	514300	663806	734322	636562	956746	676326	1020710	965834	981410	1197318	1005495	1442968	1220943	1358705	1572632	1488142	1601241	1988362	2047590	2325573	2562276	3416959	3720408	5754617	12149624	32821154	4983772	0	0	0	0.9590
32	23264460	22616435	20661689	26634289	33466	33466	0	0	0	148934	370147	392699	398496	443779	442740	504651	584298	507935	656605	726190	632984	949145	672305	1013764	960689	975837	1193270	1001487	1438447	1218641	1354179	1569870	1486296	1596146	1987317	2045680	2329237	2560441	3417720	3716421	5746963	12161302	32958293	5013965	0	0	0	0.9280
33	23159380	22785313	20667782	26563768	34096	34096	0	0	0	159181	392391	412016	413680	458051	454957	515195	594864	518388	666543	733913	642714	952888	682153	1017048	968066	979247	1199362	1008263	1436106	1223456	1357395	1572480	1489227	1600241	1986783	2045820	2327318	2566917	3409886	3721471	5743142	12131422	32751888	5043771	0	0	0	0.9577
34	23133635	22704443	20680488	26372029	319744	319744	0	0	0	181908	435995	444887	442060	482660	474991	535810	612405	534549	682321	746414	657246	962902	697472	1026887	978271	986612	1203500	1018553	1436919	1234574	1360645	1572191	1498092	1606435	1988804	2044137	2328356	2568396	3395264	3727373	5737722	12032227	32185424	5068593	0	0	0	1.3181
35	23131297	22707324	20680744	26520547	170427	170427	0	0	0	179280	433118	446943	444740	486774	476336	536923	617143	533861	684399	748146	655911	963111	695864	1025496	978608	982652	1203260	1015388	1436116	1233943	1358851	1573541	1496628	1603495	1987196	2043510	2331251	2576278	3401143	3742106	5755453	12061456	32223342	5107650	0	0	0	1.1584
36	23082675	22859769	20715665	26531556	20674	20674	0	0	0	181300	437411	449661	446770	488115	478550	537855	618522	536714	684458	748030	659782	961081	700078	1026575	981882	983971	1203009	1019484	1434166	1240380	1357737	1578039	1498861	1607596	1989700	2047589	2334541	2580222	3395589	3740428	5750780	12071139	32252319	5167331	0	0	0	1.0025
37	23144787	22847575	20789225	26425806	2946	2946	0	0	0	186887	452015	461620	456663	496909	487137	547676	625250	543946	689461	754459	667368	964659	709036	1030502	986484	987658	1207270	1023980	1437956	1245674	1365495	1577782	1503126	1617063	1993010	2049949	2342816	2585181	3397039	3740823	5745314	12044043	32124566	5158576	0	0	0	1.0023
38	23087613	22774543	20771360	26532863	43960	43960	0	0	0	192130	464541	471829	466183	505938	493852	553943	632660	548023	697658	759594	673389	971149	712726	1039479	994560	991185	1213703	1030413	1443195	1251112	1366087	1581148	1511790	1617963	1998599	2055420	2347822	2597430	3405674	3761350	5768508	12012111	31852908	5182307	0	0	0	1.0632
39	22981424	22865381	20730426	26439806	193302	193302	0	0	0	193173	469660	478741	471666	510493	494659	558049	636342	545595	699538	764009	669798	975789	705420	1040455	991705	985642	1209926	1022816	1440395	1248973	1355869	1576258	1508711	1605300	1994781	2048877	2340894	2586504	3400545	3757967	5754374	11993720	31811558	5168835	0	0	0	1.2299
40	23037735	22900760	20847828	26369880	54136	54136	0	0	0	202806	491735	495283	486147	523120	505466	567208	641301	555927	705138	764026	678482	970998	716680	1035072	993601	987959	1208779	1030736	1431796	1254413	1364743	1576867	1510835	1616078	1993039	2047245	2345628	2597342	3390228	3752696	5747359	11989790	31734280	5243400	0	0	0	1.1062
41	22962084	22794024	20788028	26431350	234853	234853	0	0	0	218309	518263	520362	504749	540728	519364	579380	659730	562859	715623	779064	684131	981085	720048	1045594	1001210	990527	1215485	1027304	1438555	1256024	1360276	1577072	1508875	1609577	1991870	2045778	2339840	2590472	3388151	3748447	5733785	11935364	31460345	5207240	0	0	0	1.3367
42	22936154	22977773	20804655	26450951	40806	40806	0	0	0	212789	518142	520452	505941	540065	521009	580822	659394	564839	718509	777735	689068	981594	724268	1045665	1004903	991458	1214653	1035215	1436422	1262221	1363264	1581297	1519155	1620042	1998966	2052702	2351244	2606137	3390990	3769580	5753700	11953050	31445163	5259079	0	0	0	1.1274
43	22928705	22919155	20828538	26323764	210177	210177	0	0	0	222634	540345	538487	522407	554871	531684	592480	668645	572333	725247	784153	696790	984200	730887	1048700	1009710	993794	1217909	1039456	1436223	1267921	1366016	1580601	1522523	1622849	1999082	2050758	2351889	2609856	3384765	3769982	5749921	11901188	31131424	5280432	0	0	0	1.3370
44	22901934	22865837	20835911	26442306	164351	164351	0	0	0	242555	586069	574893	550713	582508	555969	613748	687819	590795	738864	795530	711535	991875	747547	1057175	1020747	1002704	1225378	1054431	1436501	1280622	1376719	1586431	1531016	1635456	2004602	2055133	2362478	2625736	3385112	3785131	5755995	11837162	30753092	5303947	0	0	0	1.3438
45	22791450	23075167	20841840	26484268	17614	17614	0	0	0	279872	621139	610019	581229	608776	579228	638617	714501	609673	765371	821922	731506	1018020	766579	1083984	1044717	1018327	1245697	1071128	1458717	1304546	1391408	1610097	1552153	1654925	2029744	2078666	2389541	2656620	3408648	3829580	5795669	11767140	30222542	5232424	0	0	0	1.2500
46	22865219	23017429	20899398	26290483	137810	137810	0	0	0	261477	629683	615225	584980	614397	579379	638750	716259	608335	764564	820350	727018	1016014	759141	1078439	1038499	1011877	1240289	1062245	1450904	1298877	1380590	1602857	1547586	1646088	2020232	2074728	2379895	2649354	3401350	3821799	5789192	11765281	30231174	5245701	0	0	0	1.3763
47	22863872	22933102	20843803	26388683	180879	180879	0	0	0	253028	622956	608287	580066	606824	577293	633466	707891	605450	756767	813838	725350	1004908	761345	1070638	1034352	1009588	1235194	1061284	1443170	1294886	1379772	1594923	1544047	1641523	2011872	2068792	2371014	2642858	3387080	3801015	5756591	11758197	30336730	5328465	0	0	0	1.4092
48	22661381	23040693	20829643	26331385	347237	347237	0	0	0	265616	651099	632610	598429	621985	586998	642685	716017	612712	760934	818481	731270	1009152	765979	1071422	1035998	1010470	1235515	1067288	1439277	1295916	1379425	1592450	1542893	1641351	2009842	2062426	2368235	2633621	3375526	3789261	5728621	11709125	30143578	5316895	0	0	0	1.6200
49	22822931	23083869	20969571	26269824	64144	64144	0	0	0	273030	671042	650505	613228	638982	598725	658468	732831	622259	776176	832988	742797	1019821	774790	1084268	1049523	1019373	1247296	1073356	1452435	1313108	1385309	1605770	1559085	1651661	2025804	2076617	2390280	2659912	3395380	3823830	5768836	11700083	29923349	5335278	0	0	0	1.3457
50	22743127	22954545	20907255	26269436	335976	335976	0	0	0	309663	742184	721777	673018	694177	643538	704285	785689	650932	822111	877869	767112	1068064	789100	1127967	1081819	1037238	1277438	1090455	1484814	1342040	1397259	1632676	1591406	1668947	2058211	2113723	2421065	2712492	3434027	3896626	5836994	11507122	28589170	5323355	0	0	0	1.7449
