#Name	E:\SaveData\2016-10-13_16_03_13_1001160050_R0039_A_CL100009724_BGI12084_WESPE_result\\CL100009724\L01\CL100009724_L01_31_2.fq
#PhredQual	33
#ReadNum	67331641
#row_readLen	50
#col	48
#BaseNum	3366582050
#N_Count	4534099	0.134680
#GC%	46.55
#Q10%	97.60
#Q20%	89.56
#Q30%	74.15
#EstErr%	1.020729
#Pos	A	C	G	T	N	0	1	2	3	4	5	6	7	8	9	10	11	12	13	14	15	16	17	18	19	20	21	22	23	24	25	26	27	28	29	30	31	32	33	34	35	36	37	38	39	40	41	Err%
1	21126846	16707324	15135506	14359069	2896	2896	0	0	0	8609	36158	49282	57185	73848	92181	187566	238038	228179	327792	387171	342593	607261	373028	671593	609288	720736	833138	710181	1115969	835042	1036215	1182007	1107252	1193904	1549611	1594604	1771656	1909117	2719209	2771356	4365366	8958605	26216936	2448069	0	0	0	0.3803
2	17905218	13864415	16022567	19500937	38504	38504	0	0	0	28887	87430	114697	131540	166672	187702	299585	379477	331608	452319	529167	419518	755280	436759	794007	683366	796022	917404	751626	1186121	851520	1086466	1216884	1099350	1220076	1543985	1581129	1740183	1856256	2665672	2669131	4219986	8802959	25000892	2289461	0	0	0	0.6341
3	17012542	16549644	13651386	19912947	205122	205122	0	0	0	33659	86370	108126	120205	151032	169190	281986	355142	310169	434471	507408	405641	732413	420468	777187	673430	775307	900503	735617	1169982	847100	1056530	1202493	1089995	1190478	1523311	1559091	1710974	1830758	2633007	2650858	4188740	8792994	25310080	2391804	0	0	0	0.8571
4	17594010	16251347	13989172	19494882	2230	2230	0	0	0	20603	67574	90447	104093	132930	152410	269057	338713	301416	416747	490599	399390	710239	422819	759065	666502	760549	890509	727667	1145993	843899	1042464	1188504	1080365	1186750	1510863	1550772	1708537	1835384	2618143	2662264	4208282	8844891	25457598	2723373	0	0	0	0.5112
5	17422607	15809299	14654145	19444369	1221	1221	0	0	0	26839	81878	104541	118856	148529	168075	285231	351205	319235	429742	502035	415254	713638	444105	762078	682714	763850	903306	738545	1144742	863681	1050025	1199100	1088534	1199449	1516439	1556929	1720887	1851398	2614404	2675331	4212041	8804928	25275091	2597785	0	0	0	0.5459
6	17021840	16086779	14487715	19733690	1617	1617	0	0	0	22265	71776	94577	108262	137871	157956	274500	344182	308509	423567	496465	405822	715637	430460	762613	673948	762233	894787	733470	1146871	853375	1045708	1193022	1087477	1189444	1514095	1552432	1716563	1841918	2621218	2663014	4212869	8844995	25376005	2652118	0	0	0	0.5224
7	17487878	15643774	15021694	19173602	4693	4693	0	0	0	27126	80537	104216	118148	147701	166179	283775	353258	314420	431978	503067	410835	717926	434509	763109	676730	761391	898149	731768	1142775	853393	1043879	1191447	1084485	1187220	1509805	1550939	1710347	1840505	2607369	2664578	4204469	8831693	25270804	2708418	0	0	0	0.5488
8	16798720	16256506	14130859	20144857	699	699	0	0	0	26858	81263	104909	118679	149322	167506	287499	357346	316402	437146	508605	414272	726629	435853	771822	681930	764215	902016	733748	1147860	857843	1040928	1194002	1086712	1182163	1506976	1547858	1705882	1838292	2607633	2662834	4204045	8839045	25195471	2727378	0	0	0	0.5469
9	16626013	16011504	14355106	20102896	236122	236122	0	0	0	32427	93716	113871	125517	154138	170929	287477	354458	317039	433258	501830	412172	714931	435700	761745	678330	755239	895037	728917	1140152	857426	1032016	1186908	1085107	1172952	1498031	1537795	1697902	1828534	2583473	2651709	4177005	8813674	25237170	2628934	0	0	0	0.9105
10	16938345	15972066	14704920	19670339	45971	45971	0	0	0	39233	99512	121489	134488	164959	181707	300516	367891	327095	443809	514636	421558	723520	446722	767287	689296	758624	900771	733383	1138659	865343	1036382	1190559	1087005	1178196	1500962	1541083	1703716	1832728	2580606	2665889	4189568	8809857	25118415	2710206	0	0	0	0.6526
11	17009963	15947932	14689955	19681046	2745	2745	0	0	0	33576	97826	121874	136728	167847	184808	305781	375520	332149	448059	518096	426694	726049	451282	772157	690193	761082	904086	737252	1138493	868249	1038316	1189188	1089320	1181780	1499904	1542055	1706213	1839508	2583978	2668774	4198429	8804106	25035977	2753547	0	0	0	0.5898
12	16876496	16092022	14662993	19507415	192715	192715	0	0	0	37602	107396	127516	140049	169897	186423	307628	372717	335134	446960	516580	429872	718711	459125	764390	693875	755616	903206	737040	1130411	871767	1034865	1185391	1090106	1184794	1491948	1532982	1703345	1840002	2568967	2664734	4178232	8770067	24890754	2790824	0	0	0	0.8825
13	17038969	16060927	14744147	19448401	39197	39197	0	0	0	37757	108712	130522	143430	175254	190973	314716	380581	340560	454534	523281	436018	727776	464451	772227	698965	759980	908593	743187	1134585	875785	1038518	1192287	1092787	1189016	1498138	1539603	1708250	1845117	2569674	2676457	4191701	8787068	24808524	2833417	0	0	0	0.6643
14	16921687	16023900	14726548	19480349	179157	179157	0	0	0	38622	109678	131684	144534	175641	190712	313573	382744	339232	455997	523754	434631	729749	458736	775963	698054	759060	907483	739510	1134668	872400	1032180	1188960	1090283	1180406	1495331	1534395	1700303	1833856	2564991	2666652	4177631	8766004	24801805	2803262	0	0	0	0.8737
15	16873002	16190779	14800721	19401653	65486	65486	0	0	0	38643	111713	134250	147745	178925	195423	320060	388070	343132	461400	526885	438339	729810	462315	777191	700659	756847	906937	739995	1132020	876928	1031975	1188726	1095115	1180424	1495281	1536135	1702465	1841020	2560618	2677660	4187445	8789469	24746314	2866221	0	0	0	0.7123
16	16853262	16129760	14827385	19290414	230820	230820	0	0	0	68082	180392	210322	224158	265113	275660	320965	386070	338403	454941	515382	429367	708198	455453	753753	686722	737177	889040	725792	1104578	864406	1011691	1169462	1077325	1163555	1475290	1517116	1688803	1829041	2537397	2661914	4164924	8750130	24537890	2922309	0	0	0	1.0885
17	16896326	16150519	14911024	19370799	2973	2973	0	0	0	63382	173817	202731	218001	256295	271616	316998	379545	339894	449446	513405	436548	705886	466702	753964	694432	741098	893598	734797	1106596	876167	1022209	1177434	1085645	1176956	1481322	1525198	1699085	1845081	2547067	2682223	4184471	8776221	24545460	2985378	0	0	0	0.7363
18	16719095	16324965	14850776	19276094	160711	160711	0	0	0	71014	187896	213975	227819	264701	276627	322841	387365	339241	455015	515989	433552	708188	458650	755952	691778	737810	887628	729483	1102522	871240	1009514	1171532	1082557	1166249	1472967	1514551	1688905	1832538	2536443	2667509	4168431	8758563	24491915	2969970	0	0	0	0.9933
19	16790228	16305837	14952039	19213298	70239	70239	0	0	0	74730	196642	222957	236019	273373	283864	330160	394098	347854	459619	520694	443625	707557	472826	752994	697771	738600	892348	736050	1099431	878558	1015328	1172476	1084732	1175858	1474964	1518108	1698767	1841965	2527494	2679488	4172266	8744389	24349387	3046410	0	0	0	0.8788
20	16819582	16254859	14940963	19303277	12960	12960	0	0	0	76920	199438	228214	240628	279841	288125	334539	401551	349510	465937	525371	441890	714806	469321	759824	697634	738617	891652	732953	1101926	877142	1010186	1172387	1086779	1165984	1473753	1518706	1694827	1840669	2533282	2682823	4175325	8750446	24348969	3048706	0	0	0	0.8046
21	16752686	16401854	14964771	19211434	896	896	0	0	0	83081	212575	240014	250629	289791	296359	341476	406803	353964	471392	528996	445686	714613	473589	760069	702060	734138	893540	732862	1094452	881436	1006938	1171872	1087099	1166661	1473285	1514600	1696465	1846809	2522121	2688850	4178654	8740983	24202252	3126631	0	0	0	0.8107
22	16743159	16308854	14991517	19053152	234959	234959	0	0	0	96785	240672	261350	269412	305329	308692	353057	417378	359582	476107	532425	449735	714641	473840	759860	700025	731657	886465	729834	1089482	876529	1000584	1161712	1081414	1163566	1461959	1507055	1686390	1838045	2506335	2677623	4156955	8686441	23995972	3139774	0	0	0	1.2028
23	16837459	16258768	15042192	19189704	3518	3518	0	0	0	93474	234331	258676	269400	309175	311921	359112	426090	367878	485914	542335	457956	724982	482717	768316	710017	738420	895965	738806	1097169	889139	1010277	1172855	1091126	1175255	1472114	1517351	1702977	1855826	2516536	2698327	4180284	8702650	23892592	3178160	0	0	0	0.8608
24	16702417	16437210	15029300	19104471	58243	58243	0	0	0	96756	242906	265108	275038	310625	314878	359986	422473	368317	481171	538453	462139	715009	489009	760527	709982	732841	892868	738407	1085693	889157	1009192	1168141	1090792	1175255	1468489	1510311	1695405	1854866	2504649	2696928	4175391	8692648	23859300	3220688	0	0	0	0.9517
25	16790343	16389002	15095923	19055495	878	878	0	0	0	94132	237295	262827	270527	308858	312431	358312	424718	368090	485101	538819	459438	719741	487128	765709	712569	736498	895851	739676	1091295	893464	1009090	1170822	1093530	1171726	1475096	1514026	1701456	1854295	2511588	2699560	4180049	8703573	23854379	3229094	0	0	0	0.8599
26	16757832	16319779	15084360	19086859	82811	82811	0	0	0	100054	248582	273446	280353	317674	319200	366464	429956	372211	487614	543353	461915	721054	486869	764644	709811	734277	894245	737671	1085673	891487	1005406	1168222	1091907	1170123	1468004	1509140	1697709	1855901	2505413	2697138	4171065	8680607	23754567	3247075	0	0	0	1.0032
27	16555082	16420814	15040801	19023362	291582	291582	0	0	0	107895	264819	283451	288671	322862	323642	369670	433131	372853	489656	543561	463522	719366	487597	764719	709892	731219	892631	736058	1084729	890720	1001031	1163401	1089128	1163608	1463066	1504315	1691686	1848351	2493356	2690165	4152544	8642712	23584147	3271885	0	0	0	1.3346
28	16638688	16403066	15097906	18943826	248155	248155	0	0	0	111476	268052	287619	291699	326973	328388	373396	435926	380075	493110	547422	471146	720009	498086	765677	717512	735251	896011	744089	1080899	896634	1005935	1164676	1093319	1172274	1465129	1505167	1697497	1857950	2490847	2696010	4159606	8631509	23477370	3296747	0	0	0	1.2812
29	16680362	16397379	15128786	19107436	17678	17678	0	0	0	125878	276802	297255	301319	337423	335205	382352	444013	384944	501676	553021	475605	725385	503125	771606	722707	739316	900522	746165	1084680	902520	1007430	1169557	1098262	1176668	1467861	1509076	1702249	1864179	2496041	2701106	4165194	8642433	23472594	3329794	0	0	0	0.9665
30	16567418	16486207	15084100	19021313	172603	172603	0	0	0	127876	284570	303638	303849	340295	336260	383037	446478	384272	501245	553024	473018	724995	499429	768075	721496	732998	897449	744249	1082888	901843	1002844	1164320	1096698	1169310	1463390	1502910	1695484	1857495	2490191	2697365	4158428	8620891	23386971	3341757	0	0	0	1.2050
31	16686268	16480997	15206172	18924565	33639	33639	0	0	0	125110	303076	318261	320716	355306	351552	397141	458933	393696	510847	562643	484498	730038	511264	777303	729904	737747	901726	752113	1084663	910283	1007369	1170114	1101058	1180060	1469753	1509331	1705189	1873389	2490278	2714222	4173769	8620739	23171650	3394261	0	0	0	1.0301
32	16692793	16433833	15180002	19000667	24346	24346	0	0	0	118940	295952	310899	314547	348555	345013	390452	453427	391151	506355	557705	481546	726776	507628	770666	726148	736884	899088	748033	1080132	908708	1006176	1169616	1101361	1177934	1467390	1507370	1706631	1870797	2490203	2713954	4172679	8618483	23275750	3410346	0	0	0	0.9987
33	16607412	16571444	15177041	18950490	25254	25254	0	0	0	127252	312390	325108	327203	359727	355648	398288	459021	397004	513041	563558	488802	728382	515904	774601	729630	737209	902257	753745	1078467	913481	1006827	1169256	1103756	1179993	1468793	1508552	1704537	1876681	2486319	2715990	4170873	8604044	23119836	3430212	0	0	0	1.0305
34	16596203	16505258	15194614	18802426	233140	233140	0	0	0	144491	344402	352160	348380	379212	370616	415263	474911	409366	525055	573530	498756	733561	526184	780549	739179	740803	906661	760522	1077748	920085	1010903	1168946	1106175	1185411	1467699	1506142	1706882	1875463	2474258	2716309	4160131	8527805	22715871	3455072	0	0	0	1.3966
35	16595084	16491853	15196948	18923859	123897	123897	0	0	0	143562	343190	352784	348474	380386	371682	415806	475716	408486	526063	573848	500118	735006	525276	778972	738125	738922	906294	757909	1077344	920189	1009010	1169302	1108650	1183841	1468374	1506877	1709881	1879326	2478801	2725851	4167281	8549285	22749426	3483687	0	0	0	1.2342
36	16543435	16612224	15232455	18928636	14891	14891	0	0	0	144427	345835	353949	350422	381515	372990	416916	478009	410750	524574	573834	500949	733255	529769	779854	740712	740045	905723	758898	1076902	923448	1009863	1171984	1111186	1185163	1471523	1508098	1709938	1884510	2473732	2724579	4167663	8558129	22768882	3528724	0	0	0	1.0763
37	16607124	16612790	15285293	18824257	2177	2177	0	0	0	148303	358304	364633	357843	388577	378364	423783	483967	416390	528595	577096	506056	735511	535363	782517	745367	743386	907196	765154	1077165	927809	1010395	1172054	1112688	1190435	1470545	1509945	1714844	1887561	2473179	2726449	4161981	8547227	22681394	3519388	0	0	0	1.0780
38	16570203	16550767	15247675	18930882	32114	32114	0	0	0	152129	366478	373404	365118	395308	382188	429261	488898	420333	534802	582226	510228	740923	536651	787794	750454	743437	914800	765851	1080325	932975	1014726	1174662	1118359	1189534	1474532	1510565	1720662	1891115	2479084	2740555	4178675	8521146	22491743	3540586	0	0	0	1.1396
39	16493766	16621398	15218948	18856613	140916	140916	0	0	0	153663	369407	376324	369016	397414	384536	432233	489715	417619	536332	583503	506247	741497	530239	788913	747715	740217	909542	760428	1077739	929365	1005737	1173998	1115375	1182686	1469746	1508176	1711988	1886092	2477358	2735380	4172103	8512860	22465509	3532053	0	0	0	1.3065
40	16550630	16639176	15311346	18790922	39567	39567	0	0	0	161330	388338	389109	379800	407574	391225	437226	495950	425589	537868	585583	514468	739316	539085	784845	748956	741665	907479	766895	1071402	933249	1010294	1170947	1115749	1191772	1467541	1506708	1715774	1894613	2469600	2736239	4160552	8505077	22416128	3584128	0	0	0	1.1840
41	16497615	16565948	15255733	18842546	169799	169799	0	0	0	172568	407570	408046	395231	420443	402526	448617	507472	431420	548268	595372	518047	748482	541105	791594	753655	741931	911615	767005	1075249	935080	1007835	1172398	1116859	1184595	1470432	1504318	1711586	1891743	2467739	2730434	4150361	8461595	22207653	3562998	0	0	0	1.4156
42	16472861	16700824	15284751	18843485	29720	29720	0	0	0	169255	408648	408557	396986	421090	402905	449859	507905	433309	549048	593845	521615	746912	544879	793439	757305	745635	914402	772120	1077199	939264	1012225	1173782	1124445	1193614	1472956	1509512	1721748	1900767	2472528	2742581	4166231	8473806	22186120	3597429	0	0	0	1.2081
43	16468439	16638491	15318760	18753413	152538	152538	0	0	0	177753	425479	423250	407367	430677	412071	458281	517428	440114	554719	599325	527601	750302	551247	794882	760800	743527	914711	776361	1073263	942134	1012935	1177195	1124729	1192436	1474957	1509075	1724233	1903500	2464987	2742655	4161520	8428785	21972719	3608085	0	0	0	1.4203
44	16453229	16614951	15310686	18833299	119476	119476	0	0	0	191954	459937	451065	429396	453562	430645	474192	529575	451376	567495	608267	540752	753252	565474	799388	769812	753218	920029	784964	1076432	952116	1020272	1179385	1130155	1203643	1476245	1509953	1727847	1913250	2463745	2751661	4163587	8390961	21694981	3623579	0	0	0	1.4297
45	16371246	16761813	15320180	18864185	14217	14217	0	0	0	221597	486312	476770	452536	472692	448009	492984	548603	465456	585189	627906	554189	774320	577940	816675	785463	764672	933368	794443	1089458	969534	1029118	1193589	1147396	1214179	1493321	1526677	1745613	1934513	2476712	2777244	4193400	8341952	21329427	3576167	0	0	0	1.3396
46	16433828	16722124	15370680	18704884	100125	100125	0	0	0	207134	492593	480901	456147	476934	446053	493294	548917	463974	583528	626399	550731	771576	570711	817071	778717	758775	929699	791001	1086760	962647	1022559	1188863	1142190	1206911	1488084	1520830	1740870	1928042	2471821	2774722	4180097	8342996	21337771	3592198	0	0	0	1.4636
47	16408915	16652697	15340048	18798745	131236	131236	0	0	0	201712	488658	476055	452116	471459	445683	488314	544367	461135	578770	621066	550112	763779	571834	809941	777876	754564	925741	790353	1079641	960795	1019302	1180195	1138559	1206759	1482376	1516662	1735908	1923227	2462732	2760263	4160072	8335973	21420908	3643498	0	0	0	1.4975
48	16269325	16749902	15316291	18748227	247896	247896	0	0	0	211763	508866	492197	465023	481402	453570	496293	549522	467160	581780	623478	553222	765768	575777	809575	780161	756825	924644	790505	1076675	961848	1019963	1180471	1139530	1207392	1478267	1512985	1731603	1921869	2455334	2751188	4139069	8298593	21278728	3642699	0	0	0	1.7028
49	16390154	16777641	15413514	18704342	45990	45990	0	0	0	216894	523586	507304	477126	493592	461763	505409	561712	474991	592763	634779	560484	773394	580328	819615	788032	759405	933101	798238	1083617	972728	1026594	1189421	1150178	1214827	1488189	1522695	1744536	1936979	2467119	2773950	4166849	8301664	21132768	3651021	0	0	0	1.4332
50	16327822	16681391	15371569	18705099	245760	245760	0	0	0	245048	578075	559889	522122	536072	491668	542150	599311	494350	626379	667937	577388	808739	590299	850885	810862	772793	953316	810722	1106545	995511	1030292	1207607	1170320	1224409	1511260	1545682	1766369	1967239	2489592	2819707	4208553	8157076	20196123	3651591	0	0	0	1.8413
