#Name	E:\SaveData\2016-10-18_10_33_15_1001160101_R0036_A_CL100007977_BGI12297_WESPE_result\\CL100007977\L01\CL100007977_L01_3_2.fq
#PhredQual	33
#ReadNum	102775588
#row_readLen	50
#col	48
#BaseNum	5138779400
#N_Count	2552100	0.049664
#GC%	46.75
#Q10%	97.54
#Q20%	90.08
#Q30%	75.52
#EstErr%	0.953438
#Pos	A	C	G	T	N	0	1	2	3	4	5	6	7	8	9	10	11	12	13	14	15	16	17	18	19	20	21	22	23	24	25	26	27	28	29	30	31	32	33	34	35	36	37	38	39	40	41	Err%
1	31847376	25237160	23730700	21950010	10342	10342	0	0	0	9588	46022	64882	76050	98579	123725	239821	301903	298213	408580	492692	440801	756253	502088	842349	787100	927035	1088599	939772	1427047	1120519	1397777	1578399	1478703	1650318	2088845	2167128	2442727	2668150	3780072	3846865	6232286	13844723	42991633	5606002	0	0	0	0.3314
2	27747344	20965700	24999225	29058758	4561	4561	0	0	0	30281	96347	126411	143613	179910	206539	339808	421428	390069	520682	618153	515614	892971	565707	962988	872079	1004535	1181175	990189	1517720	1166576	1450735	1643334	1508215	1695270	2126962	2202793	2468152	2681519	3814540	3849647	6190439	13839502	41561355	4995769	0	0	0	0.4475
3	26571513	24590083	21878220	29735017	755	755	0	0	0	26334	90346	118171	134991	169090	193033	333206	418124	379433	522446	613780	517751	894737	566655	969718	882814	999241	1187530	991719	1522602	1183145	1439683	1643493	1524558	1681942	2130462	2195217	2461140	2676872	3802166	3849250	6163037	13887358	41364664	5240125	0	0	0	0.4322
4	27089790	24212054	22418809	29054648	287	287	0	0	0	33003	100756	128817	143770	178900	199590	338023	418979	379841	523506	611853	518554	885948	563841	963027	882514	988660	1177037	985320	1508325	1182745	1419597	1632678	1521723	1661402	2112368	2182191	2447719	2667339	3766455	3860648	6166054	13906557	41256050	5461511	0	0	0	0.4438
5	27010971	23644567	23178059	28938965	3026	3026	0	0	0	41680	114204	143604	158113	194976	216052	355363	438702	397666	538039	630753	530015	904362	575135	976177	896086	997432	1196219	990944	1520539	1193743	1423222	1643671	1530256	1659986	2117490	2184121	2442828	2652116	3754705	3827776	6119166	13842946	41508319	5056156	0	0	0	0.4724
6	26477409	24200475	22858125	29231313	8266	8266	0	0	0	37442	112143	140621	155582	190423	213160	350569	430634	395384	529550	621501	530121	888921	581741	962345	891402	991808	1185143	992296	1505804	1188152	1422731	1636468	1519879	1669471	2109478	2182525	2448099	2669950	3749200	3874511	6183376	13897018	41037458	5472416	0	0	0	0.4702
7	27161058	23556101	23495570	28488210	74649	74649	0	0	0	32547	103738	134167	149417	186796	206943	350334	436797	386781	540123	628628	526284	908051	566715	981734	900329	994005	1193116	988578	1528176	1201631	1414874	1643848	1536671	1641458	2116674	2182705	2438959	2647285	3768472	3841379	6127740	13915848	41473515	5006621	0	0	0	0.5276
8	26234025	24356606	22284667	29898988	1302	1302	0	0	0	48281	132290	160529	174803	211027	230477	372773	451939	410888	550651	639645	546506	900124	597476	976581	909312	990781	1194686	997172	1502603	1205642	1417398	1638022	1529968	1665247	2103055	2176273	2449662	2680724	3723214	3909022	6216159	13895761	40393697	5771898	0	0	0	0.4958
9	26106186	24113639	22527894	30021024	6845	6845	0	0	0	42823	122509	150653	165617	201254	221665	361584	440353	400067	540215	628092	533284	893853	580823	968480	898767	982920	1187866	986092	1501369	1199492	1405138	1631834	1523631	1641992	2097808	2167451	2427042	2644870	3721185	3848287	6141642	13882317	41359266	5268502	0	0	0	0.4842
10	26493537	23964217	22977304	29337951	2579	2579	0	0	0	51812	140914	169752	184675	220639	238006	385332	462576	419444	556565	640165	556164	894087	608510	969514	915632	977479	1188880	994315	1480017	1213277	1396166	1625689	1524164	1652749	2082406	2159630	2436905	2672338	3679147	3905663	6202407	13844039	40357105	5966846	0	0	0	0.5104
11	26586186	23850658	22956326	29381009	1409	1409	0	0	0	48466	138075	167001	181865	218722	237159	385070	464609	422118	561580	648970	556138	908357	610176	982907	919854	993030	1202468	1003364	1501144	1215909	1418493	1638633	1529978	1666319	2098190	2169335	2440845	2672710	3708155	3883386	6172191	13845090	40569860	5594012	0	0	0	0.5075
12	26431129	24113783	22970224	29258180	2272	2272	0	0	0	52077	147537	176935	191577	229607	246817	395606	475356	428419	570265	656185	564395	912663	613437	986886	925587	991882	1203021	1003759	1498047	1220587	1412809	1636775	1531493	1659257	2094816	2166764	2438839	2672026	3697643	3893531	6178058	13836471	40398624	5665565	0	0	0	0.5233
13	26555333	24023383	23072738	29117319	6815	6815	0	0	0	57064	155856	184376	198226	233680	252002	398632	477685	432971	571447	655325	566217	907987	617612	981152	925891	990052	1200236	1004047	1490916	1221174	1410279	1635132	1529375	1667541	2093848	2166241	2444381	2684105	3692292	3919116	6213773	13848904	40054385	5886853	0	0	0	0.5372
14	26475064	24017528	23046218	29235678	1100	1100	0	0	0	54203	154471	183824	196501	233291	250957	402745	482284	434237	577858	661574	573652	916166	626495	991763	934326	995283	1209767	1011083	1502555	1233352	1416511	1640661	1540079	1664744	2098063	2172077	2445499	2688810	3695892	3924262	6219351	13839529	39992998	5809625	0	0	0	0.5320
15	26255173	24248546	23102528	29099706	69635	69635	0	0	0	72608	181419	208444	221032	257479	272934	423417	503819	450692	594128	675815	585815	924847	635335	998504	940898	992933	1211055	1013032	1492043	1236084	1409322	1637114	1536781	1665311	2090002	2161544	2444574	2686207	3674799	3924060	6200856	13799169	39586840	5997041	0	0	0	0.6381
16	26276729	24171657	23138782	28908939	279481	279481	0	0	0	85293	238260	271946	284285	327666	339269	399975	476551	427837	568550	646017	566243	889553	619303	966856	923208	970548	1187221	996953	1466185	1223537	1391428	1619089	1529417	1647748	2076015	2151038	2432522	2678218	3664172	3914614	6195136	13765419	39536230	6019805	0	0	0	0.8999
17	26225549	24207437	23209431	29001139	132032	132032	0	0	0	101015	258950	292849	305223	348519	359650	420634	497871	447573	586615	664978	584978	904571	640670	981537	939805	981955	1201571	1013978	1472549	1241060	1403419	1632113	1540315	1663415	2086185	2159541	2448307	2697787	3661776	3958201	6247575	13753900	39037599	6106872	0	0	0	0.7926
18	26043526	24523142	23194590	28989163	25167	25167	0	0	0	115506	265726	299620	308756	352837	361563	422189	500283	445080	589301	666290	583242	904717	634149	982027	937465	976914	1195117	1005567	1469273	1238871	1390375	1622971	1540478	1653667	2078539	2154454	2441751	2691879	3658345	3949573	6226416	13763209	39161212	6163059	0	0	0	0.6995
19	26123206	24458542	23355018	28829036	9786	9786	0	0	0	100936	267168	300553	310736	354461	362934	424960	501285	450281	586968	665385	587630	903105	642996	979614	941098	976573	1198532	1011342	1465748	1243024	1397665	1626470	1542526	1665126	2082139	2157883	2452328	2707595	3659984	3969573	6253188	13755648	38932507	6287841	0	0	0	0.6812
20	26175918	24349324	23293459	28887183	69704	69704	0	0	0	104452	278277	307278	318600	361276	371320	431783	506853	457816	594934	672206	598222	905759	656427	987849	951557	983316	1210821	1020458	1469200	1255657	1407651	1634625	1550130	1676553	2090412	2166775	2464208	2727154	3661507	3999370	6289655	13724428	38517730	6351625	0	0	0	0.7530
21	26085145	24545227	23368139	28769080	7997	7997	0	0	0	127582	314753	341863	346687	385416	392606	451034	526230	473700	608302	681794	611763	911102	671838	987856	963860	986302	1212126	1032604	1464408	1267805	1409432	1637799	1560343	1693430	2095829	2174221	2483668	2753800	3664221	4051260	6345613	13696798	37988166	6453380	0	0	0	0.7400
22	26166044	24505972	23473065	28620836	9671	9671	0	0	0	133536	329056	358086	361770	402560	404111	464668	544113	478119	626513	700403	616058	930504	667087	1009536	969416	987900	1221466	1031209	1477324	1278857	1405117	1643627	1570553	1679674	2104941	2180311	2483217	2754594	3684816	4060357	6355582	13678689	37758971	6413176	0	0	0	0.7649
23	26205748	24389581	23475083	28699799	5377	5377	0	0	0	142103	352979	378308	380809	420765	421460	481395	558352	494721	637254	710782	632290	934368	685098	1014510	978779	997807	1225540	1043658	1474754	1282851	1416729	1647732	1573681	1699132	2109878	2182909	2495529	2769366	3670671	4074332	6365229	13636706	37390296	6489438	0	0	0	0.7911
24	25961396	24548346	23472412	28630597	162837	162837	0	0	0	195779	377287	404515	399694	439505	432434	497365	573606	499972	653935	722664	637566	950680	687561	1024558	990190	1000531	1232963	1045206	1485399	1296923	1410752	1655790	1585734	1693179	2115780	2188526	2502760	2782332	3689404	4099884	6386443	13577498	36959072	6417264	0	0	0	0.9922
25	26129371	24556015	23593956	28468565	27681	27681	0	0	0	149707	368646	392804	392324	432627	431140	491389	569274	502282	646636	717543	638251	942262	691533	1018055	985651	998645	1227916	1047059	1475255	1290428	1416556	1649028	1579990	1700417	2105158	2182285	2499450	2781811	3671285	4087714	6374269	13610846	37089490	6590181	0	0	0	0.8330
26	26085478	24429880	23550922	28506708	202600	202600	0	0	0	154638	387079	407955	405656	443347	438182	498832	576353	505800	652312	720543	641361	942114	694370	1019689	988386	994375	1227083	1043753	1472634	1289523	1409460	1645280	1580619	1694936	2106221	2176190	2497123	2782665	3661925	4087167	6368215	13572377	36855606	6631219	0	0	0	1.0215
27	25940290	24666073	23570868	28504132	94225	94225	0	0	0	161206	398504	422276	415973	455109	448145	511330	588897	515626	665832	736965	655288	958136	706621	1035053	1005348	1006056	1242788	1060708	1489296	1313745	1422987	1664022	1600229	1714804	2126302	2197883	2522525	2813081	3692168	4135745	6419892	13544823	36450868	6583132	0	0	0	0.9369
28	26062304	24647833	23687876	28373921	3654	3654	0	0	0	171046	427694	450467	443327	480264	468824	534622	612845	531742	691543	758517	669729	980011	720628	1058775	1025360	1016197	1260509	1073131	1505717	1333937	1433684	1681277	1622301	1723524	2151048	2225335	2549757	2844452	3723880	4181038	6462257	13488523	35960111	6509862	0	0	0	0.8899
29	26035352	24562879	23646235	28460589	70533	70533	0	0	0	187992	453172	472714	461576	497604	480643	546746	626509	537066	696995	764686	677148	981450	722940	1057870	1026795	1015760	1258943	1072907	1499417	1337172	1429381	1678140	1624424	1722094	2143890	2218132	2545326	2848172	3708995	4181242	6460527	13453775	35745171	6569681	0	0	0	0.9857
30	25917681	24722465	23669988	28427683	37771	37771	0	0	0	194716	471215	488440	476105	509341	490583	556881	635309	548471	705417	772193	686924	987236	737595	1064851	1036355	1023901	1266922	1085598	1500572	1347041	1440130	1688691	1631738	1734853	2152751	2224421	2561902	2862319	3715934	4197513	6465393	13420228	35452681	6603597	0	0	0	0.9761
31	26001930	24686047	23794143	28271118	22350	22350	0	0	0	205221	492283	501607	483948	514496	499320	561877	636884	556810	703807	769388	696288	975166	749181	1057097	1034023	1024335	1261034	1092201	1490967	1348947	1447253	1682202	1630182	1751775	2151316	2226336	2563538	2875578	3707753	4205743	6484119	13405797	35283683	6683083	0	0	0	0.9792
32	26037209	24599025	23747843	28376264	15247	15247	0	0	0	209178	509148	520917	500450	531716	509974	575813	652013	567471	719654	785105	705443	997042	756417	1074053	1050147	1036462	1278781	1106544	1511213	1365147	1457211	1700552	1650064	1761114	2173104	2243543	2588348	2899277	3735835	4235867	6508254	13351869	34883462	6609153	0	0	0	0.9975
33	25901682	24772088	23744173	28309691	47954	47954	0	0	0	213722	517297	528105	507164	539088	516397	580220	656714	567769	721659	787693	705762	993835	756728	1073555	1047287	1030633	1273858	1098608	1502616	1361232	1449561	1691037	1641335	1752750	2159792	2232576	2573929	2886234	3718801	4220699	6490071	13353280	34869480	6708147	0	0	0	1.0392
34	25990522	24748586	23876105	28151717	8658	8658	0	0	0	230900	558697	567177	538675	568977	538997	606022	680058	587273	742184	806384	722938	1011538	770308	1089731	1064890	1041930	1285974	1113411	1513442	1376762	1463010	1702863	1656436	1770859	2171554	2245936	2591574	2905762	3728013	4241513	6498030	13285836	34435509	6653767	0	0	0	1.0528
35	25875077	24661881	23785371	28199061	254198	254198	0	0	0	251793	592637	596611	562280	591814	554379	624314	702264	597427	762976	825166	733977	1032159	778706	1107472	1080179	1052076	1302536	1123055	1532732	1399681	1467987	1724313	1684954	1784887	2200933	2275052	2624152	2948956	3768907	4295412	6538239	13169204	33740255	6493905	0	0	0	1.3353
36	25814838	24850375	23851797	28221828	36750	36750	0	0	0	243139	588175	593436	560916	585052	554583	618222	692093	596607	751998	813769	732514	1014334	781489	1092158	1071580	1046235	1287546	1121426	1509781	1386220	1462269	1705686	1667825	1775959	2178248	2253352	2598719	2922933	3730921	4265791	6521068	13235948	34073530	6705316	0	0	0	1.1133
37	25901676	24825447	23942872	28097458	8135	8135	0	0	0	252557	609615	611654	576219	601500	564110	629407	706600	605566	762156	823360	741198	1025928	790525	1102797	1080939	1051631	1297714	1128338	1519274	1400135	1470653	1719545	1682836	1790863	2194663	2267485	2619878	2944838	3749203	4288793	6534049	13186904	33760462	6676058	0	0	0	1.1119
38	25890487	24769916	23919253	28187578	8354	8354	0	0	0	260809	639152	636941	596909	620125	578713	647504	723866	617140	776131	839188	751752	1036054	798064	1114466	1093649	1058768	1306325	1138115	1528958	1413601	1478177	1727848	1694764	1797276	2209635	2280715	2633344	2964677	3767399	4316082	6557300	13124371	33407535	6631881	0	0	0	1.1458
39	25697264	24906137	23926354	28128381	117452	117452	0	0	0	295915	697841	691264	641288	658818	612569	679719	752538	643340	803549	866482	776246	1059300	820505	1137044	1114924	1075330	1327820	1157321	1543364	1435759	1492441	1746395	1710743	1815896	2221274	2296806	2649223	2984175	3772312	4327378	6543948	13008721	32782336	6515552	0	0	0	1.3279
40	25833511	24848822	24019070	28061989	12196	12196	0	0	0	276872	681441	682230	633923	650560	604903	671697	748479	635093	799531	860215	770192	1053173	813502	1132739	1110531	1070068	1321326	1152766	1540331	1436620	1485017	1741955	1716025	1814424	2222942	2300627	2654213	2993387	3780029	4348024	6565849	13036975	32867646	6590087	0	0	0	1.2045
41	25848377	24795218	23976689	28144575	10729	10729	0	0	0	278946	698362	690155	639903	657602	614221	675961	748632	641992	796304	854285	778564	1044666	824766	1121667	1104992	1072547	1313824	1160132	1527871	1430444	1492325	1733477	1709886	1819737	2216693	2289225	2652419	2989994	3762405	4337665	6561153	13033776	32815072	6675196	0	0	0	1.2148
42	25726919	24942431	23964696	28133658	7884	7884	0	0	0	268787	689488	683500	634129	650194	605623	667108	738230	634916	788042	845223	769295	1033096	814116	1111141	1096012	1058779	1301847	1146769	1510922	1419148	1473292	1715118	1691276	1801786	2197920	2269157	2627916	2972110	3737886	4312786	6544821	13051571	33050598	6855102	0	0	0	1.1959
43	25690708	24914111	24121903	27900434	148432	148432	0	0	0	338744	820045	813121	740334	749175	680305	753237	826919	690549	866062	926798	824066	1116615	861657	1191927	1165804	1109990	1374269	1199779	1587641	1494856	1522008	1796751	1773572	1858839	2276359	2351543	2707865	3052013	3816480	4385324	6542224	12728132	31391822	6292331	0	0	0	1.5115
44	25598842	24813434	24052762	27970413	340137	340137	0	0	0	356190	860486	848208	768752	773947	699890	773608	845630	708984	884243	940171	838935	1127000	873307	1205605	1174680	1119723	1381396	1209032	1593129	1505906	1531080	1802427	1783199	1866913	2285384	2361943	2721668	3065336	3822006	4407856	6563511	12637461	30875884	6221961	0	0	0	1.7451
45	25560948	25051666	24109815	28037198	15961	15961	0	0	0	339034	834973	819553	745140	751359	685501	753536	825731	695977	863002	920199	827220	1103038	865612	1179264	1158370	1106157	1361531	1199322	1567695	1486586	1521127	1780579	1762698	1857519	2265090	2338650	2704415	3058667	3804600	4401147	6583390	12746453	31357698	6488794	0	0	0	1.3899
46	25669382	24991627	24153363	27948383	12833	12833	0	0	0	326725	824699	811551	738215	744421	680255	743912	814764	688954	852807	911259	821078	1091771	860749	1167939	1146346	1099187	1349018	1192973	1554680	1479461	1512233	1765881	1753560	1850722	2254485	2330497	2694421	3050485	3796872	4396593	6585406	12771782	31483853	6615201	0	0	0	1.3696
47	25640638	24936125	24189259	27990932	18634	18634	0	0	0	365315	914098	900553	810290	809571	731221	802004	872070	733592	904929	962979	866189	1142251	898847	1218941	1195157	1138399	1398198	1238312	1603582	1532107	1551937	1816032	1805828	1899161	2303672	2380063	2741173	3099009	3835794	4430066	6569548	12555526	30439526	6291014	0	0	0	1.4937
48	25377956	25163098	24307995	27887385	39154	39154	0	0	0	443499	1039712	1021240	908657	899504	800473	877297	948105	785159	971316	1029642	911930	1213629	941380	1280972	1252391	1180367	1452880	1280619	1657840	1592661	1584136	1873960	1862934	1936424	2360355	2435925	2789116	3143580	3868359	4450240	6536070	12272192	29268385	5865485	0	0	0	1.6832
49	25565975	25063960	24257202	27869635	18816	18816	0	0	0	366319	946442	921643	831122	823405	748357	808501	876937	744773	901021	957698	874737	1128619	912524	1202833	1187280	1138310	1381954	1243827	1581021	1522770	1555459	1796565	1792966	1902970	2293421	2363621	2738223	3105397	3814229	4427455	6583275	12536678	30356717	6389703	0	0	0	1.5184
50	24959490	25262054	25483849	26994328	75867	75867	0	0	0	610357	1952878	2179356	1905399	1838537	1561425	1710767	1799045	1439303	1758589	1847141	1549061	2032259	1557203	2082370	1907792	1791509	2174532	1888987	2322024	2317572	2061536	2462594	2424399	2355947	2755529	2800624	2948219	3173625	3665098	3877833	5040575	9164624	18881194	2861818	0	0	0	3.1310
