#Name	E:\SaveData\2016-10-18_10_33_15_1001160101_R0036_A_CL100007977_BGI12297_WESPE_result\\CL100007977\L01\CL100007977_L01_1_1.fq
#PhredQual	33
#ReadNum	77131954
#row_readLen	50
#col	48
#BaseNum	3856597700
#N_Count	2570212	0.066645
#GC%	46.49
#Q10%	99.01
#Q20%	96.33
#Q30%	88.25
#EstErr%	0.424253
#Pos	A	C	G	T	N	0	1	2	3	4	5	6	7	8	9	10	11	12	13	14	15	16	17	18	19	20	21	22	23	24	25	26	27	28	29	30	31	32	33	34	35	36	37	38	39	40	41	Err%
1	24921787	17450315	18507941	16249867	2044	2044	0	0	0	5924	20954	33215	28696	28252	26845	29761	31521	31301	36742	41230	44284	58398	60160	71272	83214	140723	169804	185254	231339	297088	341180	403680	515439	529100	755665	818338	1028668	1055463	1148814	950864	1773889	6566491	51276389	8309953	0	0	0	0.1016
2	22256204	15084842	19283793	20468326	38789	38789	0	0	0	5458	24608	32027	29038	28592	29015	31689	34663	35924	43178	49602	55238	74768	76325	88432	113403	176656	216670	233680	292467	364474	412487	478191	574752	586297	801866	865421	1071766	1161506	1398509	1305159	2386889	7793570	48892128	7328717	0	0	0	0.1580
3	21226636	17667288	17235721	21000604	1705	1705	0	0	0	2403	15440	22453	21404	22406	23214	26175	29343	31428	37665	44618	50383	68522	71682	83548	108388	172771	211932	231132	287689	362346	410967	476882	574228	591052	801511	862092	1062079	1157099	1388989	1321472	2399195	7793607	48766578	7599556	0	0	0	0.0941
4	21468101	17495967	17467676	20696559	3651	3651	0	0	0	2290	15211	22046	21386	21803	23043	25685	29171	31523	37804	44268	50300	67757	71627	83626	107509	172261	212547	232165	289016	364849	412970	479435	575579	594320	798770	861067	1062086	1161160	1397280	1358453	2453993	7879691	48489637	7677975	0	0	0	0.0962
5	21357534	17234305	17881073	20559092	99950	99950	0	0	0	1196	15817	21739	21118	21795	22677	25551	29036	30670	37427	43911	50733	68849	72934	83610	110284	174906	215575	237345	293596	369276	416360	483714	579979	595330	798851	865659	1062031	1172227	1424997	1409505	2542319	8026856	48115337	7590794	0	0	0	0.2207
6	21107540	17620307	17601128	20772207	30772	30772	0	0	0	2841	14911	21070	19720	20985	22136	25422	28968	31011	38276	45091	51651	70671	74354	86465	114471	179592	221644	242905	300004	376010	424075	490133	583402	601563	804221	869305	1066074	1184466	1453501	1453657	2622755	8178218	47849119	7532495	0	0	0	0.1314
7	21437472	17251740	18002081	20415734	24927	24927	0	0	0	2254	17149	23448	22716	23327	24674	27641	31467	34266	41344	48397	55883	75646	78749	91370	120264	186061	229377	248762	309447	381484	428479	496706	586387	607933	808813	875411	1073147	1201545	1488263	1521577	2729090	8351442	47224608	7639900	0	0	0	0.1291
8	21054287	17675628	17295184	21105492	1363	1363	0	0	0	744	13731	20242	20064	21199	22539	25787	29759	32487	39656	46733	54833	73548	77044	89607	119838	183488	227649	248842	306899	380281	428763	496680	583639	606101	801481	867677	1067175	1196914	1494185	1530172	2759151	8443187	47224773	7595723	0	0	0	0.0929
9	20949603	17535125	17462394	21184175	657	657	0	0	0	1355	15486	21445	21211	22255	24156	27125	31005	33458	41346	48317	56366	76018	79930	92976	123466	189381	233743	253001	315922	387214	435548	503310	587696	612691	808180	877340	1075637	1214431	1525143	1574328	2829509	8576352	46908138	7507818	0	0	0	0.0955
10	21228123	17364702	17706455	20825805	6869	6869	0	0	0	2590	18704	24728	23804	25112	26428	29937	34206	36092	44956	52096	60300	81007	84003	98177	129042	194554	241602	258978	322209	392340	438703	508583	588808	616073	810416	877353	1079857	1226011	1551429	1620109	2910150	8709448	46412359	7594921	0	0	0	0.1105
11	21184308	17258234	17644314	20750911	294187	294187	0	0	0	4713	19481	26068	25729	27094	28936	33368	38002	40284	50114	57508	66266	89586	90327	106672	138309	204157	251016	268679	335184	400823	450391	518705	595009	625478	819865	886010	1088670	1241885	1582280	1674096	2995803	8827571	45678281	7551407	0	0	0	0.4895
12	21089460	17452208	17679762	20701792	208732	208732	0	0	0	2718	21106	27313	26302	27689	29091	32980	37724	39595	49529	57777	65653	89486	90702	107079	140567	206117	255366	271626	339604	403339	453222	522762	599918	630777	822992	891352	1091207	1247959	1595741	1702503	3038732	8897379	45612936	7494379	0	0	0	0.3791
13	21255081	17407602	17787011	20678294	3966	3966	0	0	0	5897	24406	31764	30637	31844	33514	37890	43091	44707	55168	63482	71070	96647	96661	115541	148655	213438	264987	278138	347793	410869	460496	529587	602915	635422	828117	897129	1099176	1257702	1619168	1752650	3136138	9031677	45208560	7623052	0	0	0	0.1245
14	21159399	17404267	17730263	20730538	107487	107487	0	0	0	3804	22476	30146	30102	32163	34382	39099	45068	47265	58967	67605	76041	103397	102575	122803	156924	222587	274964	288094	361287	420555	471031	542875	610268	649174	838810	907087	1114817	1284940	1656994	1816043	3231120	9184082	44550176	7626746	0	0	0	0.2588
15	20968142	17470820	17672907	20653561	366524	366524	0	0	0	38315	40267	46582	42869	44584	45073	51573	55645	56171	69398	76703	85329	113534	111998	131164	167782	231146	284597	295597	369681	427732	477378	549992	615609	650990	842383	912014	1114011	1285541	1666683	1838387	3267682	9194472	43941211	7623337	0	0	0	0.6389
16	21084731	17525977	17874623	20615775	30848	30848	0	0	0	5428	34439	44935	45123	47400	49740	56610	63769	65741	79904	92295	101089	133932	131883	158508	191765	225779	279354	291007	364642	421118	473217	545963	609913	654389	839285	913505	1121885	1302373	1695427	1887934	3352432	9351919	43758287	7710116	0	0	0	0.1922
17	21073383	17507026	17918157	20631338	2050	2050	0	0	0	5488	34958	45736	45307	48145	50211	56614	64111	65948	81082	93147	101240	135971	132803	158789	195239	228383	282346	292474	367816	423427	474541	547680	609657	652153	841489	912995	1120313	1301151	1700656	1897556	3375145	9411397	43700261	7675675	0	0	0	0.1561
18	20913064	17686851	17887406	20558020	86613	86613	0	0	0	7117	38980	50063	49310	51825	54230	61372	68969	70427	86296	98667	107310	142146	138986	166836	201212	233465	289254	298617	375578	429305	481032	554115	612580	662191	847147	920579	1132354	1319388	1725728	1937377	3430506	9500850	43171643	7729886	0	0	0	0.2754
19	20966647	17634798	18001746	20497980	30783	30783	0	0	0	9501	42122	53353	51774	54704	56585	64106	72190	72546	89267	102685	110263	147350	141725	172031	207075	238078	295805	304275	382699	434324	486218	559693	616760	666610	854543	926452	1138094	1329561	1743094	1968960	3482896	9580662	42927175	7717995	0	0	0	0.2104
20	20983903	17595106	17989102	20539468	24375	24375	0	0	0	11183	45823	57774	57063	59818	61775	69387	78583	79663	97314	110946	118106	158018	150909	183733	219197	251697	309676	316212	399296	448851	500626	575335	631028	682372	873208	945948	1161394	1354468	1785968	2030883	3581096	9684148	42347225	7668856	0	0	0	0.2142
21	20908086	17734537	18034034	20452543	2754	2754	0	0	0	12146	50624	61291	59695	62386	64533	72586	81850	81871	99876	113270	121313	159948	153801	186326	221587	252904	312804	317305	401672	449505	502333	578201	631130	688344	874785	948335	1166534	1368655	1800420	2061404	3628911	9764517	41997481	7780857	0	0	0	0.1932
22	20985364	17671114	18124062	20348936	2478	2478	0	0	0	12760	52944	64407	63117	66913	68394	77502	87870	87129	106791	120304	127870	171379	161964	198320	233326	263385	325010	330596	417233	462270	515698	593830	645206	704794	892575	968109	1190073	1397046	1839146	2121186	3723517	9864158	41418940	7755714	0	0	0	0.2021
23	21008458	17620835	18109603	20387715	5343	5343	0	0	0	15998	60014	72369	70946	74283	76607	85290	96984	94888	116728	131705	138771	184504	173800	213237	248381	278180	342611	344259	436788	479009	533369	613912	662235	727565	915555	991767	1220260	1433727	1885196	2197717	3833752	9961205	40684080	7730919	0	0	0	0.2244
24	20893461	17774514	18085874	20333335	44770	44770	0	0	0	16108	61055	73080	71911	75489	77192	87300	97890	96683	118396	134126	140857	188372	175649	217248	252936	283533	349220	349142	443265	481860	538324	619849	666482	729760	923975	997733	1227825	1439492	1903831	2221112	3864591	10012682	40477838	7672378	0	0	0	0.2783
25	20962916	17722733	18176453	20268623	1229	1229	0	0	0	19088	66805	78182	76674	80097	81415	92056	103250	101299	124531	140345	146416	194758	182163	224327	260325	288654	356204	355919	450131	489957	545742	627620	672872	742501	934233	1009498	1242976	1463226	1924359	2251558	3904368	10080980	40108066	7710130	0	0	0	0.2339
26	20953174	17672972	18167401	20285856	52551	52551	0	0	0	21758	73970	87403	83889	87252	88051	99268	111720	108117	132215	148383	153849	205187	190753	235127	270769	297837	367408	366334	465053	502601	555982	640994	687124	756665	949872	1029206	1260831	1487333	1960125	2303589	3978316	10137694	39560160	7674568	0	0	0	0.3174
27	20835443	17818147	18199947	20275998	2419	2419	0	0	0	24148	79515	90962	88325	93244	94609	105892	119310	116289	141905	158475	164847	217536	201523	251236	286957	314007	385479	382362	484414	520249	578435	663764	706915	784001	982164	1062169	1300611	1533390	2019804	2394704	4110755	10240853	38818212	7612474	0	0	0	0.2668
28	20870220	17721827	18230843	20158708	150356	150356	0	0	0	35521	94763	105657	99918	104784	104512	116971	130686	124889	154473	170889	175993	233815	212456	266183	301446	327802	403409	395996	506240	535947	592564	682427	722643	798274	1001348	1082075	1323856	1561991	2057929	2445927	4182463	10267828	38183672	7476251	0	0	0	0.4900
29	20908882	17698380	18236475	20231458	56759	56759	0	0	0	30556	92990	103887	100367	105356	105603	118044	132833	128264	156207	174221	180034	237060	218310	271013	306795	333974	408168	401729	509639	541124	599189	690549	728840	811299	1009874	1089473	1337923	1578041	2071150	2465123	4204263	10340745	37890088	7602464	0	0	0	0.3671
30	20823929	17827868	18262946	20215123	2088	2088	0	0	0	33334	98846	109598	105599	110276	109878	123448	138071	133102	162807	180470	184982	243916	223819	279086	314685	338905	415282	409443	519264	549054	607607	700170	737602	822823	1025281	1102465	1355310	1598011	2094795	2497602	4248393	10391672	37551421	7612849	0	0	0	0.3087
31	20888467	17763094	18352022	20117840	10531	10531	0	0	0	36807	108568	119223	113641	118838	118362	131941	147802	140349	172584	191650	193885	258210	233498	293512	327190	352457	433241	421693	538099	564323	622531	719515	754869	837654	1043652	1125999	1380090	1628076	2139779	2551657	4318139	10423392	37076183	7484014	0	0	0	0.3402
32	20887547	17738815	18335490	20167571	2531	2531	0	0	0	40836	116222	125692	120510	126440	126416	140167	157288	148481	182336	203119	205352	271169	243698	307878	342411	366914	448983	436913	556367	580151	640979	739046	773182	862371	1069566	1154370	1411732	1667917	2183023	2611291	4403752	10475199	36463647	7426005	0	0	0	0.3484
33	20796756	17856574	18349632	20126808	2184	2184	0	0	0	42208	119450	129600	123363	129354	127679	143007	160965	151387	185679	204797	208093	274575	246999	312633	345904	368479	453662	440601	560338	582650	643570	741588	776585	864572	1075088	1156208	1415278	1671156	2184616	2616100	4414258	10502912	36279857	7476559	0	0	0	0.3547
34	20838181	17818234	18430048	20044004	1487	1487	0	0	0	47719	131590	140532	133093	139061	136748	152873	171822	160394	197147	218538	220707	288665	260444	328584	362049	383447	470118	455769	580133	600848	662791	763565	797908	891737	1103321	1185047	1450389	1711629	2229626	2685001	4491336	10536133	35625698	7416005	0	0	0	0.3788
35	20781429	17784223	18373336	20099019	93947	93947	0	0	0	54569	148007	156100	148583	154431	151219	168483	186983	174894	213340	235806	236824	309974	277060	350616	384573	403727	494786	478461	609577	628696	689791	795636	828486	925275	1142034	1227395	1500507	1769017	2298719	2769729	4603712	10550554	34777258	7193185	0	0	0	0.5343
36	20696781	17910394	18396536	20056632	71611	71611	0	0	0	60771	164513	172576	163011	168921	165365	183658	204613	190029	231926	254922	253458	332761	294934	376508	406665	425633	521575	500389	638839	654173	715993	827953	856716	957246	1180021	1265448	1542306	1816412	2356571	2842166	4686910	10563259	34041099	7043003	0	0	0	0.5412
37	20724336	17853633	18464514	19941741	147730	147730	0	0	0	68823	183488	189555	177869	183368	178199	198287	218921	201821	245380	269391	269101	349848	310325	394446	425665	442046	541226	519747	659602	675534	737822	850161	882075	984624	1209700	1294581	1577543	1854794	2392749	2897376	4743406	10540335	33369081	6947335	0	0	0	0.6756
38	20716411	17824765	18454241	20032226	104311	104311	0	0	0	69685	183584	189113	178382	183942	179483	198529	220950	203292	248133	273062	271474	353577	313778	397984	429178	445012	545546	521771	663855	677339	739978	852273	883938	985529	1211284	1295996	1579589	1857218	2399913	2900372	4746377	10579587	33243304	7004616	0	0	0	0.6215
39	20619910	17917896	18457726	19993404	143018	143018	0	0	0	76441	201122	206190	193323	199717	192447	212796	237325	217704	265280	289647	287788	373560	330293	420260	450724	465252	568541	543250	689670	703586	765281	882445	910961	1017542	1247614	1336399	1623364	1907535	2452435	2965147	4825670	10572893	32537169	6819565	0	0	0	0.7077
40	20706552	17888484	18582987	19951248	2683	2683	0	0	0	83938	214448	216748	203298	207750	200643	220566	244763	223733	272949	297681	294249	381886	334969	427424	457906	471176	576856	548650	697942	708648	771312	887019	917372	1022540	1251690	1337516	1625878	1912487	2455784	2968713	4830569	10589266	32366902	6906000	0	0	0	0.5486
41	20711994	17870872	18555865	19978293	14930	14930	0	0	0	93780	238367	239618	223066	228923	218924	240926	268097	242391	296343	323212	315342	411903	358465	460324	488335	498566	610420	580103	737224	745802	805661	930322	959901	1065284	1307870	1394407	1685326	1978858	2533188	3056049	4919977	10556589	31491318	6612143	0	0	0	0.6143
42	20567594	17980335	18559160	20002013	22852	22852	0	0	0	123233	264533	266797	245183	249596	238017	261309	287822	259218	316890	341709	334783	433194	376979	481568	511733	517842	634048	599789	758841	766751	827409	954738	979697	1091031	1332189	1417920	1710984	2005158	2559340	3090609	4949674	10503834	30913867	6502817	0	0	0	0.6847
43	20629596	17945140	18636855	19902537	17826	17826	0	0	0	107648	273168	271107	251383	255335	242723	265310	292189	264567	321095	348198	340149	436888	382640	488027	514324	524903	638320	606243	762811	774228	835188	960845	988356	1101169	1340358	1422405	1723133	2020576	2568046	3103835	4967646	10520543	30634348	6566424	0	0	0	0.6817
44	20594390	17907166	18599425	19940106	90867	90867	0	0	0	114905	290134	286515	264024	268542	253612	278417	306048	275310	334237	362448	352387	453473	394564	504766	531175	536670	656690	620612	783734	790752	849059	980836	1005140	1119935	1361227	1445731	1750348	2043990	2593955	3134650	4996215	10494316	30128854	6477816	0	0	0	0.8083
45	20536371	18068879	18621584	19899593	5527	5527	0	0	0	123065	313175	308675	283079	286316	269810	295283	323461	289056	351031	378564	369735	472898	410138	524011	548004	554204	674373	640434	803605	811325	868486	1000384	1028846	1141732	1386617	1469603	1773396	2080006	2624117	3169712	5031508	10464206	29653332	6404240	0	0	0	0.7403
46	20566061	17998272	18694082	19823182	50357	50357	0	0	0	127470	322993	316754	289927	292268	275747	299674	330476	293915	357568	385255	373211	478132	413328	531960	554904	559378	680807	641831	812220	816246	872178	1005913	1034408	1142888	1392950	1474969	1775786	2078100	2629766	3174324	5029880	10460574	29446711	6409086	0	0	0	0.8147
47	20583323	17985878	18690324	19865891	6538	6538	0	0	0	134402	339917	332489	302958	305497	284732	311094	340387	302299	366480	394922	382958	490452	424058	541932	565718	567937	690680	653419	819841	829955	885391	1015759	1044057	1156672	1405907	1485956	1793097	2098241	2643451	3193797	5044113	10450300	29112022	6414526	0	0	0	0.7873
48	20434013	18127096	18729973	19827334	13538	13538	0	0	0	151227	385142	375263	342187	342137	317184	345318	376913	332565	399314	430382	414627	526702	455255	580754	603029	603413	729619	691045	862938	869597	924230	1063120	1089161	1203535	1455867	1536808	1849141	2153650	2697548	3253694	5085684	10335023	28216663	6119681	0	0	0	0.8821
49	20503560	18069883	18808649	19742997	6865	6865	0	0	0	163518	419719	408616	369790	368391	341830	370780	401376	354517	425479	454849	437557	557090	479366	609980	629962	628588	759337	721027	896362	901899	952909	1098357	1125315	1236063	1497454	1576791	1885974	2193614	2735984	3286400	5090383	10250794	27646938	5848080	0	0	0	0.9372
50	19672282	18375052	19435700	19575080	73840	73840	0	0	0	291487	943061	1054929	931243	905914	793743	870581	922416	775389	935001	998953	887270	1149134	930351	1219937	1156093	1145889	1377868	1267823	1539996	1589030	1485415	1769110	1789883	1821969	2125872	2216848	2387095	2628403	3078559	3320907	4416599	8123154	17786521	2421671	0	0	0	2.1604
