#Name	E:\SaveData\2016-10-18_10_33_15_1001160101_R0036_A_CL100007977_BGI12297_WESPE_result\\CL100007977\L01\CL100007977_L01_5_2.fq
#PhredQual	33
#ReadNum	69184231
#row_readLen	50
#col	48
#BaseNum	3459211550
#N_Count	1679668	0.048556
#GC%	47.02
#Q10%	97.66
#Q20%	90.55
#Q30%	76.49
#EstErr%	0.909959
#Pos	A	C	G	T	N	0	1	2	3	4	5	6	7	8	9	10	11	12	13	14	15	16	17	18	19	20	21	22	23	24	25	26	27	28	29	30	31	32	33	34	35	36	37	38	39	40	41	Err%
1	21405593	16712206	16422022	14637252	7158	7158	0	0	0	5651	29299	42089	47878	61672	75832	150453	189998	182476	260507	310583	275350	486210	307917	539202	502918	599538	696696	606026	931443	730602	903797	1031202	980005	1057350	1376374	1422491	1603826	1738855	2541761	2460557	4028331	9444703	30256602	3298879	0	0	0	0.3138
2	18723471	14263427	17290520	18903665	3148	3148	0	0	0	15064	54874	73990	84130	106121	123320	210039	265127	238685	331337	390480	327355	572970	354101	617699	557738	650130	757994	645867	986382	759042	940908	1067509	994494	1096906	1395193	1442054	1618005	1756147	2533763	2516635	4065055	9491617	28689451	3450901	0	0	0	0.4103
3	17938618	16669574	15114313	19461275	451	451	0	0	0	20560	64884	83773	93721	117438	131719	221474	274088	248321	340206	398933	333730	580126	362208	626238	569414	650710	767617	645468	990582	770891	937954	1076792	999520	1092263	1397486	1440745	1617119	1754225	2531711	2507976	4043552	9443266	28740750	3308320	0	0	0	0.4306
4	18274377	16528369	15263602	19117706	177	177	0	0	0	22001	67101	85327	95743	117339	131637	221968	271420	250001	334734	391671	338781	560166	373233	608678	570897	629814	758183	636318	958280	773386	912072	1056536	991243	1078605	1369085	1420759	1603435	1756410	2469431	2542288	4081204	9436765	28411092	3858451	0	0	0	0.4307
5	18288523	16079218	15686773	19127888	1829	1829	0	0	0	27277	76105	94950	105081	126944	140646	231086	282750	257975	345560	404776	344131	576613	376537	623477	577667	640945	769550	642072	974240	776257	925553	1067305	997115	1085964	1375960	1425661	1606074	1751651	2479889	2523485	4055596	9418571	28405373	3669566	0	0	0	0.4571
6	17898381	16398348	15535867	19346052	5583	5583	0	0	0	17741	63038	81199	90950	112246	127331	217427	266544	248802	330755	387004	336515	554994	375112	602689	566751	630536	753276	640157	952098	770319	919896	1053013	985992	1092996	1367387	1420123	1606277	1764986	2470923	2552842	4099642	9463980	28155204	4099903	0	0	0	0.4270
7	18276043	15950273	15997147	18910381	50387	50387	0	0	0	23983	73353	93274	102219	124525	138253	229240	282038	252713	345466	401294	341760	573550	370185	622134	575912	639413	763502	639326	973744	777355	919937	1061628	996045	1076215	1376652	1420385	1598165	1746163	2478496	2526241	4059139	9449929	28421532	3660078	0	0	0	0.5200
8	17712884	16539155	15190866	19740383	943	943	0	0	0	31835	87812	105992	115343	137651	149865	242496	290654	267591	350725	404680	354173	566150	392086	614226	586096	628595	765884	642598	954333	786040	912438	1054140	989796	1080200	1359702	1413077	1600568	1760972	2437291	2568459	4107046	9446538	27873926	4104310	0	0	0	0.4787
9	17697354	16349889	15394382	19738011	4595	4595	0	0	0	21024	71648	90442	100126	121953	135408	228279	278321	254444	342156	395450	345164	560346	379135	611475	574411	628349	756441	638092	951718	776975	911363	1049916	989873	1081545	1361117	1413223	1597814	1759598	2458850	2555894	4096130	9468687	28045962	4128307	0	0	0	0.4468
10	17912627	16248267	15645127	19376384	1826	1826	0	0	0	26395	80670	99940	109051	133679	143188	238934	293168	258118	357887	409846	350693	579823	377220	630551	589392	633761	769902	640669	971400	789168	906640	1061460	1001495	1064769	1369374	1416148	1597749	1748532	2470419	2546130	4073357	9474463	28094232	3874182	0	0	0	0.4678
11	17932003	16215669	15602685	19432997	877	877	0	0	0	30380	89193	108657	117737	140611	152213	247457	297916	270440	360746	415396	358492	580191	391524	626844	590531	639856	771567	647300	964571	788372	915829	1062722	997560	1080823	1369070	1418344	1599771	1755438	2455383	2553139	4081907	9457664	27958768	3886942	0	0	0	0.4858
12	17841912	16380613	15608707	19351819	1180	1180	0	0	0	32986	94839	113945	124076	146710	158085	254230	305155	274594	364691	420041	361701	581801	394671	627467	594075	637222	771903	647522	959925	791350	912294	1059410	998973	1078895	1365638	1418666	1598507	1756658	2448867	2559720	4088521	9452006	27815300	3972607	0	0	0	0.4995
13	17942965	16303956	15669562	19263123	4625	4625	0	0	0	35560	100407	119152	128081	151580	161792	257085	306806	276417	365617	419534	362536	579894	397193	628007	594590	635525	770588	649446	957716	792680	913101	1060356	996840	1080622	1361319	1415045	1600937	1761106	2442978	2574970	4110396	9453461	27641086	4077183	0	0	0	0.5142
14	17881058	16282084	15670361	19349967	761	761	0	0	0	34299	99985	119277	126802	150056	161326	258448	309628	278868	368596	423038	368307	584094	401223	632705	600812	638055	775140	653399	962524	797625	915524	1061572	1002189	1083429	1367121	1418470	1606846	1768571	2446193	2582850	4121270	9443329	27534213	4087686	0	0	0	0.5091
15	17741667	16409663	15701978	19286539	44384	44384	0	0	0	46369	117520	135666	142726	165940	174988	272263	321751	289029	379525	431654	375403	587272	410236	635104	605830	639720	776536	655431	959617	800546	913589	1059340	1003129	1082376	1362758	1410194	1604277	1769286	2430955	2586089	4115640	9414564	27236387	4228137	0	0	0	0.6101
16	17735975	16342354	15740834	19177152	187916	187916	0	0	0	53984	154732	176587	184148	211851	219327	257264	304236	273743	362554	411796	364357	568239	398177	617955	591439	624366	763969	645099	941762	794072	900577	1048591	995920	1072231	1354236	1402706	1592035	1761319	2421990	2578990	4107861	9393044	27222979	4224179	0	0	0	0.8734
17	17737987	16346781	15782798	19228969	87696	87696	0	0	0	64243	167979	190433	196815	224836	231517	269311	317688	285857	375459	425433	374727	578577	410428	627810	603168	631250	772202	653417	946917	805316	908908	1057700	1003098	1083786	1360634	1412078	1607142	1775617	2425947	2608730	4144669	9383415	26885243	4286185	0	0	0	0.7626
18	17618425	16548275	15765019	19238764	13748	13748	0	0	0	69957	173009	194281	199932	226341	231947	270081	319228	285376	376170	423199	372189	575548	407775	623747	601034	626816	767434	650200	942068	801527	903621	1052345	1002664	1075910	1355287	1407491	1602607	1772119	2417503	2604189	4136496	9387593	26948521	4366278	0	0	0	0.6635
19	17677311	16483559	15879003	19138899	5459	5459	0	0	0	63349	173806	194910	201124	227704	233954	271164	320578	287340	375763	423049	378071	573669	411966	623584	602863	626993	767964	653271	941583	806343	905841	1053409	1004800	1085221	1356662	1408254	1609984	1784942	2416999	2620967	4157488	9381344	26770921	4462892	0	0	0	0.6502
20	17684295	16421731	15831108	19199966	47131	47131	0	0	0	65415	180382	200543	205872	232800	238628	277234	324810	292811	379760	429454	382894	579037	422010	627978	610857	632171	774869	659606	945122	814285	910170	1058881	1007717	1088689	1362441	1415859	1616241	1792787	2424342	2640164	4179926	9370506	26530692	4462147	0	0	0	0.7239
21	17630553	16560697	15865096	19122402	5483	5483	0	0	0	78885	201699	218887	222781	247464	250691	288364	336006	302864	389042	434292	392588	580816	431311	631527	615718	632850	777975	665038	940520	822870	912432	1062000	1018665	1101724	1370136	1419991	1630855	1815564	2429906	2678312	4225561	9349291	26149435	4552688	0	0	0	0.7042
22	17687474	16514758	15939114	19036980	5905	5905	0	0	0	82858	212059	231211	232607	258117	258062	297196	346971	304875	399717	445662	394109	593689	427114	643926	623172	635894	785594	665606	951989	829073	911149	1065966	1026413	1091310	1373811	1426008	1627185	1816634	2437840	2682100	4225733	9343610	26036610	4494456	0	0	0	0.7281
23	17704963	16450411	15940906	19085244	2707	2707	0	0	0	89230	228675	245010	245143	269482	270439	308458	356178	317028	406702	452588	405421	596094	439604	646092	628724	640023	787638	673046	948998	833288	918686	1068564	1025798	1106346	1374839	1427247	1638068	1828084	2433202	2692354	4238347	9320550	25750843	4570735	0	0	0	0.7543
24	17553950	16566565	15921548	19034653	107515	107515	0	0	0	119613	241326	260551	256547	280999	275964	318166	366388	320304	417254	461221	407598	606758	439589	655177	634774	642542	792809	673099	957491	839468	913698	1072530	1033988	1100740	1381429	1433931	1638954	1832457	2446206	2710864	4251864	9274524	25536144	4481749	0	0	0	0.9467
25	17672144	16547475	16008035	18940017	16560	16560	0	0	0	94186	237445	253315	252374	277218	274248	314278	362497	320322	411256	456173	409102	601462	444125	649434	633160	641371	788023	675727	950835	836583	916092	1068950	1029068	1105982	1373386	1426615	1638954	1832754	2429055	2703805	4244061	9304896	25568015	4642904	0	0	0	0.7918
26	17640166	16467301	15985014	18956107	135643	135643	0	0	0	97107	248645	263923	261068	284257	280164	319176	368049	322365	416297	461271	410604	602191	445107	650496	632341	637232	786593	673396	947037	837686	914810	1067242	1026570	1105327	1373247	1424397	1639365	1833062	2429950	2705781	4247071	9270240	25403223	4663298	0	0	0	0.9819
27	17548777	16614606	16007726	18951125	61997	61997	0	0	0	100341	256765	271674	268511	291587	286539	327636	375876	330685	425655	470317	420138	610399	452615	661165	646331	646948	796676	685496	959334	853210	924063	1080080	1045038	1116544	1391847	1444457	1658526	1857494	2450376	2742984	4279026	9250988	25110313	4632600	0	0	0	0.8951
28	17641914	16605971	16074308	18859794	2244	2244	0	0	0	107909	275396	290728	284642	308514	299012	342969	392667	339078	439823	482677	429842	625257	462534	675625	657918	655395	810083	693163	969549	867833	927789	1090856	1059583	1124891	1404660	1458246	1676052	1877525	2469767	2771793	4313323	9209542	24815546	4571800	0	0	0	0.8485
29	17626072	16525521	16052291	18932810	47537	47537	0	0	0	117696	289893	304768	295830	318175	306129	349501	400362	345374	445115	487402	431987	626424	464725	676994	660160	653429	810271	693571	966423	868538	927770	1090009	1059529	1123862	1403261	1452828	1675180	1879910	2464006	2772768	4311211	9193715	24666696	4603182	0	0	0	0.9412
30	17544623	16638294	16063466	18914799	23049	23049	0	0	0	122546	302060	314516	304824	326776	314187	356523	405648	351814	450202	492364	439103	631014	472937	679509	666346	658896	815533	701908	968952	875212	931230	1094910	1064411	1132892	1405957	1458268	1681504	1890590	2467972	2782196	4320620	9175176	24470550	4634036	0	0	0	0.9279
31	17609131	16614899	16138322	18808397	13482	13482	0	0	0	128258	315289	322848	311272	330355	319577	359410	406880	355806	449792	491461	445676	625038	480094	676810	666164	660158	811871	705978	962856	875762	938967	1095648	1062424	1143304	1406327	1458616	1688876	1899108	2460127	2794953	4331017	9160321	24328827	4700879	0	0	0	0.9311
32	17631328	16565404	16114509	18864036	8954	8954	0	0	0	131176	326002	335562	321467	341157	326719	368357	416864	362384	459790	502568	451828	636047	486565	688549	676367	667266	822339	713553	974460	887644	945109	1105702	1078290	1150428	1421880	1473298	1702455	1915136	2480481	2813725	4345772	9125150	24073976	4647211	0	0	0	0.9488
33	17541253	16671961	16106928	18834233	29856	29856	0	0	0	133604	328662	338482	325649	344796	330939	371103	418767	362540	461428	503259	450705	636576	483953	685941	671971	663724	820236	709882	969324	882966	940128	1098854	1069088	1144295	1413589	1463122	1695230	1902525	2468200	2802365	4333927	9133933	24078077	4716535	0	0	0	0.9857
34	17596740	16642544	16198157	18741675	5115	5115	0	0	0	144974	357117	363703	346974	363660	345314	388246	433966	376500	474786	514613	462480	647483	496762	698572	683930	670672	827838	720925	976662	893742	949006	1106270	1079771	1155024	1422759	1473143	1706415	1922058	2476525	2820604	4346864	9083430	23764083	4684245	0	0	0	1.0012
35	17515286	16589195	16143600	18762906	173244	173244	0	0	0	159309	378411	383972	360966	379779	354292	399316	448562	381396	486822	526264	469506	658592	499688	710303	694815	675632	840535	727858	988896	909961	953439	1122857	1100477	1167299	1442579	1495548	1728647	1950176	2504184	2857917	4379273	9005989	23313159	4554568	0	0	0	1.2861
36	17479406	16717658	16170646	18794049	22472	22472	0	0	0	152829	375718	381459	359249	375116	356186	395687	441944	383007	479987	520503	470555	648714	502475	700359	689003	673793	830545	725815	975708	901905	952153	1109353	1090068	1160275	1427106	1478097	1711870	1932629	2481615	2838129	4363095	9046430	23519783	4710599	0	0	0	1.0581
37	17554684	16694079	16240700	18690080	4688	4688	0	0	0	157236	389388	391818	371230	385266	361822	402855	451132	387731	487153	527064	475039	655055	507755	707152	695979	679590	834715	730794	981695	909945	955136	1117007	1099282	1172150	1437079	1491879	1726857	1948913	2493254	2855202	4374035	9018086	23302032	4698217	0	0	0	1.0564
38	17535311	16654673	16223417	18765759	5071	5071	0	0	0	162547	406278	408422	383434	396349	371308	414197	460546	395092	496179	536506	482857	663495	513093	715476	703258	683168	844045	737999	987650	920633	959100	1127153	1109325	1176433	1447405	1502709	1738134	1964870	2507514	2874107	4391103	8976688	23064492	4657595	0	0	0	1.0877
39	17415618	16739004	16219639	18733095	76875	76875	0	0	0	185063	445661	443138	409596	421445	390504	434707	481334	410662	514280	553174	498993	679790	527606	730750	718229	696951	857127	751555	1000320	933816	973557	1137838	1121434	1188715	1458369	1512280	1751072	1979843	2512965	2884219	4388444	8899123	22649722	4565074	0	0	0	1.2640
40	17503235	16715570	16283702	18673596	8128	8128	0	0	0	173590	435394	436255	406639	417045	386039	430177	477323	406382	511408	549955	494647	675098	522720	727642	715340	691445	853106	748533	994171	936983	966944	1135361	1122188	1187444	1460449	1513907	1753463	1986450	2516671	2895466	4404715	8915850	22690455	4636848	0	0	0	1.1454
41	17511399	16666040	16248591	18751255	6946	6946	0	0	0	174414	444892	442340	411293	419747	392153	431686	476421	411880	510083	547673	499740	668578	530868	720764	711878	692490	848234	751884	987899	932198	972171	1129821	1119631	1193773	1453710	1505507	1749830	1985162	2505569	2888947	4401496	8910083	22661664	4692806	0	0	0	1.1541
42	17450893	16763141	16241499	18723684	5014	5014	0	0	0	167216	437030	437534	406838	414628	387262	426598	472321	406454	502497	540478	492794	659969	523224	710805	704070	684276	840069	744824	976443	923876	960852	1118846	1108342	1178873	1440218	1492575	1735456	1966199	2485506	2873115	4386702	8926929	22830420	4815978	0	0	0	1.1340
43	17397137	16732737	16348340	18606970	99047	99047	0	0	0	212041	521074	522588	473128	479401	436058	481867	529466	444465	555831	595869	530099	716313	555328	765941	749694	719557	889661	779126	1029206	974936	994452	1172709	1162630	1218614	1496985	1552395	1793955	2028916	2547057	2929527	4399412	8714370	21693757	4418756	0	0	0	1.4423
44	17349060	16680590	16307691	18616534	230356	230356	0	0	0	224163	549917	543506	493459	495705	449115	495062	542583	453965	565815	603657	538484	727199	562470	774663	760403	724763	894096	786337	1033032	982353	998147	1178915	1168837	1226164	1504903	1557472	1802309	2039580	2552620	2942091	4409790	8652045	21350154	4370101	0	0	0	1.6789
45	17338900	16836764	16336371	18662274	9922	9922	0	0	0	212413	531651	523963	478799	481039	438704	481970	526782	446249	552276	591014	530818	709005	557806	758768	747880	715896	879412	778462	1016602	969041	992059	1161934	1154786	1218591	1490555	1544181	1788066	2028578	2542481	2937282	4427728	8726201	21674538	4558779	0	0	0	1.3201
46	17411885	16793034	16371279	18599761	8272	8272	0	0	0	204300	525900	518353	472080	475978	434985	475935	521547	443777	545956	582338	529091	701943	554212	749276	741464	709420	872308	775505	1005791	966371	984774	1152921	1150784	1213579	1481729	1536348	1783634	2026040	2533500	2935978	4426424	8742035	21754805	4646878	0	0	0	1.3008
47	17388114	16762715	16390365	18631176	11861	11861	0	0	0	229281	582403	577015	519815	518656	469412	515419	559751	470695	580325	619152	555453	736123	581862	785315	773607	738933	906184	805604	1040584	1002165	1013504	1189667	1185608	1244918	1519946	1572796	1816040	2059677	2564577	2961626	4421562	8594056	21042198	4418441	0	0	0	1.4210
48	17233883	16896475	16473571	18557217	23085	23085	0	0	0	274428	662631	654506	582521	577535	513938	562314	608533	505704	626206	663420	588873	782598	609447	829355	808487	769037	943893	834576	1080817	1042327	1038948	1228373	1223941	1277715	1557650	1613460	1854492	2096600	2589766	2981351	4403444	8411447	20242310	4120503	0	0	0	1.5967
49	17342800	16838822	16442934	18547405	12270	12270	0	0	0	228991	604353	591364	532196	529475	481493	519154	562221	480239	578639	616041	563674	724819	590199	775875	765671	738023	895936	808023	1027040	993978	1014191	1178083	1177248	1248178	1510242	1563439	1814987	2068666	2549126	2965679	4427680	8582635	20982292	4482111	0	0	0	1.4458
50	16921264	16971515	17286532	17958424	46496	46496	0	0	0	379950	1272173	1430825	1254884	1209867	1036098	1132033	1183833	960247	1159523	1222278	1034442	1345278	1044936	1382875	1264355	1200273	1445998	1271769	1544589	1551137	1385451	1649592	1626769	1591170	1852411	1883741	1986157	2139244	2469186	2609742	3399636	6272393	12943115	2001765	0	0	0	3.0448
