#Name	E:\SaveData\2016-10-18_10_33_15_1001160101_R0036_A_CL100007977_BGI12297_WESPE_result\\CL100007977\L01\CL100007977_L01_2_2.fq
#PhredQual	33
#ReadNum	76557521
#row_readLen	50
#col	48
#BaseNum	3827876050
#N_Count	1928560	0.050382
#GC%	47.47
#Q10%	97.60
#Q20%	90.43
#Q30%	76.22
#EstErr%	0.928091
#Pos	A	C	G	T	N	0	1	2	3	4	5	6	7	8	9	10	11	12	13	14	15	16	17	18	19	20	21	22	23	24	25	26	27	28	29	30	31	32	33	34	35	36	37	38	39	40	41	Err%
1	23425556	18560013	18337763	16226225	7964	7964	0	0	0	6659	32032	44882	52325	67018	82719	163217	204511	200822	278349	334962	302488	516986	346940	576379	550309	647090	761656	660329	1001642	798919	984951	1123347	1062335	1174006	1497344	1555774	1758315	1924193	2740492	2811271	4599477	10368787	33226509	4092522	0	0	0	0.3086
2	20452492	15830868	19204428	21066287	3446	3446	0	0	0	21367	69956	91550	102965	128776	147304	239449	298372	273011	367593	435022	364384	629650	399288	679039	620051	720865	842820	714411	1091134	842912	1050010	1190507	1102951	1226185	1552026	1607780	1802931	1961079	2805434	2830423	4580829	10352825	31906823	3504353	0	0	0	0.4291
3	19620325	18390651	16978342	21567645	558	558	0	0	0	22835	72514	92489	103106	127790	143768	240052	297674	271253	367947	432279	365181	627760	400901	679168	625351	714626	845223	713392	1089006	853642	1041427	1189253	1106808	1217049	1547495	1599242	1795663	1951088	2784692	2819008	4554655	10348992	31934223	3581411	0	0	0	0.4264
4	19944402	18170058	17334524	21108319	218	218	0	0	0	24238	73034	92948	102977	127196	142452	238667	293429	266409	364058	426559	363588	618749	399369	671427	624847	700455	837908	705936	1070713	855555	1023063	1177416	1103894	1200173	1531875	1585406	1783437	1941795	2755517	2820853	4548854	10350673	31965058	3768775	0	0	0	0.4239
5	20027398	17819085	17770204	20938499	2335	2335	0	0	0	21863	71799	91033	102206	125715	140769	240175	294998	272274	367872	430185	371300	617916	410444	673125	629556	702884	839261	711827	1065387	857140	1025946	1174658	1100374	1211562	1527248	1579321	1786203	1960726	2746503	2852207	4589384	10362656	31346651	4254018	0	0	0	0.4255
6	19612683	18253658	17514408	21170665	6107	6107	0	0	0	21613	72023	92103	102752	126866	141532	238917	295900	270092	367753	429821	368174	618861	404746	674216	629508	703405	842282	709037	1074060	857836	1024280	1178698	1104062	1203444	1531478	1586143	1784196	1948392	2757982	2833599	4567363	10390662	31803914	3795704	0	0	0	0.4309
7	20023496	17785856	17991320	20701388	55461	55461	0	0	0	26870	81646	102414	112214	137676	151075	250029	305732	276998	376071	436652	373690	625829	410687	678065	632868	702886	843017	710184	1073172	860722	1021593	1177835	1102736	1199620	1527531	1579016	1777965	1944455	2741920	2833940	4563353	10353505	31607365	3902729	0	0	0	0.5163
8	19477755	18376729	17084749	21617250	1038	1038	0	0	0	34749	96035	114495	124670	148530	162410	260593	314690	288631	381698	443649	382137	628113	422714	678297	641738	699906	847027	711757	1063095	868214	1016301	1174411	1104888	1199898	1519028	1574885	1779942	1948237	2719458	2851093	4577158	10349317	31351967	4076752	0	0	0	0.4714
9	19407078	18247094	17250691	21647446	5212	5212	0	0	0	24619	80042	101641	111577	135324	150018	250207	304603	278353	374735	433955	378609	616444	417988	671654	633333	693175	836947	708732	1052024	863170	1012918	1166549	1101634	1202090	1515219	1571654	1779393	1957334	2723853	2865426	4599812	10380942	31247309	4311026	0	0	0	0.4471
10	19679845	18134292	17519110	21222186	2088	2088	0	0	0	29714	90321	112254	121792	146955	158994	261936	320895	284448	391185	448559	385351	636550	417435	688167	648188	699731	848883	712593	1071750	877627	1007715	1177071	1113437	1187504	1521256	1576959	1776894	1952048	2732983	2864358	4582698	10372161	31200521	4136500	0	0	0	0.4675
11	19721260	18081065	17479194	21275019	983	983	0	0	0	34377	100571	121247	130564	155942	169815	273063	327194	297211	395841	454651	395728	637914	435039	688961	653615	707257	854541	721228	1067509	879878	1021171	1180665	1111380	1206898	1522064	1578401	1782237	1958969	2720011	2866788	4582676	10350654	31026869	4145609	0	0	0	0.4866
12	19619752	18274187	17474879	21186936	1767	1767	0	0	0	36803	107444	128556	138387	163819	175985	279486	336303	302138	402135	461370	400562	639272	438386	690438	658709	705722	855297	720706	1064173	882552	1016800	1178259	1110849	1205590	1520209	1579039	1783027	1959075	2714438	2874299	4596391	10336030	30856950	4236555	0	0	0	0.5022
13	19722924	18170201	17535915	21123192	5289	5289	0	0	0	40260	113149	134226	142628	168697	179809	282557	338566	305604	402135	461914	402847	638410	441776	688829	657832	704549	854986	722219	1060976	882297	1017197	1176458	1111918	1206489	1518278	1575195	1787308	1970554	2711275	2890117	4615127	10337020	30682310	4328720	0	0	0	0.5165
14	19666066	18164586	17515996	21210009	864	864	0	0	0	38486	113113	133819	143167	167696	179601	284812	340936	310144	408104	467037	408718	644705	447668	697534	664777	709373	860687	729600	1066848	890489	1022619	1181829	1118627	1210001	1526936	1578628	1790678	1973207	2707910	2904987	4627762	10332518	30509832	4363809	0	0	0	0.5124
15	19501462	18306073	17548450	21148389	53147	53147	0	0	0	51489	132530	152014	159312	185475	195181	300060	355128	319439	419373	476629	417466	650046	456159	700779	671965	708189	862634	730718	1062537	894567	1021795	1178374	1117619	1211276	1521625	1574768	1790770	1978780	2697291	2902899	4616025	10295383	30210407	4485672	0	0	0	0.6182
16	19506449	18225616	17593578	21023693	208185	208185	0	0	0	60260	174122	198333	205902	235716	242804	283683	337481	304274	400650	455976	403409	626113	444224	680649	657184	691906	846519	719712	1045468	885625	1005580	1167101	1111513	1199762	1510008	1567496	1781250	1968697	2685005	2898814	4614173	10278684	30160092	4501151	0	0	0	0.8773
17	19482391	18241081	17631919	21102276	99854	99854	0	0	0	71878	188647	213066	219363	249056	257250	299472	352343	318402	416062	468911	418276	639148	460149	692705	670850	702436	857578	731843	1054588	898951	1014256	1177223	1120161	1213850	1517777	1576645	1791757	1986263	2687584	2930602	4646455	10264813	29779512	4569795	0	0	0	0.7703
18	19330736	18458592	17624201	21120189	23803	23803	0	0	0	89398	194462	219325	223938	252867	260210	300513	353043	317628	416759	468338	416330	637152	456086	689523	669099	698747	852514	727190	1046692	895493	1009618	1169663	1115776	1208117	1514480	1567459	1792738	1981668	2684697	2923970	4638062	10270203	29831993	4639967	0	0	0	0.6866
19	19396951	18399518	17743872	21009344	7836	7836	0	0	0	71659	195623	218541	224588	253600	260310	302414	354920	320011	416917	469692	421011	636513	461371	691029	670727	697227	854409	728802	1047098	902201	1011405	1174631	1122526	1215024	1515108	1570489	1798649	1996053	2688257	2939417	4661676	10265765	29676102	4715920	0	0	0	0.6582
20	19427955	18329584	17689116	21059416	51450	51450	0	0	0	73965	203063	225375	230378	260217	266509	307648	361036	326946	422987	477520	427735	639549	473396	698026	679996	705695	863360	737362	1051791	911102	1019709	1179504	1126711	1221810	1523902	1580097	1806379	2006893	2691325	2967818	4687330	10237678	29359844	4753415	0	0	0	0.7297
21	19345628	18484333	17737103	20984324	6133	6133	0	0	0	90843	229784	249213	250333	277302	281377	321912	374884	337703	432205	483775	438210	644489	481904	699938	689029	705107	867715	744643	1049053	919550	1023146	1185357	1136029	1232554	1527644	1587920	1820540	2031810	2696769	3002198	4732958	10223038	28953368	4829088	0	0	0	0.7157
22	19405733	18438935	17822505	20882949	7399	7399	0	0	0	94868	240200	261133	260379	289640	288994	331931	387305	341821	444601	495247	441839	658358	480126	714412	693733	708460	872959	746568	1059543	926530	1020338	1191509	1145433	1228170	1535146	1589868	1822895	2031470	2707041	3014862	4738597	10206252	28789859	4790035	0	0	0	0.7396
23	19439293	18359669	17811629	20942294	4636	4636	0	0	0	102009	256655	276195	276185	302566	301633	344237	396944	354245	453634	503682	452417	663571	494822	718597	702638	715895	878658	754825	1058027	932979	1028738	1194097	1147726	1240967	1539334	1595667	1830805	2047081	2706614	3023966	4745671	10174852	28491077	4845876	0	0	0	0.7664
24	19252747	18461574	17778786	20936437	127977	127977	0	0	0	151349	276261	296040	289980	316734	311889	357247	410618	358548	465756	513876	457452	673997	494629	727575	710280	718432	885494	757258	1065293	940732	1024605	1198029	1154809	1235050	1543538	1600973	1836654	2051094	2717289	3041227	4754640	10127287	28176626	4788283	0	0	0	0.9818
25	19371387	18475910	17898064	20791259	20901	20901	0	0	0	106111	268065	286414	284882	310367	308820	350863	405573	358953	460162	509752	458198	667976	498092	722927	708441	718112	880071	759231	1058273	939318	1027764	1195318	1150724	1245257	1539297	1596827	1837951	2052827	2703582	3038191	4754627	10153992	28248865	4930797	0	0	0	0.8066
26	19357082	18394050	17868406	20785944	152039	152039	0	0	0	109376	283136	298367	294008	319383	314551	357757	411552	363787	464588	512917	461234	669616	499452	725632	708135	715460	879956	758609	1056303	939671	1024953	1193141	1153604	1241865	1537177	1593601	1836892	2054512	2698229	3037402	4755733	10120792	28056169	4957922	0	0	0	0.9974
27	19254773	18538213	17882864	20810459	71212	71212	0	0	0	113799	291357	307488	303287	328732	322491	367342	421193	370843	475114	524375	471856	679897	510804	737591	720757	726150	893373	769201	1068341	957551	1036519	1207029	1169848	1253003	1555622	1613703	1856018	2078934	2722757	3077382	4788249	10100787	27742254	4922662	0	0	0	0.9126
28	19337232	18523188	17975519	20718564	3018	3018	0	0	0	122183	313778	328580	320762	346664	336533	383594	439009	381851	492743	541094	482635	698505	519835	753505	735273	733755	907515	780914	1084576	970496	1042285	1222286	1186556	1265657	1574862	1629988	1876707	2103069	2747231	3107877	4820509	10059881	27382173	4861622	0	0	0	0.8641
29	19318562	18463084	17940319	20782312	53244	53244	0	0	0	133915	331062	345071	335634	359365	345633	392546	447454	386119	499520	544605	485960	700358	523451	756398	739332	733314	906639	779286	1078930	973313	1041380	1221306	1185215	1263210	1569145	1626833	1875403	2104419	2739345	3109017	4819367	10034335	27211940	4905457	0	0	0	0.9596
30	19234119	18581239	17943063	20770358	28742	28742	0	0	0	138672	344800	356382	344652	368137	353914	402407	456370	395601	504962	551873	497044	703964	533659	761701	745831	738233	911982	789232	1083865	981428	1050439	1225600	1193647	1274498	1575329	1630463	1884084	2117321	2742483	3122878	4825745	10010837	26977580	4933166	0	0	0	0.9502
31	19299169	18542523	18048425	20650459	16945	16945	0	0	0	144761	358096	366160	351798	373757	359428	403020	455238	400338	503095	549744	501664	699177	541266	756757	746268	739648	909306	795101	1075150	980896	1056954	1222014	1193044	1283840	1578976	1635175	1890484	2124023	2737441	3129158	4834892	9994881	26852115	4996911	0	0	0	0.9508
32	19345176	18487028	18000828	20713380	11109	11109	0	0	0	148286	372407	380742	365480	386103	370526	415027	468968	409627	516163	561663	510618	710911	548169	770190	758039	750732	923722	804052	1090322	998704	1062842	1237704	1207107	1290907	1590002	1652594	1906616	2142673	2755598	3153199	4851284	9958608	26538911	4937916	0	0	0	0.9710
33	19226441	18622236	18006484	20665873	36487	36487	0	0	0	151870	377284	386061	369059	390035	374034	418499	471915	411066	517311	563532	508854	710921	546933	768858	756105	746197	919883	799183	1083521	991040	1058504	1232176	1202309	1287650	1581999	1638902	1895858	2136058	2746971	3143556	4842624	9955310	26525415	5011541	0	0	0	1.0127
34	19292515	18585701	18114263	20558420	6622	6622	0	0	0	162596	407039	414376	392226	411429	390559	436927	490741	424122	534425	579246	522668	726710	559606	780735	767053	756783	930263	811221	1092415	1004921	1068700	1243288	1215028	1299946	1593821	1649216	1912225	2151101	2757203	3157509	4857008	9908860	26172090	4968843	0	0	0	1.0238
35	19214894	18511440	18057872	20582207	191108	191108	0	0	0	179051	432592	437151	411057	430208	403351	451950	506801	432636	548695	592264	530089	739975	565095	796762	781129	763118	943282	821527	1108403	1022868	1073882	1259578	1235947	1312141	1617750	1677846	1937273	2185929	2782610	3196964	4883556	9817068	25642780	4845085	0	0	0	1.3103
36	19167580	18667331	18090863	20604173	27574	27574	0	0	0	173077	431095	435430	409083	425046	402395	447710	499875	433106	540963	584521	531900	729000	568768	783864	774522	758191	935370	820229	1093917	1013431	1070426	1246004	1223930	1307040	1602373	1657500	1922119	2165557	2759727	3177426	4867103	9857815	25876857	5004577	0	0	0	1.0875
37	19235170	18641904	18154248	20520219	5980	5980	0	0	0	179761	445965	447090	421560	436113	410536	456714	509258	437609	550514	593463	537584	736645	573744	794869	781413	763331	940610	825777	1101712	1024346	1078881	1253295	1232587	1320426	1613704	1667584	1934343	2186396	2773479	3192830	4878194	9829074	25631960	4990174	0	0	0	1.0846
38	19227675	18585298	18132800	20605735	6013	6013	0	0	0	184567	465209	467310	437165	450191	421753	469190	521182	446743	559292	603247	547126	744765	580942	803789	790925	769835	947432	832735	1107333	1035929	1083058	1264316	1247441	1324511	1622869	1681182	1947865	2201623	2785199	3216961	4897655	9781355	25361199	4949614	0	0	0	1.1169
39	19072338	18693115	18148187	20555340	88541	88541	0	0	0	209486	508542	504999	467056	479227	446143	492191	545607	466014	579660	623669	565049	763339	597147	820703	807418	784533	962985	847498	1121591	1050892	1095189	1275705	1258205	1339350	1637481	1695912	1960624	2216685	2790291	3224424	4891374	9691500	24889291	4859200	0	0	0	1.2983
40	19165422	18672303	18216268	20494460	9068	9068	0	0	0	196842	498122	498310	464098	474482	441121	487922	539942	461639	578253	620834	560707	760113	593548	816615	806037	780539	959739	846128	1117310	1053067	1089432	1274762	1263586	1337089	1639304	1695553	1960396	2221376	2799608	3239410	4907145	9710635	24934753	4920036	0	0	0	1.1765
41	19197143	18606559	18175248	20570785	7786	7786	0	0	0	197504	510867	506199	469928	478741	448921	491886	540975	467860	575168	617597	566287	753410	600454	808464	801754	782563	953716	851044	1110156	1049810	1097502	1269522	1257818	1342142	1633752	1687652	1962251	2222999	2783724	3234681	4902084	9701429	24887000	4983875	0	0	0	1.1874
42	19109550	18701538	18178420	20561648	6365	6365	0	0	0	191028	502551	502027	464379	474305	441723	485599	534877	462626	569730	610865	559858	744257	594946	802067	794906	771487	946626	842348	1097491	1041191	1086266	1256994	1246121	1330559	1616816	1673506	1946588	2208540	2769303	3216173	4883601	9715403	25056931	5109468	0	0	0	1.1697
43	19060550	18683626	18312122	20388566	112657	112657	0	0	0	239100	600142	597024	542489	547046	497204	547084	599886	505556	627540	671849	601330	807711	631308	862637	847378	812440	998777	881823	1155070	1098347	1120748	1315935	1304325	1374351	1680695	1735981	2003466	2267591	2827850	3268335	4889203	9482336	23802579	4699728	0	0	0	1.4842
44	18996909	18614193	18264708	20423632	258079	258079	0	0	0	253587	630472	623040	563255	565839	511281	565361	615579	516679	640235	682534	612657	818529	640011	871967	855452	818954	1007886	889387	1160121	1106418	1125885	1321578	1314171	1381590	1686380	1746428	2014688	2279360	2832445	3286498	4902061	9404241	23417527	4637346	0	0	0	1.7224
45	18982831	18794137	18291640	20477360	11553	11553	0	0	0	240213	609913	601558	546348	548025	502345	549970	599884	507872	626820	668217	605547	800422	634858	855657	842453	810607	996217	882120	1144968	1094054	1120881	1304575	1297234	1374065	1672352	1726019	2003759	2274260	2823798	3284046	4917975	9485807	23763411	4829718	0	0	0	1.3602
46	19043368	18753458	18328425	20423032	9238	9238	0	0	0	231324	603609	596665	542573	544281	498579	542986	591626	504821	619540	660129	600659	791862	629657	848393	837482	803793	983315	877995	1134194	1089033	1113624	1298827	1291264	1367746	1664373	1722005	1998327	2268730	2816878	3281171	4921930	9503338	23841837	4925717	0	0	0	1.3418
47	19034388	18714254	18352931	20442656	13292	13292	0	0	0	259090	670674	662674	595850	593215	538968	584148	635102	535612	658441	701711	633071	831034	661799	885339	870086	834455	1021289	910642	1168456	1126381	1145225	1337316	1330094	1404283	1703498	1760009	2035925	2306959	2846309	3302137	4905854	9351394	23050905	4686284	0	0	0	1.4653
48	18837026	18865248	18429074	20394153	32020	32020	0	0	0	319154	760338	750835	665766	658596	587886	641170	691168	575191	708207	748362	668370	880667	690841	935065	914363	866978	1064756	944679	1211385	1170746	1171579	1378225	1376687	1434530	1743054	1804310	2069896	2341702	2871241	3321257	4878741	9141787	22167177	4370792	0	0	0	1.6565
49	18977377	18797732	18417786	20350867	13759	13759	0	0	0	260256	693999	679118	611376	603200	551358	592257	637831	546109	656284	698250	642286	821649	668517	874408	868107	836746	1010975	915830	1154618	1122520	1146156	1323382	1326056	1409222	1693016	1750958	2029702	2311252	2831083	3308860	4913177	9323132	22976611	4755461	0	0	0	1.4913
50	18446425	18982435	19418070	19659133	51458	51458	0	0	0	426672	1441510	1613530	1416252	1361742	1168497	1268675	1325318	1080212	1294246	1362665	1156849	1494228	1163047	1530834	1403764	1330448	1599586	1408033	1704613	1710989	1533741	1813396	1791516	1753116	2040310	2072950	2187560	2359922	2718124	2888185	3767560	6818985	14338875	2160113	0	0	0	3.0946
