#Name	E:\SaveData\2016-10-18_10_33_15_1001160101_R0036_A_CL100007977_BGI12297_WESPE_result\\CL100007977\L01\CL100007977_L01_4_1.fq
#PhredQual	33
#ReadNum	92386531
#row_readLen	50
#col	48
#BaseNum	4619326550
#N_Count	3119723	0.067536
#GC%	46.94
#Q10%	99.19
#Q20%	96.95
#Q30%	89.64
#EstErr%	0.361696
#Pos	A	C	G	T	N	0	1	2	3	4	5	6	7	8	9	10	11	12	13	14	15	16	17	18	19	20	21	22	23	24	25	26	27	28	29	30	31	32	33	34	35	36	37	38	39	40	41	Err%
1	29872038	20880763	22531552	19099627	2551	2551	0	0	0	7492	25487	40087	34410	34232	32768	36045	38922	38592	45203	51356	55041	73257	75511	89323	103068	172210	209201	226669	282489	362513	418347	497247	635932	660367	931754	1008869	1240474	1249378	1342906	1158639	2125189	7473576	61749810	9857616	0	0	0	0.1033
2	26429276	17922058	23579162	24404063	51972	51972	0	0	0	7542	30974	39467	35501	34959	35166	37766	41613	43008	51828	59673	66297	88619	90708	107191	133214	208924	256722	276554	344759	432277	490606	571989	690676	710423	968494	1045263	1281644	1376352	1625212	1533860	2783546	8950385	58930876	8952471	0	0	0	0.1653
3	25185607	21425666	20840193	24933035	2030	2030	0	0	0	3300	18442	26524	25685	26382	27876	30596	34472	36773	44479	52638	59861	79968	84134	98102	124038	200418	246131	269970	335224	425875	484848	563266	686780	709927	960335	1035887	1272721	1372810	1605525	1533431	2763714	8915009	58784072	9445288	0	0	0	0.0933
4	25496061	21209754	21076214	24599557	4945	4945	0	0	0	3052	18038	26008	24711	25716	26454	29739	33651	35890	43630	51239	58154	77718	82910	97014	122165	197956	243714	268283	332099	422793	480850	560440	684134	707024	954551	1031694	1265417	1371191	1614453	1558792	2795280	9015703	58477745	9643378	0	0	0	0.0949
5	25250335	20922043	21625268	24463792	125093	125093	0	0	0	1381	18658	25155	24287	24979	25847	29043	32701	35615	42499	50227	57287	77431	82061	95742	122547	199243	245104	270129	332424	425232	482041	561048	683286	705659	951399	1029184	1263555	1379951	1635672	1602187	2876100	9185512	58067288	9620964	0	0	0	0.2236
6	24967174	21385877	21251360	24743564	38556	38556	0	0	0	3251	16976	23391	22869	24037	25412	28814	32521	35358	42879	50695	58740	78965	83874	97400	125946	201863	248315	273706	339356	430370	486186	565662	685011	709377	952806	1032363	1267035	1389964	1669074	1643291	2954794	9354924	57800288	9592462	0	0	0	0.1296
7	25395512	20907681	21770643	24282697	29998	29998	0	0	0	2791	19362	26413	25439	26118	27482	30830	35391	38035	46095	54241	61907	83418	88653	102642	131501	207199	255217	280431	346241	435181	490897	569874	683266	715219	950769	1032932	1269570	1406092	1700308	1714104	3059941	9546847	57119816	9772311	0	0	0	0.1247
8	24928282	21449574	20865323	25141649	1703	1703	0	0	0	676	14943	22410	22375	23664	25554	28892	32766	36104	43861	51703	60033	80777	85834	99320	129042	204818	252511	277857	343100	432886	489609	566865	678208	707918	942053	1019885	1254058	1395921	1696747	1715648	3079495	9628573	57173769	9766953	0	0	0	0.0880
9	24825423	21236854	21086828	25236601	825	825	0	0	0	1566	17085	23811	23449	24539	26386	29781	34096	36826	45053	52486	60757	82386	87354	101201	132906	207384	256382	281850	347605	436950	492988	572182	682745	711865	945600	1023036	1262066	1407791	1724004	1752070	3142902	9762920	56886409	9709275	0	0	0	0.0898
10	25177676	21034696	21388172	24777494	8493	8493	0	0	0	2909	21044	27532	26743	27988	29256	32941	37194	40005	48046	56596	65028	87182	91642	106494	137794	212205	262825	285833	353662	438825	496125	574408	679646	713753	943008	1022243	1259236	1415231	1745331	1798238	3228690	9916764	56335176	9858445	0	0	0	0.1046
11	25110252	20918481	21289655	24696577	371566	371566	0	0	0	5522	20909	28550	28010	29558	31045	35812	40143	43108	52695	61488	70726	93852	97921	113757	147146	220554	271066	293057	363217	447062	503173	581676	682846	719419	946025	1024343	1260322	1423765	1775339	1854480	3311008	10053682	55535346	9848343	0	0	0	0.5021
12	25017433	21160880	21319427	24625603	263188	263188	0	0	0	2984	23074	29672	28712	29663	31138	34917	39739	42351	51748	60209	69203	92901	97286	113344	147315	221475	273281	295369	366310	448471	505358	584209	687479	718953	945295	1027263	1263371	1428437	1783991	1866538	3343963	10132016	55530549	9806759	0	0	0	0.3846
13	25234139	21103675	21464663	24582754	1300	1300	0	0	0	2853	25795	34336	33134	34020	35381	39310	44464	46203	56981	66010	74525	99410	102198	120189	152850	226293	279694	300022	372996	452297	508932	588300	682423	721752	943018	1025594	1261224	1438748	1806762	1918257	3440297	10302689	55128421	10019853	0	0	0	0.1082
14	25093771	21109150	21400066	24651866	131678	131678	0	0	0	3503	23204	31770	31587	33594	35643	40655	46222	49283	59703	69680	78607	105529	108229	127104	161809	234288	289214	310119	384517	461637	519494	599544	689942	731413	955457	1032452	1273307	1458804	1844950	1987422	3547297	10469097	54397408	10062369	0	0	0	0.2496
15	24898518	21222262	21344036	24481112	440603	440603	0	0	0	14219	43349	48986	45715	46547	47018	51628	56223	57103	68190	77475	84806	112368	112714	133881	167838	239119	294706	313626	387402	464623	518378	600122	690807	732347	948483	1029256	1267338	1450861	1844867	2004257	3580911	10505378	53820091	10085296	0	0	0	0.6111
16	25000750	21246821	21562146	24534835	41979	41979	0	0	0	4430	34218	46582	46079	47923	50786	56571	64259	66576	80042	93047	102671	135287	135447	162143	195436	234846	289994	310738	383465	460387	517357	596987	683086	732754	946809	1029024	1269544	1465504	1871593	2053962	3662040	10679067	53615596	10220302	0	0	0	0.1782
17	24965479	21245624	21615732	24557066	2630	2630	0	0	0	4304	34272	46482	46146	48656	50783	57446	64520	67202	81237	93581	102883	136246	136525	163391	197190	237403	292239	310721	386259	460820	517444	598721	682959	728690	943444	1026889	1267742	1464259	1874139	2055056	3678570	10727974	53594216	10205492	0	0	0	0.1361
18	24781453	21457972	21571831	24469285	105990	105990	0	0	0	5727	38098	50227	49727	51770	54124	60784	68705	71303	85537	97892	108034	141523	141670	168666	202762	241711	298444	316130	391873	465357	521499	599593	683655	735320	948239	1029012	1271880	1476316	1895638	2096437	3745368	10835607	53044064	10287849	0	0	0	0.2549
19	24867885	21362576	21718819	24401987	35264	35264	0	0	0	8321	41907	53950	52433	54515	56840	63193	71281	72866	88258	101393	110892	145731	144134	171745	207533	244365	302550	319802	398158	468010	526105	604328	687491	738163	950069	1029285	1277706	1482057	1910319	2124830	3787564	10926028	52845176	10284269	0	0	0	0.1847
20	24882933	21308392	21721009	24444335	29862	29862	0	0	0	9074	44600	58006	56729	58498	61495	68777	77687	79519	95909	108190	118092	155302	152855	183750	218842	258608	317544	333106	413518	481820	538944	622087	700137	752999	967347	1051822	1294598	1510410	1955129	2193579	3904413	11059779	52214415	10239089	0	0	0	0.1875
21	24811278	21476568	21748887	24346416	3382	3382	0	0	0	10121	49846	61431	59854	61876	63474	70197	79084	81016	97083	110243	120175	157086	154514	184582	220211	257521	317270	333160	413464	483159	539184	619977	695077	754514	964726	1049774	1296402	1520418	1965890	2229032	3955407	11162883	51832320	10412178	0	0	0	0.1643
22	24895057	21391473	21870006	24227070	2925	2925	0	0	0	9947	49860	63348	61914	63966	66899	73855	84129	85676	102483	117135	126555	165794	162197	195966	231891	267629	330312	343899	426244	493167	551161	634505	706988	770801	980515	1065183	1319222	1550132	2004486	2293760	4062771	11287823	51243110	10390283	0	0	0	0.1688
23	24929318	21345515	21839259	24265790	6649	6649	0	0	0	12627	57085	71207	69257	72192	74078	82734	93151	93411	111312	127167	136478	178193	173630	209210	244304	280964	347756	359104	446124	508735	568303	653879	724498	790179	1000900	1089127	1345440	1584001	2055666	2380949	4195922	11429555	50462077	10350667	0	0	0	0.1879
24	24772697	21546132	21815292	24193410	59000	59000	0	0	0	12730	57247	71269	69506	72146	74778	83121	93482	93906	113697	128707	138363	181182	175678	211434	248579	283978	351614	361955	451367	511670	570389	657858	728737	792006	1006691	1093962	1349490	1588971	2068098	2396801	4227462	11485379	50275993	10299285	0	0	0	0.2456
25	24853193	21503130	21935648	24093250	1310	1310	0	0	0	14398	61351	75293	73485	75661	77813	87108	98072	97286	117822	133505	143021	185853	179797	217377	254131	289484	356852	367384	456957	517688	578327	662428	732165	802443	1013835	1101446	1365360	1608537	2090781	2433132	4272738	11566957	49897134	10379600	0	0	0	0.1906
26	24836027	21453450	21894892	24135225	66937	66937	0	0	0	17354	69819	85098	81215	84147	84775	94678	105919	104567	125982	142218	150268	196305	189251	229003	264940	299399	368673	378627	471081	528914	589016	676341	743364	815424	1028579	1117823	1381604	1633320	2125310	2489791	4355677	11651150	49298259	10341703	0	0	0	0.2770
27	24700013	21631020	21930920	24121735	2843	2843	0	0	0	18417	73464	87489	85234	88870	90680	100882	112596	111537	134149	151677	161152	208212	199737	243858	280906	315746	387398	394288	491202	548452	610890	699890	762353	845399	1059583	1151044	1424648	1686317	2196593	2600941	4526197	11813571	48463784	10256532	0	0	0	0.2174
28	24742231	21531523	21950209	23974433	188135	188135	0	0	0	26183	89758	102478	97159	100090	100454	111049	124192	120630	145086	162474	169839	223700	210259	258263	293573	328437	403961	407607	511795	564508	625514	720633	781349	860227	1084313	1175502	1450557	1716918	2243903	2664808	4623067	11847840	47778292	10073978	0	0	0	0.4427
29	24773668	21486214	21967537	24089515	69597	69597	0	0	0	23530	85219	98501	94508	98676	100132	111017	124421	121738	147852	165407	172962	224760	214065	262096	298866	331583	407130	413765	515686	567242	630973	723759	782712	869135	1087803	1180605	1458864	1732288	2253625	2684279	4642429	11961156	47468421	10261729	0	0	0	0.3107
30	24686126	21647244	21989795	24061032	2334	2334	0	0	0	25540	89009	103110	98869	102323	103033	115380	129232	126291	151597	169994	178998	231520	218817	268529	306189	338264	415200	420217	522647	575459	638713	732631	794013	881191	1100401	1191378	1474118	1754448	2276030	2722377	4692852	12022009	47136139	10277679	0	0	0	0.2460
31	24762793	21569725	22105480	23935564	12969	12969	0	0	0	28967	99040	112555	107443	111565	111648	123861	138561	133942	161878	181390	188050	244938	228924	283017	319910	352453	430409	434036	542864	590502	652392	752821	811162	898704	1122600	1217157	1503169	1787201	2328616	2787377	4789990	12088451	46593805	10114164	0	0	0	0.2750
32	24777153	21514254	22079932	24012464	2728	2728	0	0	0	31523	105083	118364	112976	117844	118246	131339	146094	141146	171497	191335	197907	257162	240896	295811	332687	364656	446638	449936	560044	608072	673079	773716	831424	925529	1149662	1246605	1536866	1830718	2377657	2865815	4895405	12175198	45927662	10035211	0	0	0	0.2769
33	24664013	21668199	22089893	23962097	2329	2329	0	0	0	32554	108706	121378	116196	120384	120286	133747	148848	143414	173271	193483	199967	259427	242445	298535	336655	366053	449616	451130	562188	608497	675099	774276	832219	925799	1151737	1245312	1539957	1831925	2378410	2867214	4897853	12207417	45759979	10110225	0	0	0	0.2816
34	24698066	21616299	22198887	23871902	1377	1377	0	0	0	37605	118906	131043	124894	129048	128567	142296	158310	152798	184877	204628	212061	273445	254423	315453	352203	382409	466728	468351	582177	627755	694244	798332	855771	954897	1183522	1278165	1579112	1881158	2438297	2952863	5015049	12276323	44992723	10036721	0	0	0	0.2993
35	24632203	21589353	22122004	23925341	117630	117630	0	0	0	43750	135940	147001	140578	143924	142468	157108	175190	166661	200486	223419	228519	296015	272758	337148	376528	404528	494471	492937	614222	657666	724084	834595	887525	991392	1228317	1328904	1637228	1953175	2521442	3063397	5166901	12334822	44012284	9733518	0	0	0	0.4551
36	24508361	21733754	22151819	23903126	89471	89471	0	0	0	48174	151461	163527	155106	159032	156583	172999	191885	181980	219659	242914	247279	319204	291495	364797	401152	428787	523935	517829	645822	688595	753494	869266	923882	1029609	1272252	1375411	1688337	2011320	2594715	3158329	5285300	12379098	43158002	9525830	0	0	0	0.4540
37	24537263	21687816	22235245	23736929	189278	189278	0	0	0	55200	167387	178485	168517	172856	169646	185750	206644	193815	232135	256930	262016	335086	308030	382520	419041	445661	543021	538940	669034	710816	777580	893452	947903	1060581	1305775	1409243	1730049	2063838	2646458	3230015	5377798	12405333	42350089	9397609	0	0	0	0.5893
38	24549695	21642802	22202510	23860099	131425	131425	0	0	0	53847	166567	177981	166717	171956	169299	186170	207078	194408	234655	258895	263940	337141	309579	385005	421991	447973	543933	540114	670148	712014	778438	893972	948194	1061290	1308128	1408317	1731801	2063390	2647294	3229760	5376515	12444441	42266480	9477675	0	0	0	0.5257
39	24409676	21772882	22214451	23814934	174588	174588	0	0	0	61051	183371	193285	183022	186909	182832	200873	222668	208408	251072	276505	279851	358157	326999	408130	444704	469886	571873	562958	702610	741338	807154	929249	982263	1100106	1350458	1456373	1786087	2124261	2723315	3325703	5488018	12476038	41424576	9221840	0	0	0	0.6025
40	24530376	21737559	22352742	23763359	2495	2495	0	0	0	65732	193303	203124	188960	194373	189337	207342	230154	215162	257401	284112	286918	365274	333060	415060	451305	476726	576820	571023	707286	747864	814127	933431	987593	1103164	1353737	1454577	1787218	2127320	2724010	3326723	5506928	12504169	41262828	9337875	0	0	0	0.4313
41	24516292	21705760	22332446	23813991	18042	18042	0	0	0	74782	216266	225445	211061	214701	208758	229166	252267	233750	281473	309704	309739	395378	357891	448779	485028	506342	615344	603990	750107	786722	851829	985105	1037704	1158254	1419907	1528680	1863066	2214874	2827778	3451869	5632465	12507619	40233920	8938726	0	0	0	0.4899
42	24399412	21856406	22358926	23766643	5144	5144	0	0	0	84478	242593	250489	232586	235903	225663	247145	272472	250888	300316	329340	327996	419997	375493	472284	505154	527529	638137	625396	775384	813477	877111	1012578	1064326	1186412	1451525	1559624	1896590	2258809	2865130	3503654	5695198	12494849	39563925	8798936	0	0	0	0.5167
43	24445226	21779597	22426724	23713903	21081	21081	0	0	0	85773	249069	256872	238119	240437	231927	252470	277690	256610	306439	334511	336295	424831	384175	478665	512721	533780	646368	634370	782721	820665	884953	1016858	1069184	1196276	1461287	1564788	1910516	2271641	2876853	3516265	5716619	12512464	39205601	8877637	0	0	0	0.5444
44	24401105	21735846	22374361	23765757	109462	109462	0	0	0	91433	263110	269726	250343	252255	241987	263627	289376	266638	319179	348240	346672	441403	395604	495394	530491	549628	663996	649538	802325	838312	904182	1039334	1091295	1218659	1485706	1593082	1943339	2304941	2917358	3566708	5762454	12504917	38613407	8762410	0	0	0	0.6634
45	24302263	21919797	22418290	23740828	5353	5353	0	0	0	98738	285686	291538	269166	270728	258909	280319	307780	281277	335492	366251	364869	461093	412642	516816	550694	567883	685605	672217	827334	863953	929728	1067961	1118625	1248984	1517639	1626251	1979325	2347665	2956709	3618749	5822009	12482893	38046396	8649254	0	0	0	0.5864
46	24345205	21862825	22489037	23628679	60785	60785	0	0	0	102123	293216	297622	274065	276861	263043	286766	313805	284577	341463	372909	368910	467798	416899	521914	556244	572842	692541	675681	834330	866535	930216	1069717	1121956	1248846	1520948	1627665	1977502	2350951	2959933	3627003	5826648	12487374	37825015	8671828	0	0	0	0.6576
47	24346152	21822284	22488652	23722860	6583	6583	0	0	0	108091	311147	314768	288085	288875	273696	296932	323914	294946	352150	382075	378589	477350	426857	534198	566504	582925	703305	688539	843700	880334	945252	1083355	1135306	1265752	1537292	1644406	1997872	2374690	2980637	3654388	5857700	12491026	37411424	8683868	0	0	0	0.6242
48	24187275	21995631	22528163	23660442	15020	15020	0	0	0	121893	354691	358227	326405	325576	308098	331905	361864	327914	388541	421302	415453	520252	463748	580115	610190	624164	750463	733736	896079	933677	993662	1141662	1192737	1327501	1607531	1713125	2076216	2454054	3060461	3743542	5935513	12401781	36302201	8267232	0	0	0	0.7051
49	24271673	21931392	22628162	23549083	6221	6221	0	0	0	132022	388617	393260	355749	355481	333931	357446	389212	350501	417000	449163	441759	552090	488330	612526	641514	655205	788009	765796	933483	972354	1031177	1185245	1236273	1371062	1655038	1765151	2125081	2506464	3120334	3792711	5963976	12331539	35622312	7900499	0	0	0	0.7505
50	23218128	22327423	23452510	23334066	54404	54404	0	0	0	226949	972241	1128108	1014360	980020	892601	945000	1000983	888428	1020616	1103343	1021348	1271445	1092616	1362532	1291508	1342446	1568722	1506149	1753514	1861859	1772085	2056709	2103001	2206588	2507876	2647571	2846116	3160163	3645066	3961779	5266915	9829140	22780054	3304276	0	0	0	1.8914
