#Name	E:\SaveData\2016-10-18_10_33_15_1001160101_R0036_A_CL100007977_BGI12297_WESPE_result\\CL100007977\L01\CL100007977_L01_8_2.fq
#PhredQual	33
#ReadNum	85438784
#row_readLen	50
#col	48
#BaseNum	4271939200
#N_Count	2148345	0.050290
#GC%	46.68
#Q10%	97.60
#Q20%	90.36
#Q30%	76.08
#EstErr%	0.931198
#Pos	A	C	G	T	N	0	1	2	3	4	5	6	7	8	9	10	11	12	13	14	15	16	17	18	19	20	21	22	23	24	25	26	27	28	29	30	31	32	33	34	35	36	37	38	39	40	41	Err%
1	26275336	20105964	20074729	18974178	8577	8577	0	0	0	6586	35691	50888	58767	76193	94679	187331	236555	228997	324067	386672	344366	603857	386918	670783	627608	747701	870030	754300	1160693	905702	1126107	1281525	1212011	1325559	1711956	1771289	1991661	2170267	3131466	3114620	5075707	11576481	36880788	4302386	0	0	0	0.3149
2	23255122	17729599	20810212	23640043	3808	3808	0	0	0	23275	77148	102747	115877	146186	165529	270375	342288	303609	424970	496545	412499	729670	441963	784555	705083	823639	956105	809261	1250105	954004	1182699	1340155	1251515	1368193	1752012	1812000	2024778	2193749	3164050	3150750	5082216	11618658	35117213	4041555	0	0	0	0.4344
3	22328429	20494524	18512945	24102226	660	660	0	0	0	26301	81060	105401	118305	147802	165340	275020	344965	308826	427242	499490	417978	728243	450865	787003	715469	814747	963073	805681	1243741	963333	1170541	1343375	1251735	1360920	1745514	1800824	2016665	2185729	3141787	3158502	5076706	11609653	35082592	4103696	0	0	0	0.4371
4	22644868	20428327	18503930	23861422	237	237	0	0	0	22138	72481	95227	106924	135264	151024	263200	330295	293223	418013	486896	408932	714638	440959	776104	712654	799096	953473	796252	1237002	965746	1150911	1335739	1254149	1339135	1738428	1792310	2004902	2174070	3129975	3140042	5044277	11621575	35461867	4071626	0	0	0	0.4146
5	22511560	19913282	19020714	23990738	2490	2490	0	0	0	25558	79295	103502	115074	142667	161054	273352	340047	305529	423483	494532	417277	716312	455278	779292	715412	801440	956598	800455	1226165	968401	1154967	1333405	1247576	1348202	1732235	1786194	2003301	2183384	3107808	3156441	5063417	11603099	35063878	4351664	0	0	0	0.4331
6	22004015	20194610	19002503	24230695	6961	6961	0	0	0	23824	78530	101203	113644	140521	158500	268494	332010	305023	414603	485812	416210	700824	458370	762960	711250	793036	948087	796481	1209906	964764	1152340	1324175	1239545	1353581	1717427	1782758	2002736	2186700	3095654	3161698	5078561	11618029	35074145	4460422	0	0	0	0.4320
7	22454968	19662343	19613694	23646528	61251	61251	0	0	0	31371	94307	118553	130540	159256	175739	288984	352060	321778	429340	498494	431517	706006	475244	765877	722982	787428	953224	798654	1198995	974006	1140443	1320268	1237696	1350413	1706236	1770930	2000034	2191233	3050150	3198289	5117053	11572603	34487146	4820684	0	0	0	0.5280
8	21833491	20268082	18678163	24657911	1137	1137	0	0	0	28501	90260	113250	124842	152884	169778	282552	346812	315871	428202	498640	427921	711693	470661	772866	721851	791510	954136	802411	1205570	975075	1147777	1323020	1239545	1354220	1710284	1773639	1999806	2194481	3069690	3195093	5113639	11611668	34479943	4839556	0	0	0	0.4484
9	21703090	20056647	18973558	24699874	5615	5615	0	0	0	34831	99649	123403	134920	162687	177292	289872	353874	320458	431015	499758	428302	712943	467770	770365	723078	788861	953957	797213	1204313	975147	1140745	1321739	1241264	1340047	1709916	1768037	1990105	2179049	3057065	3170806	5081815	11589369	34844069	4549435	0	0	0	0.4702
10	21949475	19911578	19265958	24309642	2131	2131	0	0	0	40210	114040	138061	148579	177225	189842	306464	372751	330966	447683	515821	443544	724179	481617	785442	738572	793634	961847	806639	1206916	988355	1137763	1324802	1250211	1343824	1710956	1773953	2002860	2199040	3056432	3216809	5126230	11591965	34012621	4976800	0	0	0	0.4942
11	22001300	19877039	19168914	24390392	1139	1139	0	0	0	38554	110918	134750	147031	176464	190731	308105	373832	336570	451077	519752	447204	730167	487491	788939	741076	800902	970633	811472	1214144	989663	1147878	1330347	1250290	1352152	1714422	1776714	1999504	2190852	3060149	3190627	5093507	11595394	34328145	4638189	0	0	0	0.4917
12	21905729	20094998	19128119	24308161	1777	1777	0	0	0	41469	119111	142925	154414	184553	198054	316060	380633	341458	456720	523240	451905	729256	493528	788702	743278	797250	967545	813194	1208801	994336	1144861	1329409	1251797	1350131	1709762	1769227	1998585	2196943	3047232	3200012	5102401	11576656	34104965	4808594	0	0	0	0.5062
13	22044834	19978637	19190743	24218984	5586	5586	0	0	0	45012	125261	148287	159680	188211	202029	318880	382535	344980	456445	523387	454563	727775	496204	786358	744990	795074	968196	811324	1202416	990889	1142356	1324817	1247779	1351342	1705680	1770908	1999501	2199373	3039651	3221043	5129612	11582726	33950829	4895085	0	0	0	0.5193
14	21979595	19967352	19203941	24286960	936	936	0	0	0	43665	124838	148927	160606	188755	202526	322684	386607	348834	462230	527878	460979	732741	502431	792008	751836	801195	973844	817402	1206483	1000345	1145509	1330288	1255094	1356641	1712456	1772496	2005932	2208137	3040509	3232481	5140078	11583945	33722410	4975058	0	0	0	0.5164
15	21839635	20118132	19261638	24161680	57699	57699	0	0	0	57668	146845	168259	178465	208641	220062	339340	403465	359426	476487	540343	470113	740895	511006	799435	758992	800828	976103	820085	1204634	1005521	1143389	1330140	1256296	1355319	1703944	1767943	2002829	2205516	3028599	3230014	5126723	11543827	33449813	5050120	0	0	0	0.6203
16	21855627	20031538	19287911	24019828	243880	243880	0	0	0	68290	194104	220428	230084	265140	273903	321467	382844	343795	456240	517781	452936	715410	498654	776746	745168	783004	955881	806600	1183039	995952	1128525	1313674	1244612	1344217	1695182	1756544	1993767	2199889	3015413	3225030	5123375	11514367	33347364	5105479	0	0	0	0.8959
17	21861193	20039813	19338844	24089644	109290	109290	0	0	0	81411	210258	237839	247276	280951	289347	339161	400423	360066	471278	532888	470541	726583	515164	787534	760154	791432	970248	819900	1189274	1009677	1138331	1326463	1256504	1360288	1705779	1767920	2006982	2220457	3019493	3260672	5159634	11501908	32932228	5181430	0	0	0	0.7736
18	21733007	20271311	19345682	24070293	18491	18491	0	0	0	87463	214733	241865	249543	283620	289742	339346	400617	357270	472869	532284	468873	726398	510957	787151	756430	789639	965146	814262	1186530	1008638	1129553	1320171	1257989	1346301	1697296	1763385	2002959	2217065	3016698	3253008	5151424	11517028	33035851	5228189	0	0	0	0.6736
19	21823229	20190287	19454963	23962332	7973	7973	0	0	0	80694	216245	243371	251731	286308	292600	340717	403377	360630	473585	534469	472655	725465	517530	785963	759369	789207	967198	820857	1185761	1011948	1133582	1322481	1259470	1354698	1702960	1763593	2011529	2227681	3015491	3270546	5170067	11510490	32847640	5320903	0	0	0	0.6617
20	21835767	20129081	19394452	24020159	59325	59325	0	0	0	84061	224479	251804	258647	292582	299936	347911	408044	368477	479368	540643	481475	729693	531225	793663	767849	793924	975614	828925	1186555	1023762	1142154	1329637	1264475	1366847	1707274	1770071	2017908	2239076	3015462	3296805	5197496	11490413	32477916	5395288	0	0	0	0.7366
21	21762948	20286212	19448638	23934194	6792	6792	0	0	0	103992	257102	278456	282344	313398	316414	363673	423976	381204	489749	549647	493125	732836	541034	795766	777785	796088	977984	835760	1185153	1032423	1145440	1333035	1274186	1377135	1713316	1778134	2032757	2263250	3018952	3335750	5249868	11458948	32059038	5464274	0	0	0	0.7226
22	21846916	20238216	19528332	23817139	8181	8181	0	0	0	107971	269306	292125	294985	325688	325443	374830	437883	385537	503289	563565	496413	748880	539647	810340	785729	797883	985918	836046	1191520	1040576	1141246	1336130	1283967	1371156	1719328	1781668	2037279	2269390	3032587	3349594	5259943	11441958	31834544	5458239	0	0	0	0.7466
23	21889037	20163756	19524154	23857563	4274	4274	0	0	0	114047	284656	306078	307840	339642	339023	387249	450105	398586	512028	571000	508369	752738	553664	814052	791786	803755	990083	845292	1194520	1046289	1149883	1339662	1284050	1384518	1721290	1785286	2046632	2275178	3028254	3358254	5266525	11417120	31575365	5491691	0	0	0	0.7680
24	21707321	20270751	19526733	23799263	134716	134716	0	0	0	149215	306745	328461	323591	353728	349037	401192	462251	402467	525521	580038	515669	763386	555258	824141	799028	808224	996307	847861	1202384	1054732	1146925	1347557	1292367	1382146	1728113	1794894	2055736	2291724	3042977	3385507	5287384	11365268	31167978	5466256	0	0	0	0.9649
25	21859572	20255696	19628694	23672207	22615	22615	0	0	0	119351	298259	319428	319287	349259	346239	396378	458160	403388	521807	576478	515962	756881	558543	819753	797070	807984	993693	848374	1196199	1051787	1149993	1341315	1291774	1388514	1721854	1786350	2050538	2287137	3027844	3375570	5279193	11394711	31269177	5597919	0	0	0	0.8102
26	21815785	20157797	19622263	23668469	174470	174470	0	0	0	124153	313577	332865	327325	359129	354240	402519	465208	408212	526143	581315	517188	758996	559624	820974	798909	804129	991945	849316	1193228	1051543	1145191	1339972	1290557	1383675	1722361	1782279	2049024	2289697	3020326	3373868	5278375	11368427	31042359	5637665	0	0	0	1.0069
27	21710341	20334035	19635490	23681253	77665	77665	0	0	0	129100	323300	342964	337960	369389	361956	414399	476191	415778	537314	593646	529101	771240	570436	834518	813295	814313	1006560	858245	1206731	1070282	1159894	1354994	1309258	1397048	1742825	1799915	2073213	2314049	3047035	3414287	5311597	11341799	30722950	5595537	0	0	0	0.9145
28	21809741	20303636	19731873	23590747	2787	2787	0	0	0	137466	347115	366399	358468	389606	378465	431747	495311	428954	555303	611391	542252	790742	583033	853207	829839	823713	1021772	871117	1220761	1088240	1166632	1371320	1330931	1408585	1759928	1823641	2091880	2341526	3077146	3456554	5354335	11298366	30305260	5524992	0	0	0	0.8667
29	21809159	20237500	19706939	23626990	58196	58196	0	0	0	151536	369766	384620	373847	403148	389661	441448	504936	434094	562931	617531	547063	791452	585411	855360	832330	822597	1020419	873164	1216118	1088813	1164402	1369240	1328075	1410610	1752318	1819285	2094642	2344483	3064312	3455031	5351235	11270820	30104932	5584958	0	0	0	0.9629
30	21709526	20361972	19723399	23613173	30714	30714	0	0	0	156128	382917	397380	385731	414253	399562	451351	513227	443743	570745	623745	555459	796650	596250	858342	837507	827705	1025493	882653	1218663	1098371	1173987	1371174	1336394	1417519	1762126	1826613	2103132	2357191	3067770	3469426	5357088	11240441	29864215	5625119	0	0	0	0.9524
31	21790807	20319771	19808114	23501624	18468	18468	0	0	0	165530	399346	408781	392982	417744	402543	453742	513722	449893	567600	620532	561150	788125	605760	852986	838371	831123	1023363	887455	1212198	1098066	1178838	1372589	1332381	1431633	1761639	1824158	2107520	2366559	3063345	3475373	5371641	11221280	29745381	5676967	0	0	0	0.9552
32	21831389	20267963	19765567	23561433	12432	12432	0	0	0	167873	413217	424168	405934	431402	413778	465915	526647	458888	580370	634481	572258	804589	613160	868278	851708	840066	1036513	896001	1224520	1114389	1184627	1388552	1352721	1440263	1781459	1842229	2125304	2388875	3083527	3498935	5390153	11183912	29399517	5622123	0	0	0	0.9729
33	21708873	20398749	19796001	23495509	39652	39652	0	0	0	171518	419755	429884	412675	436548	416781	468978	530739	459411	582767	636562	570627	804953	611242	867551	849962	837766	1032329	892447	1219469	1109491	1181315	1376973	1345974	1434009	1768205	1831830	2114214	2378651	3073610	3487090	5381681	11188356	29368245	5707524	0	0	0	1.0142
34	21789879	20360492	19907458	23373654	7301	7301	0	0	0	185498	453093	460886	438803	460492	438526	490525	551816	475529	600267	651990	586785	816999	624455	881131	865702	845675	1045282	906224	1228526	1124182	1190416	1390821	1357849	1447784	1781347	1845515	2129521	2400186	3081315	3505286	5388794	11137401	28993289	5649573	0	0	0	1.0277
35	21688218	20315099	19826352	23388631	220484	220484	0	0	0	204128	482576	487885	459502	480633	451215	505639	569241	483018	618924	668273	592366	835310	631138	899083	876503	855664	1057090	917611	1247218	1144061	1196692	1409135	1379202	1461087	1804847	1870353	2158653	2427681	3111897	3555782	5419447	11028889	28407581	5519976	0	0	0	1.3230
36	21657449	20456042	19871041	23424132	30120	30120	0	0	0	195984	478719	483852	456933	475707	449669	502551	561994	483824	609210	658792	595671	820488	634784	884255	869765	849225	1047270	912145	1227236	1133722	1192878	1392149	1367280	1454859	1785832	1849732	2140485	2415096	3085135	3528029	5408026	11090406	28665359	5701602	0	0	0	1.0890
37	21726033	20430124	19953538	23322505	6584	6584	0	0	0	203281	496574	498226	469203	488952	458789	511400	571726	489901	617759	667258	601768	828285	640887	894637	876314	854862	1055148	921600	1238572	1144576	1200138	1403076	1377872	1464666	1797940	1861347	2159510	2430159	3100219	3550894	5414698	11056396	28409262	5676305	0	0	0	1.0870
38	21700451	20390494	19929777	23411442	6620	6620	0	0	0	208727	517515	518804	487357	503509	470073	524960	584752	501175	628312	680444	609752	839613	648551	902139	886267	860976	1061646	928064	1243287	1155535	1206713	1413262	1388955	1471553	1810120	1878132	2167545	2450025	3114194	3575944	5440187	11000723	28113535	5639818	0	0	0	1.1182
39	21553403	20494737	19949584	23344436	96624	96624	0	0	0	239129	567136	564389	520563	535496	495321	551769	612566	520372	652544	700103	629492	857022	666996	921240	904639	877833	1077450	944170	1258958	1174149	1220315	1426072	1401791	1489857	1823748	1888494	2182965	2465748	3119864	3585905	5433019	10905337	27586995	5540713	0	0	0	1.2994
40	21666060	20470020	19999850	23292666	10188	10188	0	0	0	224207	556094	556276	517135	531504	492633	546024	607404	516193	647860	698397	626550	854888	661077	919160	901054	870507	1075723	939601	1252143	1171970	1215583	1424948	1406475	1484041	1827469	1891072	2186575	2472590	3127075	3594401	5449249	10921724	27655218	5605776	0	0	0	1.1805
41	21676667	20423873	19975194	23354279	8771	8771	0	0	0	224606	567811	563623	523565	533676	499025	549184	605776	521666	646330	693106	632513	846173	669274	911301	898371	870413	1067054	945720	1241141	1171300	1217578	1417105	1398897	1492444	1818566	1883469	2184417	2473922	3116268	3590272	5445627	10919832	27607068	5682920	0	0	0	1.1885
42	21590324	20533608	19970631	23337708	6513	6513	0	0	0	216280	559070	557077	517733	528187	491833	542745	599678	514430	640041	686464	624064	835977	661232	902120	888096	861638	1058941	937015	1228895	1161400	1204563	1400922	1388843	1475066	1799359	1864103	2168686	2455571	3092953	3569149	5429991	10938756	27807397	5823996	0	0	0	1.1692
43	21534458	20496312	20087102	23194109	126803	126803	0	0	0	271806	666565	663017	602301	610159	553295	611950	672184	563017	705958	752369	670321	907436	700559	969249	948121	906742	1121718	980521	1291422	1225123	1246353	1468389	1456344	1527244	1870181	1936988	2231484	2522827	3158568	3633462	5437668	10665394	26411104	5352142	0	0	0	1.4856
44	21439766	20440077	20045387	23220891	292663	292663	0	0	0	288850	702246	693745	626649	629168	571391	628759	687001	578084	718572	764010	681880	916145	711977	978583	957135	912524	1127464	988829	1298565	1232446	1252788	1474835	1464133	1533598	1879020	1945563	2241440	2534707	3164003	3650323	5447949	10588775	25978980	5295984	0	0	0	1.7290
45	21443529	20617186	20089982	23275027	13060	13060	0	0	0	272296	680433	669428	608509	612104	559434	611433	669985	564641	700747	747272	672344	895476	704323	957107	943486	902334	1107516	980516	1278086	1219172	1242129	1454844	1447353	1523479	1861685	1925112	2233823	2527323	3149764	3646797	5474662	10687647	26377935	5516529	0	0	0	1.3609
46	21531550	20562940	20124363	23209504	10427	10427	0	0	0	263918	670980	662726	603541	608158	553980	605859	664550	561073	692548	739652	668917	886727	699643	945488	933713	893187	1098714	975115	1268368	1210821	1236119	1445348	1439715	1519059	1852174	1916930	2220591	2523443	3141271	3641030	5471957	10707905	26481109	5624028	0	0	0	1.3422
47	21502900	20539546	20156629	23224483	15226	15226	0	0	0	295333	745434	736466	663119	660593	596603	652368	711982	597222	737003	783821	703999	930352	732238	988090	974609	930046	1141605	1011004	1308920	1255025	1271020	1490375	1481153	1558456	1895255	1959768	2263182	2565240	3175811	3668093	5456767	10527831	25607198	5347577	0	0	0	1.4654
48	21324129	20706541	20236965	23141126	30023	30023	0	0	0	352139	844491	834134	740134	733932	652090	715230	771417	640921	791323	838296	743709	986391	768844	1043252	1018322	965984	1187290	1049740	1356696	1305852	1301615	1538540	1529705	1596091	1941029	2009409	2306362	2601252	3210032	3696608	5433064	10298806	24616700	4989361	0	0	0	1.6438
49	21461547	20625495	20200968	23135097	15677	15677	0	0	0	294858	772020	753854	678303	671752	611450	659386	712709	607839	733673	779901	713446	918319	744571	979289	967907	930277	1127932	1017254	1288116	1246728	1271125	1473471	1471434	1561492	1882506	1950857	2256873	2567167	3157984	3674245	5468688	10509244	25536088	5432349	0	0	0	1.4895
50	20929467	20804086	21271573	22372322	61336	61336	0	0	0	489629	1606372	1799605	1575721	1516764	1293774	1414475	1481198	1198642	1447320	1521909	1282780	1672055	1293748	1714621	1574651	1484677	1791983	1565650	1909492	1915183	1706644	2035038	2007119	1957537	2278558	2318513	2444433	2630173	3042440	3214972	4191077	7695137	15867726	2437832	0	0	0	3.1009
