#Name	E:\SaveData\2016-10-18_10_33_15_1001160101_R0036_A_CL100007977_BGI12297_WESPE_result\\CL100007977\L01\CL100007977_L01_3_1.fq
#PhredQual	33
#ReadNum	102775588
#row_readLen	50
#col	48
#BaseNum	5138779400
#N_Count	3351804	0.065226
#GC%	46.48
#Q10%	99.03
#Q20%	96.37
#Q30%	88.31
#EstErr%	0.417204
#Pos	A	C	G	T	N	0	1	2	3	4	5	6	7	8	9	10	11	12	13	14	15	16	17	18	19	20	21	22	23	24	25	26	27	28	29	30	31	32	33	34	35	36	37	38	39	40	41	Err%
1	33458861	23134486	24730119	21449525	2597	2597	0	0	0	7733	28098	42747	37158	37009	35277	39018	41285	41164	47925	54553	57990	76994	79665	94035	109862	185801	226906	246138	306766	396040	457255	540541	691279	711081	1009382	1088767	1352040	1371863	1484229	1269730	2371785	8488670	68808358	10935847	0	0	0	0.1003
2	29704377	19932964	25838782	27246761	52704	52704	0	0	0	7354	32575	41822	37994	37564	37560	41105	44951	47079	56276	65196	73223	98567	100445	118300	150227	234808	289097	310750	390253	484725	551689	638777	767780	786469	1071378	1152737	1413060	1525727	1823359	1746961	3194121	10176264	65509340	9665351	0	0	0	0.1579
3	28354328	23491517	23003143	27924384	2216	2216	0	0	0	3383	20212	29510	28134	29440	30595	34277	38591	41574	50159	58877	66968	90075	94820	110211	143092	227949	280933	307515	382304	485158	548835	636184	768310	787453	1066990	1147451	1405589	1522477	1815455	1770582	3209266	10188470	65269056	10083477	0	0	0	0.0935
4	28722682	23205916	23306018	27535850	5122	5122	0	0	0	3135	20170	29182	27744	28874	30394	34224	38380	41473	49558	57956	67035	89807	95308	110380	143695	227867	282552	310586	384320	486868	549711	637127	769532	789651	1063342	1145805	1401286	1528396	1832820	1815228	3284175	10324667	64868848	10200370	0	0	0	0.0959
5	28534913	22869266	23900948	27336498	133963	133963	0	0	0	1531	21603	28948	28002	28651	30249	33835	37681	41014	49380	58604	66767	90988	96183	111175	147150	232410	286368	315087	389601	492549	555759	644546	773308	795253	1066955	1148556	1406336	1548239	1870722	1885357	3400014	10536894	64320017	10101893	0	0	0	0.2213
6	28196715	23374344	23501646	27661419	41464	41464	0	0	0	3741	20008	27643	26809	27566	29675	33502	38777	41686	51159	59708	69289	94026	98790	114888	152499	237375	294816	322007	400258	501310	564958	652677	779129	802591	1070627	1155417	1414023	1564524	1912981	1947509	3510301	10744259	63955500	10014096	0	0	0	0.1318
7	28649254	22889168	24046785	27157500	32881	32881	0	0	0	3119	22977	31272	29897	31139	33329	37159	41722	45479	55544	64999	75023	100992	105418	122876	160509	246939	305337	332417	411353	510015	573334	662318	783629	812858	1076939	1164541	1423576	1590940	1960520	2036103	3656566	10969173	63109128	10155567	0	0	0	0.1290
8	28118682	23476248	23080185	28098621	1852	1852	0	0	0	992	18173	26747	27013	28580	30247	34789	39899	43376	53314	62541	72657	98140	102784	119352	159329	245472	304090	330355	410799	508631	573995	662764	777527	808429	1070510	1155572	1415004	1586215	1964190	2054664	3705154	11091127	63090391	10100914	0	0	0	0.0930
9	27984837	23255679	23308005	28226153	914	914	0	0	0	1798	20897	28365	28151	29767	31682	36307	41277	44345	55497	64769	74920	101630	106674	124480	164948	252379	312300	338442	421118	517023	580778	670640	784645	817725	1079548	1164905	1429207	1607302	2010131	2111120	3799286	11265702	62665575	9991341	0	0	0	0.0955
10	28370329	23049257	23637370	27709459	9173	9173	0	0	0	3362	24976	32684	32104	33602	35490	39949	45506	48155	59822	69886	79635	108439	111656	130312	172519	259447	321645	346233	431355	522986	588025	678398	785112	823142	1081435	1168322	1431197	1622993	2040295	2172719	3902688	11445364	62013582	10103380	0	0	0	0.1106
11	28261788	22929655	23549265	27641418	393462	393462	0	0	0	6167	25531	34971	33939	35958	38429	44406	50368	53470	66681	76686	87282	118695	120877	141666	185384	271719	335620	358270	445957	533536	600012	691824	793729	837067	1090520	1179122	1445783	1645176	2090037	2247425	4021555	11621308	60992446	10060510	0	0	0	0.4906
12	28171679	23184487	23581633	27559486	278303	278303	0	0	0	3671	28034	35845	35231	36719	38627	43970	49816	53167	65789	76505	87910	118357	120495	142163	186885	274277	339114	360876	451539	538742	604317	696050	798154	838609	1095208	1186342	1451571	1652968	2106646	2274773	4070797	11729973	60909347	9994798	0	0	0	0.3790
13	28413092	23115986	23717655	27527485	1370	1370	0	0	0	3928	31492	41771	39935	41697	43626	49210	56515	58815	72381	84056	94267	128106	128748	152691	196930	283389	350442	370242	461905	546392	611537	703898	800986	845924	1100482	1191452	1457221	1668942	2142622	2342234	4196161	11919162	60382530	10174529	0	0	0	0.1178
14	28250363	23138350	23660026	27583765	143084	143084	0	0	0	4910	29949	40291	39755	42932	45380	51845	59185	62506	77331	90061	101009	136339	137004	162824	209071	295540	365551	382552	478484	558956	627076	719870	811028	864289	1116283	1208374	1479399	1700821	2193813	2428570	4322933	12125848	59464316	10198409	0	0	0	0.2583
15	28053597	23252903	23599009	27410487	459592	459592	0	0	0	16196	52118	58809	55419	56880	58293	64238	72256	72182	87967	99166	109558	147451	144889	171839	217805	301766	373119	388148	486417	565403	630951	727038	814594	866545	1118285	1212645	1480908	1704822	2207605	2462038	4381312	12162161	58737704	10209469	0	0	0	0.5935
16	28168960	23272036	23840465	27452359	41768	41768	0	0	0	7318	45432	59343	58543	62195	65384	73925	83847	86659	106158	121170	133737	177898	175120	209409	254868	299841	369938	386207	486394	561676	630073	725175	810555	870307	1120438	1214321	1492099	1729987	2244006	2522103	4476441	12357405	58402912	10312936	0	0	0	0.1915
17	28135439	23267075	23910023	27460288	2763	2763	0	0	0	7148	45842	60289	59777	62518	66082	74989	85053	87573	107513	123272	134095	180354	175632	212073	258235	303025	375143	389282	489552	564885	632045	728137	811258	869563	1120041	1214642	1490595	1728497	2252744	2534540	4513721	12434547	58303158	10277005	0	0	0	0.1549
18	27924405	23499756	23866456	27369293	115678	115678	0	0	0	9138	51006	65004	64687	68457	70974	80434	90678	93282	114388	130258	141950	188212	184059	220844	266977	310640	385245	398131	497061	571837	641200	736392	816589	882422	1127213	1224686	1503575	1752891	2286208	2591450	4590316	12557770	57610527	10335409	0	0	0	0.2739
19	28010062	23408937	24025863	27290524	40202	40202	0	0	0	12411	55678	70147	68586	71830	74917	84337	95110	96874	117700	134379	146001	194388	188838	226738	273299	317359	392052	404409	508286	578263	646751	744266	823036	889861	1138471	1233618	1516420	1768318	2310944	2631251	4654515	12652929	57298739	10314665	0	0	0	0.2083
20	28024786	23370039	24004287	27345176	31300	31300	0	0	0	14414	59960	75902	74574	78722	81167	92150	103799	105099	128185	146362	157004	209326	199741	243470	291944	334267	412583	421610	531667	596169	666387	767154	841600	910809	1161229	1261093	1544419	1805398	2368838	2718156	4784896	12802978	56494112	10259104	0	0	0	0.2113
21	27930638	23539092	24060199	27241928	3731	3731	0	0	0	15781	66539	80527	78208	81602	84953	95083	106843	108139	131301	148863	159921	212412	203656	246724	295280	335555	415507	424816	534547	596986	668932	768553	841658	917091	1164188	1262791	1553823	1820864	2385342	2760051	4855488	12917581	56020236	10412016	0	0	0	0.1912
22	28020957	23465384	24181547	27104563	3137	3137	0	0	0	16525	69169	83776	82799	87551	89599	101542	114884	114615	140149	159374	169835	226167	214954	262881	309417	349743	432193	438325	553689	614695	687136	789496	857127	941655	1188525	1291174	1585203	1859927	2441690	2837582	4970132	13048666	55270725	10371531	0	0	0	0.1994
23	28044342	23414721	24155965	27153422	7138	7138	0	0	0	20871	79059	94948	92644	97841	99983	112479	126957	126585	153538	173654	183522	242807	229626	281188	329095	367213	454893	457957	578152	635986	708759	815599	879199	966113	1217792	1320559	1622864	1906554	2506461	2939719	5121530	13185676	54296951	10341676	0	0	0	0.2221
24	27876802	23621084	24136602	27080537	60563	60563	0	0	0	21036	79949	95734	93763	98571	101082	114008	129030	127782	155968	176804	186381	249640	232841	286518	333482	373745	461705	463756	587470	641244	714703	823111	886294	970552	1229112	1329594	1631942	1914978	2526185	2959927	5161845	13257618	54027560	10271095	0	0	0	0.2764
25	27983682	23556639	24268721	26965013	1533	1533	0	0	0	24319	87373	101291	99466	104321	106869	119908	136022	134182	162562	183836	193879	255515	240872	295980	343652	381953	471675	472482	597054	651255	725344	834876	895028	988361	1242304	1345236	1653971	1947973	2555377	3003864	5212043	13350133	53532781	10322298	0	0	0	0.2300
26	27966928	23479674	24248062	27010773	70151	70151	0	0	0	28324	97141	113546	109663	115034	115546	129487	146629	142654	174858	196089	204025	270361	251744	311199	357828	394507	487015	486441	614458	664346	740614	849413	911885	1006557	1263617	1365630	1680278	1977827	2601397	3070083	5308767	13424551	52811449	10282474	0	0	0	0.3143
27	27808657	23691431	24275574	26996617	3309	3309	0	0	0	30857	103744	119907	115456	122489	123747	138524	155678	152128	186627	208787	217723	287645	267070	330403	378537	414976	511272	508119	642702	691396	767475	881984	939185	1042830	1302477	1410892	1732774	2043127	2679948	3194439	5488125	13570897	51818945	10191394	0	0	0	0.2632
28	27851820	23581370	24326134	26820421	195843	195843	0	0	0	39902	123157	135769	131135	136920	137069	152948	171999	164243	201051	224765	230754	308111	280364	352150	398778	434710	534732	523005	669350	710981	786568	907981	959876	1062783	1331713	1440266	1763309	2080188	2737762	3261922	5584738	13609983	50971283	10019480	0	0	0	0.4781
29	27897812	23544608	24326718	26930538	75912	75912	0	0	0	38964	121906	135148	131138	137640	139158	155387	175073	169671	206653	228961	236680	312209	289372	358089	406334	441185	540415	534890	675525	717912	797467	914828	968344	1081390	1342648	1447826	1779792	2100919	2752544	3290879	5613689	13697341	50580524	10179175	0	0	0	0.3631
30	27788414	23711772	24371836	26900826	2740	2740	0	0	0	42977	128769	141604	137043	143306	143381	161733	183139	174828	213828	237199	244427	322492	295812	368994	416008	449146	552052	542842	689413	729774	807631	928386	981128	1095510	1360802	1466979	1801999	2128205	2786349	3334993	5672583	13766715	50134658	10188143	0	0	0	0.3033
31	27874684	23621595	24502881	26762157	14271	14271	0	0	0	47633	141902	155014	148942	156263	155127	172429	194466	184890	226786	252304	256052	339289	307861	388255	434123	465807	573485	560418	714472	746818	826111	956036	1002890	1115718	1391452	1499787	1838362	2169778	2839384	3404664	5768121	13821926	49481483	10023269	0	0	0	0.3356
32	27874387	23584679	24461065	26852106	3351	3351	0	0	0	52629	150807	164835	157941	165188	164358	184211	207055	196237	240247	266540	271764	359243	324630	408190	455074	483752	594295	581014	737173	771733	852075	979964	1028295	1148466	1426021	1535230	1880655	2219540	2897754	3489212	5877258	13887523	48669211	9944117	0	0	0	0.3432
33	27738597	23757207	24472550	26804425	2809	2809	0	0	0	54586	156031	168985	162137	169040	168131	187844	210897	198742	244265	270333	275661	361527	328192	411905	457069	489623	599559	584616	743060	775290	854644	983940	1031748	1151655	1429546	1537795	1883175	2223623	2903831	3491846	5877782	13925823	48443247	10016631	0	0	0	0.3496
34	27810087	23694685	24570837	26698109	1870	1870	0	0	0	61896	171975	182907	174731	181386	179794	200237	224868	211573	258688	287085	290724	380432	344879	433062	478097	507536	624531	606046	767245	798343	882780	1013212	1059001	1185360	1464787	1575850	1930703	2279807	2964663	3579770	5996501	13973784	47564954	9936511	0	0	0	0.3729
35	27718735	23669091	24521369	26740299	126094	126094	0	0	0	70431	193881	203624	193491	201889	197349	220399	245582	230437	280929	310294	312170	408613	366566	462601	508809	535523	656155	635164	805762	833753	916627	1053235	1099408	1231279	1518713	1631100	1995633	2356115	3058467	3699242	6141500	13995144	46435484	9644125	0	0	0	0.5286
36	27593069	23811900	24563091	26710617	96911	96911	0	0	0	78397	214554	225188	213381	221293	216477	240647	267854	249662	304366	335036	335431	440144	390281	495292	538665	563636	689034	664441	845624	869625	951319	1096946	1140453	1272692	1569994	1682714	2053766	2419735	3131369	3789175	6250231	14005483	45471913	9443859	0	0	0	0.5354
37	27622008	23759960	24649137	26544525	199958	199958	0	0	0	89107	239505	246355	232222	239696	233643	258354	286943	266298	322696	354214	355216	460639	411189	520475	562304	586340	716222	688337	872821	895829	981095	1127251	1170041	1311644	1608712	1722368	2100881	2476166	3183999	3863593	6329187	13998204	44551525	9312559	0	0	0	0.6704
38	27619113	23736062	24623771	26656785	139857	139857	0	0	0	90214	238782	246720	233495	242097	235222	260280	289786	267830	326330	357813	357477	465616	413883	525577	567755	589376	721779	694912	878392	900916	984379	1132369	1172488	1310332	1610560	1725064	2102325	2476169	3187067	3869261	6330082	14041187	44398969	9391227	0	0	0	0.6144
39	27480920	23873842	24626061	26603410	191355	191355	0	0	0	99559	262766	268538	252658	261652	252843	279998	311461	285929	348670	381868	378704	491966	435947	555403	596550	616160	752654	722738	914219	933889	1017602	1170842	1212603	1354216	1663356	1774731	2160254	2542593	3264147	3955416	6436515	14035738	43451737	9140311	0	0	0	0.7004
40	27618690	23807825	24777293	26568411	3369	3369	0	0	0	108563	279786	283200	264062	272005	263060	290173	321757	296011	359803	392455	389275	502230	443246	564402	605207	624618	760967	731355	924989	938246	1025214	1179836	1218432	1361885	1669143	1780749	2164001	2545252	3265983	3960974	6448875	14058942	43225600	9251923	0	0	0	0.5395
41	27594058	23815839	24761719	26583498	20474	20474	0	0	0	120426	310919	313329	292114	298336	287659	316225	351649	318210	389237	424259	416782	542256	472335	605142	644181	660843	806892	768797	974304	990465	1069290	1236057	1274980	1416946	1735777	1853489	2243872	2636539	3366013	4078638	6563219	14023042	42097665	8855227	0	0	0	0.6046
42	27460732	23980311	24789494	26538878	6173	6173	0	0	0	134999	345199	346316	320800	326323	310244	340996	377941	340759	414743	449241	439368	568484	497667	635914	672319	685431	835757	794021	1006578	1017831	1097090	1267967	1306770	1451879	1773061	1890104	2281234	2677189	3405421	4124378	6609437	13968989	41329773	8725192	0	0	0	0.6394
43	27485665	23915612	24853914	26497679	22718	22718	0	0	0	138806	355997	353847	329226	334563	318832	348313	384535	348077	421132	458260	449601	576465	505206	643200	682977	694388	844258	806228	1013735	1026861	1108608	1276276	1314060	1462169	1782046	1894650	2296203	2692201	3416058	4143252	6625639	13976364	40932967	8797870	0	0	0	0.6697
44	27445646	23852809	24819474	26537581	120078	120078	0	0	0	149123	378168	374318	345641	350711	333063	364812	403138	362554	439470	475752	463645	598195	521350	667146	703489	712025	866199	823724	1039156	1050087	1128058	1299799	1335720	1486859	1812056	1921575	2325963	2724505	3453793	4182854	6664442	13944367	40269980	8683773	0	0	0	0.7959
45	27346242	24046023	24869002	26507300	7021	7021	0	0	0	158859	409294	403881	371134	375308	354159	386130	424808	381805	460162	498175	485878	622461	543642	691161	726122	734175	891787	848470	1065707	1076023	1153767	1330490	1368774	1519235	1845063	1957412	2361455	2769477	3491597	4233749	6708194	13905987	39637109	8577117	0	0	0	0.7281
46	27390991	23973780	24955160	26388911	66746	66746	0	0	0	165398	420202	413640	379412	383794	361558	394397	434020	386563	469793	507055	491944	632698	548353	700593	733893	741723	901456	854286	1075953	1085453	1160046	1338122	1372908	1520909	1850189	1961776	2366391	2770648	3500725	4234261	6710726	13892746	39356118	8591093	0	0	0	0.8020
47	27402893	23965083	24935474	26463678	8460	8460	0	0	0	173096	443719	435804	396432	399222	374121	407867	446199	398172	481809	520709	505361	643124	561569	714357	747319	752947	912803	868380	1086830	1098760	1174051	1351536	1389372	1539989	1870589	1974310	2389343	2793356	3517394	4260963	6728908	13875813	38924123	8608781	0	0	0	0.7740
48	27225716	24156866	24972564	26402643	17799	17799	0	0	0	194655	502895	492585	446410	446766	416443	452127	495042	436662	526553	565373	546238	694213	602766	766536	796422	798298	965746	916540	1144130	1156776	1228350	1411868	1450146	1604237	1938012	2047808	2462283	2876787	3593182	4337195	6786433	13736117	37719717	8202478	0	0	0	0.8670
49	27309552	24081843	25100784	26274701	8708	8708	0	0	0	210783	548712	535657	484741	481375	448251	485796	527388	465613	559754	600520	577995	731711	632603	805772	831992	833314	1007618	952305	1186687	1200611	1264997	1456253	1492508	1646805	1990458	2099653	2510397	2926724	3644411	4381244	6798224	13622468	36973649	7849891	0	0	0	0.9214
50	26217930	24507659	25944276	26026406	79317	79317	0	0	0	364515	1242860	1392596	1233298	1197303	1052555	1150212	1221070	1030474	1236927	1326543	1180512	1523893	1242700	1619822	1534914	1527868	1833580	1693721	2048051	2120754	1985343	2358430	2385474	2435875	2834841	2961084	3187354	3511316	4105104	4437464	5895743	10805623	23775041	3243411	0	0	0	2.1190
