#Name	E:\SaveData\2016-10-18_10_33_15_1001160101_R0036_A_CL100007977_BGI12297_WESPE_result\\CL100007977\L01\CL100007977_L01_2_1.fq
#PhredQual	33
#ReadNum	76557521
#row_readLen	50
#col	48
#BaseNum	3827876050
#N_Count	2506200	0.065472
#GC%	47.01
#Q10%	99.11
#Q20%	96.67
#Q30%	89.01
#EstErr%	0.388436
#Pos	A	C	G	T	N	0	1	2	3	4	5	6	7	8	9	10	11	12	13	14	15	16	17	18	19	20	21	22	23	24	25	26	27	28	29	30	31	32	33	34	35	36	37	38	39	40	41	Err%
1	24379860	17620356	18546121	16009199	1985	1985	0	0	0	5876	20911	33331	28587	28113	27417	29944	31870	31335	36806	41475	44027	58123	60255	70885	81250	136957	167478	181610	224704	290912	336104	397982	510107	526970	749926	814021	1018925	1037852	1119448	925157	1719111	6367293	50978272	8422502	0	0	0	0.1018
2	21765748	15249127	19304918	20198388	39340	39340	0	0	0	5638	24741	31465	28456	28067	27922	30409	33431	35145	41323	47907	52641	71295	73297	85903	108266	168564	206337	223624	279801	350755	399563	462480	561471	575503	786632	851452	1053108	1140940	1356694	1253073	2287523	7590599	48715926	7528230	0	0	0	0.1575
3	20745462	17862916	17208419	20738944	1780	1780	0	0	0	2592	15102	21927	21222	21649	22418	25118	28236	29923	36120	42266	48624	65247	68703	80040	101780	162951	200564	220456	273647	348048	396900	462088	560777	576550	784487	848102	1046013	1135726	1342112	1263022	2287866	7561024	48613111	7841330	0	0	0	0.0924
4	21004267	17666037	17439553	20443863	3801	3801	0	0	0	2392	14877	21279	20115	21296	22235	24635	27607	29810	35473	42016	47390	64131	67993	78844	101462	163180	199981	220989	273901	350346	395789	458487	560694	576192	779884	842700	1042204	1137837	1349291	1290287	2334313	7645008	48358447	7952635	0	0	0	0.0939
5	20904700	17358263	17868538	20326064	99956	99956	0	0	0	1168	15237	21215	20326	20735	21586	23826	27153	29125	35062	41519	47470	64285	67697	79453	102670	164251	202111	223113	276899	352456	399110	464725	561708	579417	781583	843955	1040859	1144538	1373280	1335407	2414259	7780434	48012207	7888726	0	0	0	0.2188
6	20656794	17744416	17584035	20540994	31282	31282	0	0	0	2728	14443	19835	18970	19976	21038	23688	26963	29490	36185	42346	48717	66146	69863	80630	106247	167715	208582	227547	281352	357592	404924	470692	565032	583363	783183	846944	1043448	1154745	1397564	1376027	2482583	7925178	47789799	7832704	0	0	0	0.1292
7	20997850	17384195	17996891	20153382	25203	25203	0	0	0	2206	16153	22139	21380	22308	22959	26115	29469	31670	38706	45317	52563	69678	73823	86008	110670	173273	212827	234176	288891	363757	409450	475491	567083	590029	784758	848358	1045794	1167926	1422972	1435762	2582271	8080283	47220240	7957813	0	0	0	0.1259
8	20615481	17802171	17275789	20862699	1381	1381	0	0	0	644	12638	18971	18908	19952	21401	24097	27731	30157	37019	43515	50356	67944	72309	82901	109691	170539	211625	232296	287532	361094	408036	472387	562658	584757	777147	842840	1037540	1160911	1425702	1442809	2603781	8158132	47251272	7926848	0	0	0	0.0889
9	20521071	17652405	17454206	20929166	673	673	0	0	0	1275	14675	20242	19928	20671	22265	25416	28570	31316	38478	44996	51727	70025	73875	85948	113369	174936	217106	236806	294251	366235	414160	478645	565698	588810	783312	848253	1045181	1172370	1454567	1479909	2668579	8269229	46994369	7841656	0	0	0	0.0913
10	20806165	17484089	17694187	20566296	6784	6784	0	0	0	2513	17791	23440	22557	23484	24532	27923	31476	33425	41275	48047	55103	74590	77826	90375	118411	180495	222063	241228	299780	369692	418475	482423	567437	592965	782121	849467	1045598	1180873	1471547	1523820	2741703	8397312	46527947	7943023	0	0	0	0.1058
11	20733689	17379621	17627180	20520318	296713	296713	0	0	0	4561	18145	24581	24048	25378	26889	30783	34419	37151	45835	52502	60621	81450	83826	97338	126767	188100	230945	249350	309470	377396	425635	491444	570982	600410	787316	853310	1050873	1195407	1500194	1573813	2824805	8516058	45838694	7902312	0	0	0	0.4901
12	20655604	17564477	17673162	20453939	210339	210339	0	0	0	2672	19579	25405	24802	25612	27252	30295	34728	36602	45206	51861	59551	80953	84044	96900	127757	189541	234574	251779	313182	380848	429104	493766	575371	601099	790670	855613	1049571	1197261	1512755	1592779	2855164	8582651	45821151	7847084	0	0	0	0.3775
13	20817359	17533596	17783144	20422322	1100	1100	0	0	0	2802	22319	29210	28014	29239	30290	34140	38532	40702	49641	57371	64866	87350	88643	104149	133922	195192	240910	258049	319728	385463	433019	499500	575250	606225	791922	857251	1054074	1206791	1533063	1640580	2941350	8715400	45467959	7993505	0	0	0	0.1117
14	20727097	17517971	17723888	20481033	107532	107532	0	0	0	3216	20972	27691	28158	29900	31658	35746	40814	42952	52883	61415	69306	93186	94108	111064	141431	202826	250453	265379	330490	393132	442408	509752	583549	617934	800348	868815	1065820	1229155	1565932	1701792	3045916	8866968	44834561	7990259	0	0	0	0.2526
15	20562210	17620665	17684537	20342557	347552	347552	0	0	0	15209	36811	41825	39366	39543	40587	44894	49545	49919	60437	67687	75190	99412	98949	117051	148772	207952	257459	270286	336798	397322	444711	512513	582833	617482	802167	866866	1067353	1227645	1573692	1724620	3080330	8884137	44326665	8003941	0	0	0	0.5944
16	20641115	17662314	17867229	20355852	31011	31011	0	0	0	4487	30656	41006	40470	42803	44327	50351	56481	59090	71220	82253	90163	119207	118981	141653	172227	204476	253614	269149	332978	394983	443267	510166	579536	621496	800362	868987	1071907	1241799	1596697	1766744	3154802	9026867	44139977	8083328	0	0	0	0.1805
17	20629995	17628292	17915154	20382019	2061	2061	0	0	0	4427	31020	40906	40939	42692	44700	50525	57063	59374	72432	82295	90549	121628	119092	142894	174071	206956	256346	269643	337009	396368	444686	511576	580186	618088	799740	866180	1067511	1237080	1602384	1776459	3176475	9083005	44097386	8053775	0	0	0	0.1433
18	20477345	17813498	17872981	20306804	86893	86893	0	0	0	5555	34207	44453	43802	45881	48068	54120	61134	62816	75893	87188	95509	125593	124700	148212	180343	211130	261244	275441	342350	400797	450865	518226	582073	626169	802546	870196	1076086	1251438	1621113	1813869	3232349	9169532	43623466	8104264	0	0	0	0.2618
19	20535934	17756169	17988978	20246655	29785	29785	0	0	0	7787	37714	47933	46785	48910	50012	56151	63378	64739	79027	89917	97853	130474	126759	152446	183411	215720	267014	279267	348768	405682	453675	520845	584516	627923	807892	877016	1080877	1262892	1638952	1841263	3277323	9239088	43428056	8087671	0	0	0	0.1944
20	20549996	17708108	17978041	20297169	24207	24207	0	0	0	8894	40519	51841	50644	53183	55107	61852	69539	70266	86256	97230	105584	139596	135573	164046	194864	226523	280551	291627	364891	418989	466953	536854	598189	643673	823657	896224	1102208	1287184	1675707	1903639	3375919	9350356	42874861	8030315	0	0	0	0.1977
21	20476516	17841044	18027340	20209921	2700	2700	0	0	0	10056	44794	55272	53185	55389	56666	63272	70919	72202	87190	99056	107116	141425	136992	165332	197390	227599	281183	290973	364637	417096	468598	537201	596453	649048	824516	893292	1106766	1294761	1688599	1932815	3425292	9429933	42556664	8153139	0	0	0	0.1754
22	20542837	17780497	18117947	20113857	2383	2383	0	0	0	10293	46148	57504	55720	58575	60139	67070	76483	76830	93351	106249	113316	150531	144407	174763	207458	237630	293465	302250	379114	430182	479719	551722	607748	663417	840828	909621	1127069	1323025	1726166	1992401	3516022	9532945	42020219	8122758	0	0	0	0.1823
23	20567670	17740545	18096190	20147830	5286	5286	0	0	0	12995	52050	64187	62678	65851	66932	74595	84532	84000	101857	115473	122778	161375	154876	187950	221615	251240	308894	316551	396213	444204	494800	569846	621752	681776	861884	934285	1152859	1357043	1772002	2069793	3630775	9647105	41325044	8082425	0	0	0	0.2025
24	20435744	17890137	18091897	20094327	45416	45416	0	0	0	12939	52899	64148	62783	65868	67496	75674	85725	85307	103625	116024	124463	164470	156757	191061	224830	253809	314564	319130	402691	448542	500138	575309	625335	684815	868242	939790	1159305	1360756	1786595	2088059	3662484	9688175	41159510	8020787	0	0	0	0.2564
25	20537795	17833666	18181399	20003556	1105	1105	0	0	0	15065	57639	69023	66401	69835	71302	79393	89795	88974	108291	121942	129464	169593	162157	197594	231261	258668	319149	326233	408545	454033	506853	580240	633330	696677	876647	949878	1173213	1385485	1807564	2121809	3710005	9761394	40794194	8064770	0	0	0	0.2086
26	20505028	17795013	18166612	20038146	52722	52722	0	0	0	17560	64620	77363	73821	76531	77319	86219	97709	95042	115451	129905	135975	179212	169388	208080	240349	269416	331054	334912	420360	465030	516802	593934	645461	706991	891093	964540	1189780	1405904	1837961	2172353	3782401	9827627	40288869	8015767	0	0	0	0.2921
27	20385640	17941142	18198483	20029848	2408	2408	0	0	0	18808	69112	79983	77887	81484	83089	92397	103662	102252	123593	138731	145115	191019	179992	220968	255232	283649	347534	350063	439618	480860	537105	614427	663847	733481	919639	993375	1227072	1451246	1899532	2260676	3920287	9949238	39567190	7952950	0	0	0	0.2384
28	20420096	17863071	18220173	19907110	147071	147071	0	0	0	26367	82207	92714	88520	91658	91455	101532	113880	110115	133931	148788	155069	204171	188686	234400	267207	295546	362866	362274	458445	494803	549009	633557	679138	747894	941915	1017747	1251429	1479977	1941458	2317762	4000091	9973861	38970761	7801217	0	0	0	0.4536
29	20451129	17835116	18224714	19989866	56696	56696	0	0	0	24030	79848	90084	87526	91259	92055	103091	115371	112505	135930	152341	159695	207937	194731	239571	273436	299710	367201	367237	462826	500391	557796	636895	684095	758219	946937	1022226	1262463	1495683	1951504	2338232	4020120	10050687	38680675	7938518	0	0	0	0.3342
30	20367139	17971766	18253696	19963002	1918	1918	0	0	0	26295	85037	95057	91963	95040	95586	106870	120000	116102	140900	157317	163909	214240	199254	246397	279323	306015	374592	375105	470742	507814	563611	645851	692029	771109	959155	1034075	1278256	1515228	1976314	2371882	4067583	10101214	38375700	7936038	0	0	0	0.2731
31	20433040	17904889	18343405	19865701	10486	10486	0	0	0	29425	93855	104129	99627	103432	102849	114617	129063	122703	150403	166839	171728	225519	208407	258916	291792	317678	389478	386696	487686	523242	577505	666562	708998	786672	982035	1060809	1302359	1543384	2018500	2427639	4143423	10149098	37909227	7792740	0	0	0	0.3034
32	20445095	17856707	18334090	19919228	2401	2401	0	0	0	32259	99867	109355	105233	109834	109468	122241	136195	130390	159119	176116	182420	237459	218224	271997	306206	329881	405222	401851	504331	538605	595348	685836	726920	810029	1005828	1084938	1337876	1584687	2060011	2488769	4231784	10215265	37316059	7725497	0	0	0	0.3083
33	20339575	17997440	18337295	19881094	2117	2117	0	0	0	33538	103247	112977	108055	112379	111897	123512	139056	132731	161508	179982	184329	240403	220355	275783	309415	333210	408277	403422	507578	541022	598314	685828	727605	811788	1010372	1086236	1338183	1588524	2065875	2497361	4239135	10244213	37142606	7776688	0	0	0	0.3144
34	20392747	17950866	18412546	19800042	1320	1320	0	0	0	38445	112977	121567	116487	120563	119846	133095	149068	141051	171675	190526	195696	253856	233367	290581	324246	346505	423955	420296	527312	559006	616281	706528	749107	835292	1037471	1113291	1374793	1632936	2114358	2561368	4331871	10291746	36490621	7710418	0	0	0	0.3350
35	20324907	17908655	18370982	19859023	93954	93954	0	0	0	44159	128612	137048	129892	134324	132466	145834	163120	154471	185962	206873	210196	273454	248565	311523	343313	366870	449698	440679	554932	583381	640707	739802	778459	869462	1075169	1159009	1421748	1686508	2185174	2657100	4451195	10324280	35657574	7472008	0	0	0	0.4888
36	20236775	18035144	18403531	19811153	70918	70918	0	0	0	49018	142480	151281	142932	147951	146047	160843	178217	167116	203416	225154	227380	293982	265727	334333	366099	386640	473556	462620	584748	609615	668249	769943	806874	901546	1114445	1197043	1468598	1738628	2242596	2728988	4541053	10351941	34920567	7316977	0	0	0	0.4909
37	20257216	17989228	18473693	19689057	148327	148327	0	0	0	55835	159279	166146	155798	160575	156682	172429	191691	178476	216050	238462	240264	309535	279346	351823	384434	403384	492196	481090	602734	630810	689484	791882	831126	929935	1144544	1227354	1503788	1779463	2287349	2792362	4604649	10356230	34239168	7204821	0	0	0	0.6236
38	20259337	17964051	18444735	19784856	104542	104542	0	0	0	55547	158047	166161	156479	161079	156991	173288	192679	179894	218917	239768	242031	313254	282437	354888	386915	406020	494737	483347	607189	633713	691836	794063	832816	930837	1145455	1227499	1503365	1781458	2290725	2795515	4616119	10386927	34132121	7260862	0	0	0	0.5672
39	20168552	18066526	18446150	19733055	143238	143238	0	0	0	62308	173927	180216	169854	174985	170218	186738	207843	192608	233748	256211	257024	331278	298410	375010	408122	425473	518122	504843	631561	657463	716539	824790	861999	962343	1180223	1269643	1549636	1832138	2348063	2867016	4697359	10396771	33431551	7060250	0	0	0	0.6510
40	20241861	18035699	18564402	19713166	2393	2393	0	0	0	67607	185142	189681	177949	181789	177249	194146	214520	198560	240299	263491	263699	338986	303422	383102	414977	430593	525564	511287	639819	663779	721877	830174	864879	967349	1186416	1270962	1552213	1839348	2352154	2873138	4710572	10407975	33272480	7139930	0	0	0	0.4864
41	20245270	18013551	18541528	19742136	15036	15036	0	0	0	75754	206503	211018	196078	200899	193338	213188	235781	215568	262005	285138	283356	367527	324309	413186	442619	457570	559504	539601	677543	699840	756112	874432	908207	1014600	1239745	1328593	1614739	1907030	2435544	2966467	4809148	10402022	32393534	6831987	0	0	0	0.5483
42	20137286	18143777	18564852	19706051	5555	5555	0	0	0	86443	229412	233221	216447	219181	210327	229955	253323	231734	280097	305011	300325	387698	340852	432238	464420	475032	580366	559616	699728	721009	776694	895907	931992	1037463	1268735	1353195	1643658	1940868	2466509	3008425	4851970	10371856	31830465	6717794	0	0	0	0.5814
43	20174264	18080496	18635065	19650567	17129	17129	0	0	0	87831	236854	239719	221565	225195	215507	234612	259881	237088	285814	310751	307630	393848	348851	440921	469689	481755	586524	566899	706168	728962	784892	902120	937765	1048834	1279175	1361393	1653162	1955598	2472942	3018326	4864757	10385748	31512065	6777551	0	0	0	0.6096
44	20143999	18042961	18588932	19691278	90351	90351	0	0	0	93445	251082	252367	233654	237724	225659	247294	270936	246146	297283	323662	320798	408858	359798	454089	485028	495171	600769	579679	725906	744776	802523	921624	958155	1066122	1297302	1383380	1682866	1980964	2506183	3056309	4902749	10369557	31007040	6678272	0	0	0	0.7333
45	20074702	18188784	18626674	19662329	5032	5032	0	0	0	100455	272987	273558	251447	253770	240209	261542	288309	261367	313236	339602	334313	425325	376684	475008	503643	513742	621381	600137	744033	765405	822973	943722	978098	1090891	1327331	1411290	1708579	2014834	2539480	3098935	4942157	10341942	30525770	6590334	0	0	0	0.6621
46	20102924	18144482	18690002	19570611	49502	49502	0	0	0	104253	280689	279953	257383	258444	246702	267447	294379	263349	317971	345133	338896	432138	378433	482023	508250	518405	627362	603173	750921	770000	824719	949644	983131	1093685	1331249	1415158	1712817	2019496	2544837	3105038	4945333	10345218	30318170	6594220	0	0	0	0.7341
47	20115494	18118482	18680181	19637553	5811	5811	0	0	0	109243	296468	293751	270041	270169	254955	277529	303488	272334	328047	355659	348202	441593	389404	491835	518643	525427	638199	614296	762081	782216	838912	961158	998419	1108924	1344554	1426966	1728265	2039653	2556693	3124117	4968463	10332991	29978934	6600081	0	0	0	0.7039
48	19957461	18259413	18722307	19605635	12705	12705	0	0	0	123558	338743	334640	303898	304334	284566	307901	335682	299941	360151	388848	378629	478071	420230	528468	555069	559765	678219	651493	805798	824936	876975	1010150	1042788	1155167	1399933	1482796	1788867	2099974	2618658	3191070	5020734	10243318	29062365	6289081	0	0	0	0.7923
49	20023168	18209142	18808474	19510699	6038	6038	0	0	0	134697	369777	364885	332936	330107	308166	331348	361805	322890	384077	414800	402295	505583	442907	559176	581520	587978	707989	679395	836471	856394	907456	1042763	1078018	1192542	1438092	1523741	1826824	2142092	2664348	3219630	5028942	10163728	28494679	6013432	0	0	0	0.8447
50	19189135	18543404	19472097	19300623	52262	52262	0	0	0	229686	876019	992425	885600	855415	768319	823553	873433	756962	885987	954054	866773	1096214	915869	1166429	1108213	1124292	1330896	1251793	1488297	1555969	1471536	1723253	1752841	1809241	2085852	2185467	2356827	2608825	3026995	3296926	4389712	8076154	18398337	2517095	0	0	0	2.0167
