#Name	E:\SaveData\2016-10-18_10_33_15_1001160101_R0036_A_CL100007977_BGI12297_WESPE_result\\CL100007977\L01\CL100007977_L01_1_2.fq
#PhredQual	33
#ReadNum	77131954
#row_readLen	50
#col	48
#BaseNum	3856597700
#N_Count	2062661	0.053484
#GC%	47.06
#Q10%	97.53
#Q20%	90.05
#Q30%	75.52
#EstErr%	0.960060
#Pos	A	C	G	T	N	0	1	2	3	4	5	6	7	8	9	10	11	12	13	14	15	16	17	18	19	20	21	22	23	24	25	26	27	28	29	30	31	32	33	34	35	36	37	38	39	40	41	Err%
1	23333600	18135166	18373754	17281522	7912	7912	0	0	0	7053	34186	48726	55538	72582	89241	180565	228721	219538	313382	373701	329682	583326	366522	644235	598126	709459	825335	709278	1098594	849138	1052284	1197403	1129702	1226912	1588659	1634480	1833863	1982696	2887551	2815945	4568565	10483930	32781451	3603673	0	0	0	0.3319
2	20965841	16115461	19045171	21002174	3307	3307	0	0	0	24494	78393	100819	114294	142160	161350	267037	332173	301249	407163	478721	398349	691248	430720	742415	666580	771148	899092	756047	1160856	886646	1096611	1242656	1150402	1270373	1606887	1656636	1849292	2003649	2860323	2863890	4593469	10467755	30976288	3679462	0	0	0	0.4652
3	19969935	18437608	17276874	21446934	603	603	0	0	0	25282	78001	99796	112428	139496	157445	263147	328980	297110	405444	477339	397596	690759	429505	741597	669373	764738	900759	750733	1157034	891632	1088365	1242709	1149030	1261054	1603990	1649929	1841658	1996247	2861368	2851331	4572828	10462751	31116754	3655143	0	0	0	0.4583
4	20056059	18468881	17419288	21187476	250	250	0	0	0	26275	79770	101417	112514	139699	155895	264045	326687	295642	403886	471938	397286	681389	430057	737714	670983	750782	895831	742816	1145486	895541	1071476	1235046	1147569	1245910	1587530	1637233	1833339	1989942	2828246	2857709	4569674	10461964	31103911	3836502	0	0	0	0.4579
5	20163349	18095244	17607731	21263179	2451	2451	0	0	0	23348	75964	97968	109774	136772	153048	264105	328608	297615	405408	473369	403143	680073	438278	739698	677183	753156	898587	752028	1142037	898741	1075044	1230794	1145012	1255173	1583690	1636212	1833451	2003167	2823602	2886107	4607267	10487339	30584081	4229661	0	0	0	0.4561
6	19716821	18490434	17444062	21474722	5915	5915	0	0	0	29165	86292	107625	119301	145353	162221	269747	328546	303799	402122	472311	403545	671383	443493	727059	676011	743143	894229	746134	1129172	899177	1066580	1228952	1139037	1248470	1576740	1631339	1827741	1992200	2799894	2873318	4590930	10485937	30910666	3994407	0	0	0	0.4768
7	20062803	18028662	17875981	21107858	56650	56650	0	0	0	28705	89916	112976	123507	151074	166747	276090	338782	305016	413873	479429	408941	680646	442973	735215	678264	749209	893764	749261	1131676	900057	1063566	1226216	1144620	1247608	1579413	1628603	1830924	2002574	2809590	2907039	4631902	10511699	30318027	4317402	0	0	0	0.5525
8	19700425	18468980	17093484	21868029	1036	1036	0	0	0	29784	87900	110638	121808	149226	163488	275853	341358	300312	419643	485650	406520	695492	435985	749192	686117	752790	905511	745484	1151027	906463	1061651	1236557	1156670	1228895	1586377	1632543	1821938	1978928	2826732	2872732	4573153	10535261	30920944	3778296	0	0	0	0.4795
9	19605552	18380487	17247280	21893583	5052	5052	0	0	0	34800	100451	121793	132833	160255	175431	286171	343963	314883	416710	480867	416970	669258	457915	726304	685131	737107	895719	748033	1110918	906963	1052889	1220337	1139672	1240140	1561300	1620712	1823551	1999217	2768255	2910570	4630629	10484717	30359168	4393270	0	0	0	0.5044
10	19912837	18182452	17401836	21632894	1935	1935	0	0	0	29645	93867	117370	128444	155965	168888	285002	347631	310144	423446	486452	417162	686571	450282	742761	691536	742653	898686	749029	1127911	912093	1054924	1225121	1151000	1237920	1574418	1626585	1830263	2001109	2794305	2908782	4622883	10490432	30211833	4434906	0	0	0	0.4922
11	19901977	18139213	17373960	21715772	1032	1032	0	0	0	35880	104288	126884	138178	165816	179175	294269	356226	320955	429632	495669	421765	693128	459348	749109	694944	749879	908509	754919	1133196	913250	1063927	1230958	1150560	1245207	1574823	1624670	1824738	1996305	2793574	2892874	4602868	10482480	30378770	4144149	0	0	0	0.5128
12	19765239	18325069	17358185	21679591	3870	3870	0	0	0	43618	112045	135953	145647	174064	187997	302589	364224	325975	435751	498783	428105	694247	464465	748777	701036	750598	907794	755416	1129600	918020	1062923	1227966	1150425	1241113	1570239	1623522	1824014	1998438	2780393	2902731	4603229	10467036	30207895	4243456	0	0	0	0.5350
13	19831547	18224909	17410775	21650312	14411	14411	0	0	0	60764	119418	142403	150984	178727	190827	305625	365839	329503	436242	499078	430679	689856	467377	744886	700495	749342	906772	755945	1122859	917938	1057550	1228309	1149523	1243392	1567507	1622957	1824566	2002734	2773571	2916656	4623434	10476198	29996048	4369539	0	0	0	0.5662
14	19816096	18217356	17410685	21687012	805	805	0	0	0	40262	116954	139384	149164	177087	190819	306216	368279	329636	439547	503823	433512	697157	471556	750984	704788	750562	914243	758413	1129883	923861	1058569	1232695	1159752	1241634	1570219	1626712	1827822	2002415	2778138	2924911	4634661	10487480	29958576	4331435	0	0	0	0.5369
15	19657013	18356768	17451574	21613671	52928	52928	0	0	0	53971	137914	158554	167472	195402	206124	322207	383634	341811	452823	513200	443124	700868	479460	753957	711190	747446	910523	760126	1122158	926979	1054853	1226397	1153215	1244510	1564148	1616793	1827517	2004921	2761633	2925192	4628361	10448739	29618158	4515646	0	0	0	0.6440
16	19647239	18291936	17488764	21497441	206574	206574	0	0	0	64308	181734	207997	217638	250054	259204	303194	362410	325184	430270	489644	427666	673416	465800	730056	694753	729327	892622	748383	1104420	916474	1039044	1214768	1146613	1232794	1555090	1607827	1818374	1999456	2750010	2925696	4618259	10424709	29606212	4511974	0	0	0	0.9033
17	19631364	18313795	17527266	21558927	100602	100602	0	0	0	76762	198839	223960	232102	265850	274481	319175	376938	338837	444245	503622	441718	685832	479515	740724	706559	739175	904442	760560	1110857	930412	1050959	1221533	1153669	1246011	1561154	1615986	1829590	2016571	2752596	2953075	4656007	10405807	29226540	4587249	0	0	0	0.8026
18	19452249	18485946	17495926	21650673	47160	47160	0	0	0	133515	206531	234128	237608	270154	276380	324084	380372	337335	449654	503857	441557	687615	477645	741007	709368	735508	901407	754521	1107051	930099	1041706	1216458	1155045	1232740	1556132	1607607	1822752	2004993	2745461	2934423	4627430	10404675	29309204	4586772	0	0	0	0.7727
19	19546566	18469435	17635369	21468043	12541	12541	0	0	0	84318	204849	231219	238093	270364	277442	322824	380333	340633	447055	505172	443802	684278	484039	741348	709518	734704	902516	757262	1101529	930531	1045056	1218923	1154560	1239906	1559445	1614250	1830769	2020931	2746822	2956718	4665486	10413412	29152564	4708742	0	0	0	0.7014
20	19575186	18412089	17575706	21516544	52429	52429	0	0	0	78490	212027	236601	242589	275962	282262	327627	385550	346762	449267	508182	449486	684803	492295	746303	715021	739354	907858	765354	1106576	942815	1050116	1226471	1161257	1248954	1563838	1618258	1842739	2034252	2745283	2980740	4693347	10389066	28870594	4759426	0	0	0	0.7608
21	19501328	18550478	17634000	21440165	5983	5983	0	0	0	95490	239533	259883	262973	292160	296673	341766	397134	356995	460056	517260	460088	687527	504626	745010	722469	740793	909860	772959	1100209	950652	1055084	1228260	1169743	1259087	1569453	1625512	1854512	2056006	2747383	3020270	4736045	10365860	28479073	4845567	0	0	0	0.7453
22	19573321	18512107	17696732	21342067	7727	7727	0	0	0	99508	249858	272286	274194	304347	305273	351975	411049	360358	472833	527911	465095	700402	501922	760370	730541	743114	916912	770657	1111279	957114	1051365	1232425	1175785	1256439	1575312	1628582	1855882	2057398	2762938	3028523	4742726	10353477	28301312	4815065	0	0	0	0.7704
23	19589169	18432585	17671958	21428205	10037	10037	0	0	0	116940	268438	288777	288785	318352	318947	364941	421073	372862	482992	536258	476021	704707	515252	762645	734957	749988	919726	781556	1107906	963042	1059897	1234302	1176911	1265876	1574315	1628995	1863943	2065029	2755998	3038188	4748123	10314479	28038041	4863655	0	0	0	0.8103
24	19388492	18499174	17638493	21455217	150578	150578	0	0	0	195685	287508	313089	303588	333346	327742	378203	434793	378196	494747	545369	481625	716535	517605	770502	745116	751877	926339	781980	1114426	970475	1054789	1238031	1185258	1257971	1580241	1632735	1864151	2070051	2765620	3049864	4756512	10261168	27688490	4807749	0	0	0	1.0631
25	19542391	18526414	17789296	21252405	21448	21448	0	0	0	111165	277748	296582	296471	326152	323737	370900	429098	378470	487688	540383	479709	708237	518938	768152	740234	748271	921814	781279	1105975	966544	1057287	1232891	1181159	1266655	1575550	1631613	1866791	2071190	2751796	3045061	4758609	10308818	27824294	4961245	0	0	0	0.8360
26	19523066	18446646	17752559	21259169	150514	150514	0	0	0	115433	291806	309835	306225	334165	329477	375938	434159	380186	490057	543176	481245	709797	519681	767151	740885	743956	919128	781291	1102967	966574	1052010	1231036	1180739	1262090	1570691	1627089	1863369	2074464	2748424	3049580	4759611	10279315	27650381	4989509	0	0	0	1.0222
27	19429123	18610317	17756042	21264031	72441	72441	0	0	0	119752	299349	317905	314381	343143	337734	386044	444320	387851	501000	553640	491595	720863	528500	777883	752924	754484	933194	790151	1114796	982071	1062359	1246061	1197549	1275430	1588593	1644739	1884354	2100070	2769475	3082706	4797047	10259364	27343913	4956273	0	0	0	0.9407
28	19494255	18575595	17871065	21186121	4918	4918	0	0	0	132164	320977	340419	332801	362548	352579	401566	461679	398767	517732	570394	503411	735586	538449	795295	768895	759712	943632	800080	1128820	996110	1072255	1257572	1214053	1286050	1605277	1662746	1898875	2119641	2792829	3120149	4827973	10220736	26992594	4894670	0	0	0	0.8960
29	19494767	18528286	17818433	21236490	53978	53978	0	0	0	139634	341327	357306	347213	374608	361557	411746	471345	404079	523698	573470	506995	738702	541367	794951	768034	758980	944083	801201	1122448	999365	1068062	1254991	1213605	1284532	1600728	1656834	1900799	2121068	2782067	3116117	4822278	10185149	26848477	4941160	0	0	0	0.9884
30	19408788	18653652	17841440	21199124	28950	28950	0	0	0	144906	354838	369185	358147	384134	368705	419126	476197	411982	529947	578828	515646	741665	550378	799502	775671	767599	948334	808059	1124741	1006933	1073590	1259591	1217855	1291876	1607472	1660117	1907536	2135475	2782554	3134643	4834250	10161337	26628344	4973841	0	0	0	0.9781
31	19466248	18608618	17924884	21114077	18127	18127	0	0	0	154626	368931	378208	364119	386449	375495	422257	477415	417930	527921	577828	520713	734045	558275	792355	776328	768270	946322	816259	1118128	1006761	1079382	1256926	1217530	1306101	1608224	1657708	1914066	2144177	2778888	3140702	4839144	10144643	26504500	5033201	0	0	0	0.9818
32	19507899	18565595	17881310	21165562	11588	11588	0	0	0	155911	380904	392077	375584	399103	383749	432191	488510	424288	539055	587921	528076	747892	565235	806373	785983	774485	957722	822481	1132240	1021635	1085247	1270541	1232507	1311983	1621174	1679160	1930243	2160686	2801093	3162906	4863336	10108402	26210032	4981641	0	0	0	0.9964
33	19405692	18676919	17880959	21131364	37020	37020	0	0	0	158757	387062	395791	380717	403698	387143	435400	492992	425505	542125	589711	527543	746818	564356	804878	784336	772211	952193	819809	1124776	1015018	1081458	1263915	1225418	1305018	1611867	1666368	1921178	2150313	2788307	3148118	4850676	10112240	26200441	5058778	0	0	0	1.0383
34	19465013	18646208	17961822	21050875	8036	8036	0	0	0	173866	417620	425352	405100	427085	404482	454911	511240	441100	557848	604183	541329	759888	577108	816346	794838	779713	962239	830795	1132460	1028968	1086827	1273250	1238154	1318814	1621418	1675244	1933779	2166428	2794679	3164472	4853702	10059139	25871130	5020411	0	0	0	1.0542
35	19385984	18600545	17897773	21058663	188989	188989	0	0	0	188151	441890	447977	421951	443613	416121	467698	526356	446058	570538	619276	548174	772555	581547	831526	809250	783751	975360	836913	1144966	1043844	1095860	1288024	1256835	1329268	1643652	1700354	1958473	2199046	2819894	3207724	4890404	9972592	25370288	4893036	0	0	0	1.3303
36	19341163	18728257	17932622	21101799	28113	28113	0	0	0	181757	439841	445269	418927	438939	415019	462560	519877	447350	564052	610090	549148	758657	583990	818268	800019	780148	961649	835697	1129348	1034781	1089409	1274593	1242486	1320904	1624693	1678276	1940000	2179666	2794618	3185274	4874581	10034280	25611304	5058371	0	0	0	1.1114
37	19388596	18716860	18012460	21007698	6340	6340	0	0	0	187331	454914	457942	432147	449580	422683	471612	529391	453032	571892	616579	555498	764982	588097	824834	808449	786462	969104	842844	1135953	1043721	1098679	1281333	1253859	1333777	1636402	1690897	1956080	2196065	2810041	3199609	4884730	9995056	25377964	5044075	0	0	0	1.1080
38	19363447	18662606	17973069	21117041	15791	15791	0	0	0	209477	474858	478933	447322	464667	434324	484325	540529	460349	582151	626971	562281	775468	595784	833659	816298	790972	976705	848199	1143547	1053466	1099733	1288425	1264785	1334733	1643484	1704163	1964435	2211994	2826297	3221343	4901953	9938262	25112401	5003870	0	0	0	1.1616
39	19243635	18762060	17991456	21044916	89887	89887	0	0	0	219526	518638	516140	477414	492112	456286	507543	561623	479415	599502	646679	579439	793946	610328	850834	832459	803229	992385	863998	1156489	1068845	1111438	1302221	1277615	1351476	1658772	1715676	1977999	2226437	2826366	3228762	4897914	9855459	24668812	4916290	0	0	0	1.3218
40	19334936	18737315	18070192	20980417	9094	9094	0	0	0	205289	509258	508487	473461	487129	451719	502120	559577	474001	598600	643073	575656	789300	605170	845385	829421	799021	987452	857714	1150293	1070492	1105434	1299823	1280817	1346489	1660467	1715596	1982938	2230734	2834817	3244960	4912441	9875317	24730632	4979777	0	0	0	1.1982
41	19353590	18686913	18019056	21060838	11557	11557	0	0	0	213778	520658	514890	478705	491985	457485	506050	558621	479870	593712	638628	580921	782307	614148	837725	826057	800096	981120	863387	1140058	1068941	1111420	1293312	1273587	1354288	1653072	1708525	1978387	2232596	2816852	3237350	4911604	9867443	24691256	5041563	0	0	0	1.2161
42	19278619	18790914	18003604	21046872	11945	11945	0	0	0	207160	513222	511483	474716	486579	451727	499809	552681	474956	588170	632497	575113	772754	606063	831636	817530	789414	970392	855937	1128917	1057689	1099696	1279074	1263240	1341618	1637288	1691770	1961210	2216612	2800536	3217671	4891827	9887928	24855245	5177849	0	0	0	1.2018
43	19237417	18741201	18099731	20930330	123275	123275	0	0	0	265319	609842	608462	552673	558774	507588	562769	617107	516763	648775	693098	616277	834609	642459	890139	871025	830691	1025905	894359	1185235	1115605	1134515	1340403	1322189	1382012	1700241	1756815	2019279	2274885	2859259	3268724	4895034	9632601	23624973	4750275	0	0	0	1.5260
44	19180128	18695410	18065739	20935623	255054	255054	0	0	0	265945	639434	632310	572628	577453	522097	576382	630215	527269	658002	701977	623483	843173	651988	898796	876757	833853	1030816	901832	1188169	1122290	1138097	1342534	1327732	1389758	1706183	1763587	2029867	2288459	2862128	3291991	4917166	9575416	23266479	4702634	0	0	0	1.7348
45	19178525	18862283	18099727	20979124	12295	12295	0	0	0	252042	620932	609196	554385	561192	510544	561624	614679	518655	643423	685998	616148	822208	645015	879243	862811	825495	1015316	893513	1170709	1106685	1132987	1328259	1312258	1381222	1689038	1745229	2017683	2279100	2852232	3285298	4933123	9663300	23625506	4904611	0	0	0	1.3795
46	19256799	18806978	18131387	20927119	9671	9671	0	0	0	241533	610917	603545	549588	554300	505217	555659	607821	514297	635274	679553	609866	814821	640042	871717	855887	817930	1007842	887124	1159539	1103017	1123386	1317687	1309560	1375287	1680913	1737659	2007574	2277471	2844056	3286711	4932175	9685985	23720273	4998057	0	0	0	1.3572
47	19238332	18780267	18151610	20948182	13563	13563	0	0	0	269756	678966	669405	603398	603915	546038	598003	649891	545279	675397	718823	643418	854168	671888	911268	891333	847989	1042388	922890	1196703	1142636	1154386	1356708	1345686	1410983	1720344	1779068	2046265	2313546	2871981	3308398	4922954	9519300	22930645	4754575	0	0	0	1.4806
48	19039539	18877384	18195992	20961797	57242	57242	0	0	0	367125	770086	762450	674979	669964	595301	656821	705653	582716	723982	766756	679872	905091	702045	956409	932826	880403	1084810	951356	1238553	1184450	1181112	1398863	1386972	1441110	1758049	1815088	2078752	2345074	2898231	3322256	4888964	9295075	22045085	4428433	0	0	0	1.7247
49	19177722	18860846	18216354	20862904	14128	14128	0	0	0	270737	701371	686170	616037	612674	558127	601955	652550	554508	672476	713489	649985	841911	676561	896405	884619	847586	1029709	923919	1178852	1132740	1155459	1343330	1336709	1413542	1708828	1765990	2043618	2320212	2858543	3311534	4932260	9503573	22888102	4833745	0	0	0	1.5038
50	18750926	18998776	19108219	20217124	56909	56909	0	0	0	453960	1454608	1624507	1423753	1373164	1165724	1282822	1345640	1077555	1317096	1385669	1157869	1525065	1170443	1559891	1432388	1342838	1631911	1416976	1742660	1739043	1547014	1851392	1819656	1767212	2066350	2101765	2214366	2378695	2758095	2907848	3783308	6939219	14168577	2147966	0	0	0	3.1155
