#Name	E:\SaveData\2016-10-18_10_33_15_1001160101_R0036_A_CL100007977_BGI12297_WESPE_result\\CL100007977\L01\CL100007977_L01_6_2.fq
#PhredQual	33
#ReadNum	65570008
#row_readLen	50
#col	48
#BaseNum	3278500400
#N_Count	1639805	0.050017
#GC%	46.51
#Q10%	97.65
#Q20%	90.58
#Q30%	76.58
#EstErr%	0.910911
#Pos	A	C	G	T	N	0	1	2	3	4	5	6	7	8	9	10	11	12	13	14	15	16	17	18	19	20	21	22	23	24	25	26	27	28	29	30	31	32	33	34	35	36	37	38	39	40	41	Err%
1	20445930	16612883	14631880	13872749	6566	6566	0	0	0	5029	25938	37042	43095	55716	69874	137820	175986	168072	241880	289250	256797	455099	287098	504335	472757	562893	655761	569670	879233	689446	850876	971512	925368	996984	1302396	1346645	1516735	1641542	2409771	2321397	3798811	9014042	28750252	3134320	0	0	0	0.3061
2	17528703	13543260	15621140	18874062	2843	2843	0	0	0	16817	55295	73535	83502	106068	120505	199344	247533	228126	306964	365767	305714	531659	334448	572231	520885	603819	710549	599417	917913	709807	880094	1003340	928029	1032887	1310177	1357184	1525637	1662642	2400114	2373380	3849197	9019237	27334726	3280623	0	0	0	0.4147
3	16857115	15797483	13683243	19231675	492	492	0	0	0	20021	62640	79467	89579	110887	125105	207667	254835	236392	315355	369942	316821	527005	351755	572497	534197	596080	712930	601800	906795	723708	869352	997243	929398	1025573	1294835	1344648	1518637	1663090	2352645	2394957	3863216	9015172	26909040	3676232	0	0	0	0.4275
4	17346205	15600604	13993409	18629599	191	191	0	0	0	14944	51774	68226	77519	96844	109566	192260	241057	218785	304735	357228	305811	519648	334987	569278	527061	591811	705189	595979	906463	722198	860628	991599	932984	1012929	1293719	1341771	1510758	1650744	2361154	2376817	3830696	9054699	27146201	3693755	0	0	0	0.3953
5	17099451	15207044	14646302	18615242	1969	1969	0	0	0	24200	69583	87042	96188	116473	129315	212322	261900	237469	321502	374656	319372	539401	348914	581395	538276	599707	716309	602151	913240	727368	866182	997918	935233	1019491	1297443	1342825	1515159	1658058	2355065	2396894	3855790	9045560	26711830	3753808	0	0	0	0.4461
6	16734340	15448866	14480100	18901357	5345	5345	0	0	0	22245	67942	85218	93616	113943	127712	209131	256620	235986	316577	369583	317800	529766	349648	574935	536910	596920	713952	601317	907927	726205	865280	996345	933110	1020599	1292866	1342237	1513526	1656010	2348563	2399708	3865552	9050093	26784519	3742302	0	0	0	0.4442
7	17246957	15069374	14873892	18332788	46997	46997	0	0	0	19076	62277	80713	89597	111489	122858	209705	258896	230975	321205	372327	316567	537255	343239	582241	539667	596051	715976	600312	913829	728898	859499	999043	939408	1009346	1295603	1339871	1506873	1648711	2355406	2381943	3825104	9053082	26992066	3563903	0	0	0	0.4993
8	16666081	15653236	14027439	19222362	890	890	0	0	0	22677	67602	86202	95117	116208	127917	214034	263604	236383	324612	376729	320056	538995	349578	584246	543983	598233	717353	602065	915274	734232	861824	1000612	937502	1010822	1295854	1340678	1509486	1650964	2349123	2392934	3839470	9057252	26875488	3612009	0	0	0	0.4426
9	16620691	15439717	14300851	19204396	4353	4353	0	0	0	25314	76235	93595	102182	123061	134917	220173	266806	241547	325304	376207	325287	530780	355498	577402	542427	591502	714089	601877	901639	732414	855610	992385	934090	1011115	1286337	1332277	1506654	1657276	2327659	2415920	3873805	9059363	26568872	3886036	0	0	0	0.4630
10	16879517	15334338	14571299	18783162	1692	1692	0	0	0	29128	83217	101027	109140	130908	140857	228916	277105	245647	337914	385830	330130	545485	355982	590046	551878	594673	721219	603348	910534	739977	852446	996422	942814	1006583	1290115	1333230	1507768	1652914	2327993	2410860	3856222	9045071	26487911	3845006	0	0	0	0.4787
11	16952207	15276964	14540039	18799914	884	884	0	0	0	28669	83018	101234	109777	131674	142782	231423	279700	252553	336388	390262	334174	543753	367032	589405	555768	600635	727088	607715	909167	743691	862940	1001622	940009	1016002	1289245	1337533	1509567	1657123	2324642	2405259	3852288	9028636	26542377	3735973	0	0	0	0.4802
12	16898285	15414466	14562844	18692932	1481	1481	0	0	0	30906	89404	107017	116167	137787	148373	236055	284192	257086	340851	391554	338528	545124	369348	589312	556134	598973	725626	610697	905658	745378	858404	996074	939102	1017528	1288274	1333259	1510050	1661217	2317213	2415577	3862398	9015075	26350137	3880049	0	0	0	0.4946
13	17019834	15328050	14619417	18598282	4425	4425	0	0	0	34051	94190	111286	119357	141764	151599	239892	286952	259562	343166	392532	341610	544124	373481	588933	557930	597179	725843	609322	902428	746470	859047	994626	939620	1018068	1283772	1332383	1511863	1661665	2313437	2425194	3882603	9018084	26215925	3947625	0	0	0	0.5091
14	16958750	15321037	14632319	18657162	740	740	0	0	0	32548	93926	111411	119380	141402	151843	241979	288623	261390	346427	396784	345949	548701	378822	594122	563509	600781	730578	614807	904974	750050	859903	1001481	945114	1022806	1286908	1336723	1512765	1668880	2314373	2439234	3893930	9015434	26068054	3985657	0	0	0	0.5047
15	16835154	15439608	14682502	18567840	44904	44904	0	0	0	43143	109838	126929	133535	156014	164691	254821	301962	269764	357960	404569	352325	552831	384640	598231	568464	599258	731982	615699	900935	754665	860663	996693	943862	1023189	1284860	1331301	1513584	1672836	2298487	2442472	3887827	8983013	25809139	4094922	0	0	0	0.6089
16	16855968	15387392	14694628	18447128	184892	184892	0	0	0	51221	144901	165306	173270	197562	205350	241436	285583	256993	342026	388063	340547	533020	374717	579914	557230	587715	716181	604605	887286	748121	848060	986672	936938	1012658	1275308	1323774	1504076	1664736	2292382	2433838	3879751	8971848	25774369	4099659	0	0	0	0.8782
17	16854678	15389187	14744540	18497894	83709	83709	0	0	0	60033	156971	177838	184502	209789	216263	253038	299333	269404	352555	398621	352917	544375	387662	589951	568116	593275	727098	616794	893370	757467	855732	993750	945410	1022493	1283545	1331107	1515926	1678557	2294290	2465984	3917169	8960828	25454233	4157903	0	0	0	0.7569
18	16743168	15578044	14734874	18499659	14263	14263	0	0	0	65233	160452	181526	187191	211931	217126	253339	300813	267189	353225	398097	350681	542953	383141	587944	566148	589069	722451	612209	888729	756024	849234	991812	945842	1014485	1277616	1323228	1510855	1675495	2291942	2457451	3908006	8969319	25524804	4220185	0	0	0	0.6581
19	16799050	15527252	14817262	18420193	6251	6251	0	0	0	60175	162543	182383	188447	213809	219630	254580	301234	271381	353346	399200	353755	540812	388461	587660	567109	591591	723576	614849	885407	759382	852115	992559	945773	1021059	1280164	1330320	1520820	1685422	2291907	2470754	3923133	8964537	25367778	4298086	0	0	0	0.6465
20	16827790	15460914	14778416	18458458	44430	44430	0	0	0	62191	168224	187856	193146	218428	224330	260209	304955	276072	357586	404691	361137	542894	396863	591583	575116	594282	729251	621500	889901	767690	856658	997241	953080	1028439	1285665	1335142	1525956	1697713	2291701	2492667	3951506	8946279	25101621	4334005	0	0	0	0.7179
21	16776240	15575008	14819445	18394187	5128	5128	0	0	0	75987	191303	207207	209253	233696	236232	271835	315431	284271	366368	411061	369697	547591	406211	595445	580926	596985	733488	626639	885083	774337	860577	1002177	958057	1039756	1290998	1338724	1538981	1716504	2297337	2526715	3989214	8924883	24767521	4394390	0	0	0	0.7020
22	16816628	15540248	14898687	18308071	6374	6374	0	0	0	79408	200008	218534	219186	244239	242831	280768	327832	288292	377354	420784	372099	558619	404751	605113	587053	599753	739059	628222	897998	781706	857923	1005047	964149	1033961	1295884	1343950	1541162	1719640	2308079	2535856	3995068	8912284	24609074	4367948	0	0	0	0.7271
23	16854929	15453331	14903676	18354700	3372	3372	0	0	0	85326	213909	229945	231139	253792	255057	290606	335410	298846	384245	428424	382758	563316	415952	609579	592398	603868	742206	634965	895214	785761	864956	1008250	966677	1045081	1297194	1348112	1547388	1726751	2302236	2545612	4006499	8886954	24375803	4412407	0	0	0	0.7514
24	16700124	15566792	14911919	18289265	101908	101908	0	0	0	112053	228578	245434	242874	265422	261651	301030	346389	302380	393287	434373	383917	573185	416610	618395	599877	604880	747599	637993	900889	792215	861448	1012617	977071	1041392	1302449	1352125	1551923	1737015	2314297	2562959	4024905	8847799	24103880	4369189	0	0	0	0.9438
25	16824814	15541256	14969199	18216937	17802	17802	0	0	0	89672	224461	239910	238848	262784	260315	296182	342697	302892	389747	432786	385807	566567	420281	613527	597943	604732	745172	638422	894537	789370	865488	1007870	971454	1045763	1298775	1348401	1549925	1733145	2302356	2557595	4013009	8872680	24163294	4485799	0	0	0	0.7940
26	16777838	15478717	14969043	18210742	133668	133668	0	0	0	92702	235348	247915	246657	268932	264304	301267	347933	305267	393000	434102	387350	567510	419755	614404	598289	603470	741991	637707	893198	790360	861356	1005811	969000	1044471	1296642	1345885	1549807	1730006	2297406	2558459	4014937	8847964	24013160	4509975	0	0	0	0.9874
27	16702653	15615202	14964032	18228410	59711	59711	0	0	0	96140	242661	256899	254719	275927	270870	309603	356114	313071	400513	442404	396630	577515	428216	624353	608631	610336	753482	646747	901544	804878	869188	1021119	987013	1054694	1310354	1361061	1567226	1755295	2319667	2587796	4048661	8834282	23747632	4475056	0	0	0	0.8954
28	16772234	15616224	15040691	18138731	2128	2128	0	0	0	102618	260477	275604	269744	291401	282477	323237	370790	320864	416982	457431	406322	591787	437564	636207	620740	618823	764658	655210	915162	818211	876576	1029848	1001448	1062440	1325498	1374088	1585620	1780876	2339284	2621647	4082205	8790086	23441707	4420248	0	0	0	0.8471
29	16764649	15543109	15019536	18198174	44540	44540	0	0	0	112850	277061	288099	281200	301267	291568	330473	377620	325303	420800	460306	408077	592230	438456	638547	622894	618136	765117	654865	910691	817880	875774	1027236	999573	1061244	1324566	1374670	1586291	1776992	2331840	2622132	4079559	8772283	23296485	4463383	0	0	0	0.9413
30	16697285	15641586	15038124	18168967	24046	24046	0	0	0	115980	286827	297799	288693	310601	297852	337411	383759	332191	426258	467335	417179	594017	447277	644854	628365	621452	768681	662554	913102	824654	882821	1033716	1004491	1071511	1326654	1377237	1591746	1789727	2336011	2634999	4086850	8752691	23098181	4492486	0	0	0	0.9308
31	16749318	15617429	15110310	18078516	14435	14435	0	0	0	123252	298574	304429	294074	312925	302480	340913	384589	337438	425747	464024	421201	589343	454984	639166	627160	623006	767325	666978	909289	826078	886214	1032876	1004149	1079266	1327450	1379447	1595582	1798844	2333462	2640165	4103401	8733806	22984639	4543297	0	0	0	0.9329
32	16768531	15568106	15070388	18153215	9768	9768	0	0	0	125766	309442	318418	304411	322353	309702	349283	393578	343075	434560	473927	428793	603762	461069	651953	638655	631358	776880	674862	920048	838616	893405	1044261	1018053	1086796	1342561	1391660	1609643	1812556	2354072	2662538	4113837	8701506	22727302	4491539	0	0	0	0.9511
33	16687487	15673890	15080619	18097285	30727	30727	0	0	0	127974	313488	321510	308824	325711	312627	351933	398178	344765	436156	476266	427915	602904	459248	649580	636000	627546	775440	672067	913812	836456	887600	1034398	1010360	1082102	1336204	1383461	1602207	1807438	2339683	2651038	4110500	8705940	22711268	4558682	0	0	0	0.9911
34	16740656	15658684	15158927	18006186	5555	5555	0	0	0	138499	338677	346009	328086	344813	327951	366771	413125	356626	448711	488362	440672	613172	471391	659260	646608	636105	783005	680607	922796	844776	897007	1047007	1021334	1093865	1343890	1395697	1614978	1820200	2346444	2668272	4117724	8660459	22424791	4516763	0	0	0	1.0033
35	16670018	15597905	15108636	18028050	165399	165399	0	0	0	151782	361484	365477	344025	360781	337003	379728	427130	362459	461371	500832	446218	624617	473950	672612	658423	642278	792829	688853	933361	859343	902918	1059871	1039912	1107192	1362734	1417269	1636669	1845286	2372006	2704264	4145595	8581671	21985214	4399452	0	0	0	1.2920
36	16651780	15711926	15146460	18036307	23535	23535	0	0	0	146210	357640	360987	340889	355503	337136	375929	420290	363072	454694	492583	446734	614390	477251	662147	652000	637010	785325	687349	921657	852471	897731	1048135	1028974	1097644	1349529	1398168	1623093	1835337	2349106	2685574	4134360	8625027	22182496	4550032	0	0	0	1.0630
37	16709591	15707495	15192509	17955529	4884	4884	0	0	0	151727	372223	373903	351149	364474	344135	383664	428715	366695	461534	499014	450265	622292	479974	668069	657810	643088	790034	692764	928302	859540	902756	1057384	1037529	1106605	1357719	1407038	1635719	1848629	2364881	2700673	4145039	8602081	21981935	4527765	0	0	0	1.0612
38	16679436	15669994	15198453	18016976	5149	5149	0	0	0	157297	387086	389996	364228	377958	351860	391689	437049	374213	471605	508334	457155	628109	485209	676185	665403	647281	796951	697238	934626	870041	907467	1064566	1046112	1113624	1370621	1418907	1646243	1864234	2376559	2721267	4160355	8558929	21750883	4495579	0	0	0	1.0928
39	16579558	15735149	15197338	17983551	74412	74412	0	0	0	178798	423988	421727	390965	400874	372886	413858	457266	389694	488387	525587	474196	643170	500225	688830	678442	659028	810456	710624	944842	882276	917542	1076162	1060474	1125842	1377906	1431495	1659034	1877462	2380121	2730462	4156476	8483669	21349939	4412893	0	0	0	1.2719
40	16666372	15719433	15259192	17917293	7718	7718	0	0	0	166436	415873	415974	386988	397227	367788	409382	454296	386211	486273	522289	469618	641022	496334	688477	675598	653176	805998	707469	939842	883737	913762	1072668	1060648	1123140	1380574	1432594	1662329	1878631	2388692	2741464	4171883	8502488	21398183	4465226	0	0	0	1.1511
41	16677345	15678175	15233004	17974792	6692	6692	0	0	0	168850	425458	421574	392208	399208	373039	412089	454480	391287	484426	519177	473560	634427	502867	682125	674152	653763	802771	711986	933648	881741	918494	1068222	1057230	1129643	1374109	1426024	1657122	1878953	2373487	2738141	4168216	8494330	21360313	4526196	0	0	0	1.1613
42	16617427	15755798	15218558	17973198	5027	5027	0	0	0	161722	420695	417796	386285	396170	370113	406990	449047	387789	476940	515887	467608	625637	496854	674454	666849	647173	791448	703308	923282	872621	907016	1056771	1048155	1115426	1362604	1410220	1642965	1867394	2360456	2721379	4151893	8511661	21508794	4641579	0	0	0	1.1433
43	16572881	15732377	15327907	17840087	96756	96756	0	0	0	202936	500290	498330	451905	458109	415923	459938	504289	421450	528879	564262	503719	679221	527320	727948	711374	681115	839893	739048	972922	924180	939865	1106991	1100216	1156360	1416272	1468503	1695981	1920964	2416664	2774284	4168824	8294498	20441473	4259306	0	0	0	1.4556
44	16511245	15687931	15287106	17859090	224636	224636	0	0	0	215586	525979	518978	469223	472720	426717	471105	515520	432185	538687	573962	512029	686276	536056	734721	717953	687015	846941	745443	978949	929386	946834	1114611	1107197	1163051	1425290	1478023	1707719	1937286	2420169	2788805	4179597	8229900	20104223	4207236	0	0	0	1.6965
45	16510177	15824701	15323897	17901290	9943	9943	0	0	0	204024	508377	501742	456216	458948	418086	458852	503099	425098	525626	559559	505956	673897	530185	718742	707516	679658	833948	736361	962657	917385	938441	1098352	1093906	1155867	1412062	1462053	1693079	1926062	2407172	2787263	4195296	8310386	20404874	4389320	0	0	0	1.3299
46	16580690	15803288	15355756	17822326	7948	7948	0	0	0	196503	504104	498793	451968	454985	415354	453714	494900	420160	519332	554362	502499	663797	526139	710996	701660	673680	825545	733687	952786	912477	933055	1091839	1087316	1150563	1403305	1454215	1689498	1920872	2402193	2782639	4196380	8325884	20480614	4476246	0	0	0	1.3119
47	16550846	15765204	15378919	17863520	11519	11519	0	0	0	219802	559690	550536	496225	494300	448445	489927	532470	448163	551481	587070	529396	697584	552342	744818	730603	699542	858191	763562	984417	946939	958787	1126586	1120446	1181216	1436337	1490635	1723961	1956277	2428380	2805662	4188765	8192665	19813109	4250160	0	0	0	1.4313
48	16394217	15903280	15458803	17791286	22422	22422	0	0	0	263718	635264	626234	555281	551262	489081	535180	578943	480016	594892	629056	559894	741637	580072	786603	767337	727808	894978	791098	1021340	985038	983377	1163952	1159944	1211926	1473169	1529532	1758412	1989354	2456922	2825069	4169266	8002671	19064027	3965233	0	0	0	1.6088
49	16514508	15841778	15424532	17777479	11711	11711	0	0	0	220266	579001	564042	508890	503074	458771	493485	533617	456357	549525	584930	536821	688426	561443	736115	727970	698876	847499	765719	970440	939178	961169	1112935	1113571	1184374	1429579	1480299	1720889	1961924	2418151	2809687	4198200	8174204	19751386	4317484	0	0	0	1.4552
50	16121619	15960116	16224566	17218132	45575	45575	0	0	0	365315	1206194	1356729	1188707	1146278	978232	1071987	1121312	906507	1097614	1156512	978930	1273056	988720	1308741	1196587	1137849	1367167	1203600	1461332	1469361	1312489	1563450	1544423	1510623	1752226	1786118	1883710	2031859	2342692	2472809	3218454	5980425	12218717	1925708	0	0	0	3.0486
