#Name	E:\SaveData\2016-10-18_10_33_15_1001160101_R0036_A_CL100007977_BGI12297_WESPE_result\\CL100007977\L01\CL100007977_L01_4_2.fq
#PhredQual	33
#ReadNum	92386531
#row_readLen	50
#col	48
#BaseNum	4619326550
#N_Count	2376597	0.051449
#GC%	47.27
#Q10%	97.80
#Q20%	91.33
#Q30%	78.07
#EstErr%	0.852138
#Pos	A	C	G	T	N	0	1	2	3	4	5	6	7	8	9	10	11	12	13	14	15	16	17	18	19	20	21	22	23	24	25	26	27	28	29	30	31	32	33	34	35	36	37	38	39	40	41	Err%
1	28471400	23027196	21513636	19364819	9480	9480	0	0	0	6037	32860	46402	53373	67979	83021	163742	206392	200641	284303	338015	310498	536162	356266	597840	583503	697728	815157	725139	1092150	899181	1103442	1253058	1219235	1309961	1706630	1772523	2015665	2202226	3204670	3125663	5198861	12584416	42980939	4603373	0	0	0	0.2687
2	24757496	18945518	22739766	25939555	4196	4196	0	0	0	20522	73352	95584	106565	131726	150860	244624	302434	280119	375025	443676	380450	645838	424891	699296	656549	763446	899900	775266	1164744	935023	1153338	1308026	1236641	1371165	1742468	1811910	2055485	2255730	3237339	3237330	5328213	12646365	40707394	4721041	0	0	0	0.3723
3	23601231	22478889	19749165	26556480	766	766	0	0	0	23035	76568	98140	109216	132731	150063	247772	305447	280702	379950	447118	384076	651044	429364	706017	667852	764632	906958	779594	1169582	950368	1150749	1311523	1246503	1361822	1741020	1807824	2047391	2242035	3218629	3222920	5284553	12648098	40712456	4730013	0	0	0	0.3739
4	24214556	22117244	20137317	25917154	260	260	0	0	0	23617	78233	99402	109266	133364	148528	246878	304492	278723	378830	440261	385967	639866	428142	697919	665036	751982	894475	770959	1149817	946978	1130803	1294923	1239751	1345834	1716998	1787786	2035382	2241210	3179265	3250402	5306190	12668337	40363209	5253446	0	0	0	0.3727
5	24096992	21481348	21071054	25734077	3060	3060	0	0	0	30292	89531	110968	122037	146807	161662	263664	319117	295982	391351	454348	398284	648437	447772	704707	680857	750806	907711	776194	1146945	957582	1126676	1301762	1235962	1349379	1710823	1782804	2031136	2240355	3145145	3262581	5320844	12618736	40168357	5283857	0	0	0	0.3995
6	23533558	21900980	20883626	26060755	7612	7612	0	0	0	28454	88773	110367	120848	144642	160893	260723	312263	295181	383022	448171	400341	634085	451909	692407	675626	743714	899014	774225	1131593	953984	1124423	1290266	1227941	1357698	1702348	1779748	2028774	2247230	3130446	3280330	5350703	12627677	39986192	5534908	0	0	0	0.4000
7	24149091	21256723	21649059	25265715	65943	65943	0	0	0	27470	88295	110190	121256	145748	160341	260946	318245	291433	390936	454076	396340	653124	441451	707640	676858	754027	903996	776855	1152349	954346	1129416	1297266	1237355	1349222	1715020	1782066	2029981	2236124	3155848	3255130	5312715	12630702	40143941	5259880	0	0	0	0.4644
8	23302510	22031196	20404910	26646597	1318	1318	0	0	0	35727	102714	123470	133024	157854	170399	272838	329224	303076	398504	462484	406903	654792	455141	713775	687895	755661	913255	780225	1148006	965204	1123520	1299221	1237763	1347374	1708897	1781570	2027414	2236687	3133733	3276357	5329271	12642916	39888114	5382205	0	0	0	0.4174
9	23143302	21855169	20652645	26729056	6359	6359	0	0	0	23990	85759	107670	118013	142630	157929	259272	314198	291704	387545	447755	401530	636217	451826	696430	676298	743268	894444	774910	1123886	953048	1119195	1280848	1225876	1354262	1697626	1768414	2027777	2255921	3130160	3309002	5378272	12668738	39495559	5980200	0	0	0	0.3936
10	23472510	21734112	21062153	26115349	2407	2407	0	0	0	37068	107810	130194	138591	164112	176748	280781	336319	304102	408657	468054	411986	662434	454312	720549	693111	751554	911423	779891	1148893	970129	1116645	1297552	1245386	1337155	1705690	1776070	2022341	2238827	3135919	3281514	5325814	12633840	39719222	5491431	0	0	0	0.4286
11	23586481	21669287	21000292	26129128	1343	1343	0	0	0	35621	108819	130844	140616	166914	180612	287722	343553	315176	415451	476292	420903	668156	468367	724879	702992	760729	922446	793556	1153459	977840	1132424	1306814	1249194	1358705	1711883	1782892	2038302	2254514	3135231	3303561	5349268	12639831	39385958	5541664	0	0	0	0.4331
12	23476423	21930152	20996097	25981626	2233	2233	0	0	0	38380	116550	139268	148462	174523	187505	293777	351439	320057	421029	481843	427983	670618	473932	728810	705258	761867	925170	793363	1150031	980583	1129505	1303792	1248567	1356282	1710321	1782236	2037314	2258396	3128613	3316485	5365230	12631327	39156986	5668796	0	0	0	0.4469
13	23623274	21841840	21073087	25841990	6340	6340	0	0	0	42272	123476	145305	154496	179372	192068	298515	354059	323346	423182	484597	430597	669650	478554	726160	707676	760575	923794	794447	1147305	982636	1127357	1304505	1248605	1359597	1711114	1780733	2041488	2265420	3125516	3334971	5395909	12628626	38929064	5785204	0	0	0	0.4611
14	23578045	21834140	21037664	25935676	1006	1006	0	0	0	40305	123625	146068	155079	180923	193760	302465	359594	328927	430182	489328	436996	675267	485744	738025	715489	767218	930925	801714	1154548	992730	1136553	1310423	1255619	1364122	1717624	1789019	2048359	2276406	3127955	3353156	5418653	12626126	38670746	5841852	0	0	0	0.4584
15	23400743	22016009	21074630	25828669	66480	66480	0	0	0	54299	143249	165128	172452	198042	208476	316995	375373	338822	441411	500511	446631	684817	493400	741518	720915	767329	933919	804925	1150517	996704	1133294	1309247	1255466	1367344	1712991	1784050	2049867	2281249	3120894	3358071	5406957	12589750	38350893	5944545	0	0	0	0.5614
16	23420511	21945687	21105949	25641490	272894	272894	0	0	0	62880	188592	214459	222054	250962	260137	301826	356768	323395	424425	479874	432705	662547	481156	721815	708572	750325	917974	792718	1134739	986537	1118225	1295925	1249320	1355301	1702506	1773212	2034380	2272595	3102970	3354795	5398517	12563977	38224587	5992867	0	0	0	0.8356
17	23417971	21958603	21147740	25741423	120794	120794	0	0	0	75500	203318	230199	237178	266379	275868	318998	373826	339308	439602	495734	449267	676599	499508	736947	725480	761795	930876	806141	1144865	1002661	1130594	1309636	1261566	1370144	1715460	1788866	2056970	2293000	3113452	3398802	5460933	12554534	37745465	6076266	0	0	0	0.7022
18	23228020	22241842	21155872	25736816	23981	23981	0	0	0	86929	209587	236179	240562	269312	276280	319701	374056	339249	440623	494686	446411	673338	495920	732931	722374	755964	922443	803416	1136341	997535	1122844	1302954	1258682	1364501	1708140	1778438	2052197	2290953	3108243	3396185	5445569	12560339	37786664	6213004	0	0	0	0.6068
19	23331608	22163932	21292572	25589015	9404	9404	0	0	0	73479	210836	237031	242629	271141	278216	320953	376047	342859	442566	496468	451598	672329	501806	735237	725818	758810	930256	806830	1137010	1003903	1127278	1307008	1263453	1374478	1713883	1784154	2063962	2307296	3115980	3415403	5474658	12550790	37583806	6279156	0	0	0	0.5882
20	23374709	22070643	21244296	25633854	63029	63029	0	0	0	77016	220209	244925	250080	279100	286940	329536	384145	350334	450636	505825	461682	682657	512922	745836	738073	766567	937641	816120	1145818	1016580	1135966	1316539	1272543	1384113	1723203	1794872	2071418	2323082	3119609	3449812	5511894	12533939	37165994	6317876	0	0	0	0.6619
21	23290153	22239310	21298068	25551536	7464	7464	0	0	0	95172	249946	272685	273169	300144	303556	346819	399507	362383	462463	516023	473446	686555	526732	749645	744894	772251	945349	826828	1146105	1027168	1142231	1321618	1283289	1396876	1732260	1809306	2091058	2349372	3130209	3495102	5576131	12510648	36655443	6404684	0	0	0	0.6446
22	23382706	22158512	21425293	25410642	9378	9378	0	0	0	99816	261740	284257	284565	312588	310785	356407	414625	367747	474711	528538	478834	703010	525578	765639	755085	774699	953218	826129	1155944	1037319	1137932	1328224	1294378	1392335	1737775	1815341	2096308	2356035	3145529	3513094	5588278	12502163	36429806	6368721	0	0	0	0.6665
23	23406441	22058326	21420193	25496538	5033	5033	0	0	0	105996	279233	302101	299827	327213	326948	371057	426009	382164	486314	539106	492136	709297	540590	770980	764231	784993	960522	839831	1157801	1045019	1151145	1333870	1297688	1408766	1748529	1820848	2112035	2374228	3145925	3530177	5604749	12459561	36055894	6426715	0	0	0	0.6895
24	23189209	22194088	21414698	25437586	150950	150950	0	0	0	155150	302384	324760	316497	343148	337291	385548	440074	387622	500933	551008	497203	723561	543353	785533	774523	787159	967805	843321	1169749	1053947	1150443	1343188	1310241	1407804	1753917	1830490	2117494	2383948	3159018	3557272	5630434	12400060	35641497	6359206	0	0	0	0.8961
25	23340165	22201655	21542749	25275313	26649	26649	0	0	0	112023	292969	314273	310323	336839	333436	379534	435659	387471	493500	545323	498941	715130	547706	778437	770318	786670	963548	846495	1159457	1054103	1151156	1339266	1304255	1416448	1750512	1823454	2116502	2387823	3147447	3543804	5621320	12439506	35718184	6538050	0	0	0	0.7320
26	23298565	22088818	21501259	25301486	196403	196403	0	0	0	115450	308796	327327	320670	346553	342380	386688	441401	392542	497171	550365	501178	717996	548801	778237	773167	784659	964611	845820	1158590	1052743	1150708	1336030	1306306	1412464	1750184	1821255	2117835	2389766	3142875	3553376	5624008	12398899	35463920	6567357	0	0	0	0.9334
27	23170006	22289833	21507433	25334033	85226	85226	0	0	0	120475	318036	336866	331079	357282	350597	397619	451975	401713	512173	563509	513174	733255	561631	794243	790494	797662	979730	861222	1176806	1073205	1163475	1353625	1324716	1428477	1770986	1845713	2143720	2421975	3181433	3605193	5675640	12381255	35064729	6517622	0	0	0	0.8327
28	23268131	22290539	21632631	25192244	2986	2986	0	0	0	128244	342108	362246	352474	377966	367571	415879	475486	416193	530515	582745	527740	753151	573927	816293	808391	809741	995603	872102	1192417	1094967	1173914	1374342	1349558	1442577	1794533	1870746	2170797	2454110	3210629	3652614	5720837	12330462	34612375	6430292	0	0	0	0.7821
29	23273980	22183423	21576779	25290228	62121	62121	0	0	0	140170	362357	379225	366704	391537	377388	427120	484368	420513	538086	589020	533123	757032	577315	819306	810164	810204	996417	873031	1192435	1096123	1174889	1370291	1348588	1447777	1794409	1869663	2174010	2458833	3204277	3653742	5723551	12303658	34366080	6493004	0	0	0	0.8729
30	23162641	22343121	21599978	25245154	35637	35637	0	0	0	146046	375946	392072	378464	401998	389029	436086	493011	431561	547391	597638	543845	761966	588809	825742	817619	815732	1005491	883718	1196408	1107059	1184478	1379491	1358927	1458482	1801771	1876512	2184536	2474539	3208518	3673035	5737778	12277231	34065679	6534286	0	0	0	0.8655
31	23257767	22309164	21711182	25087062	21356	21356	0	0	0	153962	392966	403332	386824	406611	393834	439662	494556	437397	547028	597415	550204	756946	598220	823376	820436	819945	1002932	891229	1189664	1109086	1190865	1378322	1360324	1471260	1803234	1879385	2191362	2486796	3208916	3686272	5752859	12254934	33881805	6603216	0	0	0	0.8669
32	23303459	22207263	21675739	25186032	14038	14038	0	0	0	157818	409007	421745	403003	421856	405699	454171	509854	447590	560292	610646	561005	773343	607318	841576	834966	831316	1019944	900805	1207603	1127187	1200795	1397358	1380034	1483864	1823454	1900052	2212452	2512756	3231581	3716938	5779881	12209569	33489556	6527459	0	0	0	0.8859
33	23177824	22376250	21693890	25092616	45951	45951	0	0	0	160343	415624	425125	406646	427506	409361	457161	512251	448262	562619	612686	561277	772050	606149	839473	831993	828280	1015501	899835	1200494	1121310	1197514	1390001	1372033	1476292	1813746	1890245	2202304	2505436	3218858	3707217	5767324	12207687	33456101	6621876	0	0	0	0.9274
34	23267419	22345760	21818870	24946557	7925	7925	0	0	0	172909	447648	458285	432524	451485	430203	477919	535571	466481	581980	631499	579356	789259	621973	855571	848403	842251	1029509	917254	1215110	1138621	1209869	1405524	1386527	1494979	1833458	1904618	2223583	2526502	3235080	3731742	5783981	12154514	33008030	6556388	0	0	0	0.9341
35	23166544	22254652	21739953	24978636	246746	246746	0	0	0	191893	478039	485522	455366	473382	445631	495181	553774	476565	599272	649510	587226	807771	629448	873072	865722	851069	1047274	927660	1234415	1159897	1218420	1426312	1418223	1513057	1860293	1938728	2260214	2565693	3277234	3788947	5834159	12047136	32309942	6393738	0	0	0	1.2374
36	23108218	22436449	21787845	25019660	34359	34359	0	0	0	183278	474164	481796	452776	466790	442615	491155	546986	477765	590856	640545	589056	795126	632861	860053	856857	845641	1034961	924369	1215251	1150871	1215908	1411565	1400842	1505449	1842013	1916316	2235240	2544174	3244621	3760439	5811513	12101933	32611643	6596744	0	0	0	0.9966
37	23199159	22414356	21874241	24891777	6998	6998	0	0	0	189980	490297	496725	466064	479146	454048	500894	556923	482225	600403	650214	597195	806211	639753	873467	865977	852066	1044745	932956	1227000	1163078	1225690	1422560	1414243	1520155	1854886	1932099	2255315	2572805	3263584	3784729	5830297	12064485	32290493	6578825	0	0	0	0.9907
38	23183862	22338998	21857707	24999064	6900	6900	0	0	0	196055	514173	518773	484895	496399	467468	514176	571189	495151	613542	660872	607384	818055	649125	882202	877281	864321	1056331	944034	1236707	1176606	1230411	1434305	1430113	1532001	1871980	1950600	2274072	2595890	3284764	3812980	5859558	12004236	31932597	6521385	0	0	0	1.0227
39	22996465	22477233	21870969	24936110	105754	105754	0	0	0	223830	563341	564087	519638	530055	493048	543590	598194	516980	638791	687234	627018	840376	669145	904483	898920	879442	1074532	963109	1255172	1197715	1249221	1452565	1447975	1547425	1889847	1968618	2295683	2612322	3294728	3833879	5857176	11901769	31339155	6401714	0	0	0	1.2002
40	23134805	22433853	21947437	24860146	10290	10290	0	0	0	209432	551568	556470	514949	525373	486986	539093	595344	510270	634659	681816	624549	835189	665141	902044	896623	874225	1070349	958030	1252103	1198172	1245194	1452119	1451255	1547413	1891915	1970872	2298355	2624060	3303774	3851183	5871182	11925733	31383089	6477712	0	0	0	1.0798
41	23139333	22356872	21924645	24956594	9087	9087	0	0	0	211128	564067	565778	523667	531381	496970	542314	595314	519383	634383	682115	630517	831324	674518	896728	894370	877339	1069810	966141	1243412	1198568	1250825	1445809	1445587	1555203	1888286	1962354	2295988	2623702	3289997	3840223	5874340	11905290	31298571	6552042	0	0	0	1.0914
42	23031588	22503607	21917009	24927939	6388	6388	0	0	0	200996	556388	558674	518789	526356	490742	534392	589569	514378	626338	674096	624156	821282	666650	884620	884653	867423	1055000	954089	1229488	1184323	1237789	1431807	1432752	1536862	1866703	1944100	2276073	2601570	3265312	3819420	5849202	11917306	31514006	6724839	0	0	0	1.0727
43	22980646	22455245	22068286	24740605	141749	141749	0	0	0	256528	665072	668795	606311	609855	554625	607759	664362	564696	696418	744525	675673	895445	711319	960838	945826	916301	1124871	1008684	1303107	1259954	1284562	1506258	1509543	1599762	1951198	2030951	2358022	2683901	3350997	3899777	5880143	11641553	29929040	6178111	0	0	0	1.3865
44	22905168	22362329	22000734	24790325	327975	327975	0	0	0	272209	700420	699446	632323	632297	575760	628086	683631	581415	711516	760169	687307	910070	724253	972965	960068	928413	1134868	1020051	1314085	1268280	1294828	1516747	1520720	1608895	1961265	2042002	2371143	2706736	3364516	3920913	5896462	11558710	29404755	6093232	0	0	0	1.6360
45	22886909	22592719	22057430	24835655	13818	13818	0	0	0	255992	678654	674005	612639	612162	560192	609663	664966	567993	693958	742723	677661	887948	715929	951965	946361	917670	1116755	1009907	1290022	1252593	1287136	1495122	1501403	1601549	1940942	2020636	2354197	2695209	3347845	3916531	5918855	11653030	29851433	6349067	0	0	0	1.2563
46	22952962	22546687	22113126	24763485	10271	10271	0	0	0	246119	670104	668914	609499	606950	558098	603902	657263	564716	687357	735134	674341	878711	710803	942858	936672	908600	1105720	1003522	1278760	1245749	1279856	1483915	1496404	1593991	1933210	2012553	2348774	2690551	3334289	3912508	5914984	11670301	29936465	6474667	0	0	0	1.2387
47	22930845	22501984	22133443	24805593	14666	14666	0	0	0	277521	745217	743554	669863	663864	603748	653459	707213	602849	733210	783389	712678	925765	748280	990180	982313	948397	1153205	1045976	1325499	1296411	1320635	1538460	1547565	1641419	1985636	2066230	2400147	2742258	3380024	3951352	5913471	11483795	28933430	6154852	0	0	0	1.3557
48	22700043	22704044	22243856	24705512	33076	33076	0	0	0	340079	847026	848351	750628	740897	660772	717859	773371	649555	793669	840698	757504	989006	787287	1051154	1033400	992298	1210117	1089869	1383818	1353700	1356018	1592724	1600747	1684396	2041597	2129326	2450230	2788963	3423840	3985274	5888390	11240532	27828741	5731619	0	0	0	1.5339
49	22861983	22607644	22207273	24694159	15472	15472	0	0	0	276121	771403	760339	686859	675218	619202	663003	713360	616398	732243	779728	725164	916815	761161	980402	976044	950741	1142382	1052083	1307908	1291799	1322979	1522009	1538697	1645054	1976084	2055830	2397312	2748896	3366108	3956947	5923391	11454848	28826561	6237970	0	0	0	1.3795
50	22099258	22851686	23556494	23826067	53026	53026	0	0	0	447027	1639447	1874667	1652589	1583118	1378034	1477981	1542853	1282631	1502003	1590530	1376321	1741658	1399252	1793794	1641240	1599756	1890282	1695191	2014494	2041971	1850989	2164405	2145092	2133643	2443763	2505477	2639798	2860750	3271914	3488743	4552183	8378839	17889020	2844050	0	0	0	2.9524
