#Name	E:\SaveData\2016-10-18_10_33_15_1001160101_R0036_A_CL100007977_BGI12297_WESPE_result\\CL100007977\L01\CL100007977_L01_7_1.fq
#PhredQual	33
#ReadNum	94921193
#row_readLen	50
#col	48
#BaseNum	4746059650
#N_Count	3148841	0.066346
#GC%	46.49
#Q10%	99.10
#Q20%	96.58
#Q30%	88.75
#EstErr%	0.396335
#Pos	A	C	G	T	N	0	1	2	3	4	5	6	7	8	9	10	11	12	13	14	15	16	17	18	19	20	21	22	23	24	25	26	27	28	29	30	31	32	33	34	35	36	37	38	39	40	41	Err%
1	30994993	21672556	22674666	19576470	2508	2508	0	0	0	7228	25045	39374	33610	33268	31503	35393	37629	37053	43986	50222	52979	70927	73947	87185	101565	171577	209612	226953	282346	366385	422976	500982	642284	664836	945823	1021270	1261602	1261061	1335092	1170660	2171322	7555704	63860215	10087071	0	0	0	0.0995
2	27331002	18353274	23883262	25303123	50532	50532	0	0	0	7147	30263	38871	35542	34772	34765	37710	41436	43330	51528	60174	66609	89519	92738	109248	137066	214058	262931	283930	354969	444751	504233	588564	709243	727811	993383	1069109	1310657	1400477	1647459	1590929	2901951	9124375	60810655	9020458	0	0	0	0.1599
3	26203994	21673216	21062920	25978882	2181	2181	0	0	0	3058	18507	27087	25777	26876	27837	31387	35056	38102	45741	53680	61347	82527	87507	101541	130046	208071	255870	280623	348494	442677	502526	583008	708986	728615	987083	1063869	1303270	1401161	1639064	1605446	2911220	9134900	60599223	9418830	0	0	0	0.0929
4	26542721	21456075	21344182	25573440	4775	4775	0	0	0	2960	18333	26223	25100	26305	27550	31030	34981	37547	45121	52901	59888	80965	86288	100234	129208	207853	255792	281584	348576	443695	501254	582020	706560	728040	982782	1058491	1295135	1402847	1649447	1643163	2964090	9243444	60262402	9574609	0	0	0	0.0948
5	26373522	21160192	21894364	25365476	127639	127639	0	0	0	1352	19304	26150	24983	25585	27085	30211	33805	36702	44543	52704	60928	81451	86547	100371	131035	209768	258525	284529	352148	447880	505307	588647	707797	730907	983598	1061704	1297489	1415012	1680702	1697803	3061479	9432444	59791963	9503096	0	0	0	0.2236
6	25991128	21633210	21572393	25686173	38289	38289	0	0	0	3407	17920	24774	23573	24961	26580	30155	34816	37118	45275	53863	62328	83804	88537	103588	136235	213515	264510	290340	360370	452684	513814	595726	713739	737476	988016	1065913	1303511	1427657	1715699	1753102	3158154	9613898	59478805	9439041	0	0	0	0.1298
7	26507607	21126812	22083211	25172845	30718	30718	0	0	0	2716	20533	27469	26960	27853	29415	33207	37698	40920	49119	57927	66589	89905	94164	109848	143669	221161	272889	299185	369958	461686	520245	601703	716748	745164	988993	1068942	1307153	1450987	1757819	1829728	3283238	9818107	58737875	9580902	0	0	0	0.1269
8	25894770	21792412	21120388	26111926	1697	1697	0	0	0	765	16126	23723	23830	25063	26933	30836	35107	38487	47293	55579	64525	87514	92498	107149	141572	219557	271030	296621	367761	458700	519768	599048	712300	739473	980917	1060516	1298167	1444711	1762384	1842188	3315036	9922668	58745723	9545928	0	0	0	0.0905
9	25801176	21530352	21447286	26141555	824	824	0	0	0	1635	18208	25343	24837	26329	28030	31762	36360	39527	48512	57102	66215	89922	94743	109816	145949	225200	277498	303328	374284	465983	525216	606478	714889	744778	988128	1066827	1308940	1463536	1795534	1889413	3395558	10081406	58388087	9460996	0	0	0	0.0926
10	26152493	21340362	21787173	25632559	8606	8606	0	0	0	2951	22614	29042	28399	29545	31344	35534	40622	42736	52607	61712	71126	95633	99627	115996	152363	229960	284816	308744	384720	470716	530079	612562	716500	749867	988562	1068745	1308254	1473257	1826501	1945279	3492191	10254476	57779729	9575778	0	0	0	0.1078
11	26074170	21229023	21718344	25531325	368331	368331	0	0	0	5638	22350	30716	30183	31922	34025	38868	44099	47051	58066	67951	77446	103918	106906	125473	163486	240364	297530	318306	396624	479311	540762	624110	722092	759838	993394	1077049	1317492	1492419	1863934	2009757	3593546	10411349	56889039	9537848	0	0	0	0.4922
12	26017186	21453908	21748946	25437470	263683	263683	0	0	0	3185	25055	31799	30844	32664	33875	38629	44302	46461	57582	67099	76948	104815	107116	126007	164672	243424	301769	321321	401433	484660	545580	630017	725068	763077	998602	1080091	1321335	1500825	1883089	2031674	3637231	10498374	56826069	9472818	0	0	0	0.3825
13	26254368	21412960	21877935	25374615	1315	1315	0	0	0	3242	28108	36817	35280	36765	38546	43799	49312	51529	63500	73526	82669	111639	113483	133965	172859	249179	308933	328689	410197	491766	550283	634339	728205	767891	1003901	1082777	1326748	1516535	1913129	2095103	3749138	10681101	56354564	9652361	0	0	0	0.1137
14	26096250	21408951	21834915	25448272	132805	132805	0	0	0	4119	25796	34901	34686	37347	39723	45167	51979	54821	67291	78116	88904	119290	120634	142180	182658	260842	321487	338968	424061	500532	562975	647640	734183	780977	1012920	1097547	1342386	1538182	1960220	2170743	3870191	10863169	55562278	9671475	0	0	0	0.2538
15	25930534	21505830	21796739	25248242	439848	439848	0	0	0	13015	46526	51996	49260	50583	51162	56563	62866	63309	76730	87060	95401	127751	126969	150617	190157	266496	328537	344195	431085	505342	564084	652088	734625	781955	1013714	1097500	1339851	1539135	1967478	2197620	3909786	10911329	54911586	9684974	0	0	0	0.6037
16	26041903	21533521	21996071	25309231	40467	40467	0	0	0	5482	38796	51519	50585	53673	56665	63942	72578	75369	91562	104651	116025	153564	152829	183602	223098	264257	326679	343997	429297	503259	564624	650227	735342	787559	1013627	1097036	1350005	1561184	2000748	2254098	4006361	11087180	54634872	9776434	0	0	0	0.1855
17	25994854	21543857	22056141	25323751	2590	2590	0	0	0	5620	38942	52054	51750	54116	56836	64199	73284	75821	92452	106233	116703	155669	154218	184382	224816	265859	330030	346294	432082	506382	566936	651882	735043	786129	1012819	1097932	1347918	1557707	2005263	2263945	4033096	11155130	54568062	9748999	0	0	0	0.1467
18	25806239	21735030	22037964	25233991	107969	107969	0	0	0	7273	43121	56088	55671	58256	60807	68798	78487	80700	98047	111990	122861	162655	159627	192519	232141	272450	337683	352224	439822	511002	573997	659560	737449	795527	1019005	1107643	1361236	1580070	2032315	2312895	4105527	11270525	53946152	9809101	0	0	0	0.2657
19	25899928	21634108	22203616	25147279	36262	36262	0	0	0	9788	47160	60833	59084	61641	63770	72039	81137	83247	101609	116082	126619	167633	164154	197972	237640	277538	344950	357366	447468	516180	579517	665868	744321	799370	1025343	1113153	1368192	1594159	2055729	2349815	4163594	11368426	53686603	9776931	0	0	0	0.1974
20	25905882	21624416	22172971	25189924	28000	28000	0	0	0	11247	51144	64916	64334	67060	69919	78645	88628	89916	110135	125477	135332	180073	174783	210791	252480	293561	360647	372565	469227	533728	596810	683842	758848	819380	1048356	1134332	1393035	1623163	2109076	2426220	4286373	11511131	52968600	9729419	0	0	0	0.1993
21	25834192	21788306	22213712	25081596	3387	3387	0	0	0	12667	56199	69244	67090	70078	72052	81364	90602	92778	112315	127614	137318	182730	177457	213521	254714	292450	362613	374919	469802	532702	596864	687621	757147	822855	1046724	1135288	1401099	1637100	2126231	2464401	4349485	11622088	52539576	9881098	0	0	0	0.1793
22	25926842	21706431	22329553	24955413	2954	2954	0	0	0	13185	58385	71726	70368	74324	76713	86948	98268	98487	119674	136953	146976	193655	187154	226300	268695	306571	378202	388602	487066	547670	614389	704447	771923	841574	1065024	1158155	1426068	1669983	2174894	2535891	4460312	11746727	51863372	9849558	0	0	0	0.1868
23	25962394	21650227	22303229	24999178	6165	6165	0	0	0	16220	66397	81454	79423	83118	85313	95727	107850	108159	131745	148654	158912	209146	199858	243613	285691	322249	397631	404134	508353	566257	632609	726041	791930	867114	1094676	1187329	1460648	1715731	2231544	2628069	4595323	11890251	50991582	9802277	0	0	0	0.2072
24	25777139	21841573	22324486	24919863	58132	58132	0	0	0	16312	66780	81144	79106	83670	86107	96588	109619	109355	134212	150723	160784	212745	201819	247851	289992	327127	403348	409356	516164	570342	637856	732228	796735	870085	1100114	1192337	1466243	1722376	2250549	2652972	4636270	11957255	50751101	9743796	0	0	0	0.2633
25	25885832	21788251	22420917	24824897	1296	1296	0	0	0	19063	72501	85847	83865	88521	91329	102074	116124	113970	139428	157579	165940	219086	208419	254875	297982	333800	411542	417498	524069	579153	645735	741158	803342	885911	1113260	1206180	1486532	1747812	2276746	2692132	4690512	12036551	50317620	9793741	0	0	0	0.2133
26	25860005	21724718	22409223	24859888	67359	67359	0	0	0	22632	81687	97539	93655	97485	98629	110606	124519	121790	149040	167787	175618	232667	219106	268223	309499	345979	426540	429087	540949	592638	658052	758093	815396	900615	1129697	1225529	1506223	1778128	2318371	2755548	4773896	12115075	49665717	9747819	0	0	0	0.3001
27	25716232	21926491	22428213	24847324	2933	2933	0	0	0	24440	87384	101666	98718	103873	105842	117817	132711	130683	159897	178440	187754	246971	231945	286144	328471	363284	448016	448738	564046	613741	682605	786328	842101	933982	1167749	1264420	1554727	1835083	2390082	2869655	4947815	12276076	48736118	9670938	0	0	0	0.2448
28	25774391	21821999	22460726	24675982	188095	188095	0	0	0	32045	104736	116670	112092	116798	116057	130255	145847	141226	172544	193360	198595	263919	242646	302099	344225	380656	467064	464626	587376	632696	699187	807714	861043	949714	1193840	1292345	1583131	1869437	2444446	2932999	5038853	12309911	47987174	9497772	0	0	0	0.4659
29	25790219	21771278	22496957	24791915	70824	70824	0	0	0	31082	101704	115004	111403	116687	117359	132275	148576	144366	175076	195860	204205	267854	250196	308289	351537	384285	471956	472116	593041	637510	708412	815294	867567	963437	1203291	1298923	1599602	1887875	2459107	2954374	5065271	12410412	47628451	9657972	0	0	0	0.3424
30	25700445	21933921	22520000	24764367	2460	2460	0	0	0	34171	107466	120556	115541	121680	122222	138393	154507	149027	181333	202003	211049	276257	255841	317067	361267	391663	481804	479610	604688	647792	718551	825764	878057	977946	1218759	1313215	1618235	1915986	2491232	2997654	5122306	12469599	47233586	9663906	0	0	0	0.2808
31	25797876	21849953	22633245	24627174	12945	12945	0	0	0	37874	118868	131352	125882	131769	132269	147609	165576	158031	192944	215061	220902	291695	267685	334515	376294	408081	501871	494122	626545	666250	736000	848295	899927	998916	1243378	1345871	1649355	1951074	2541461	3066156	5208579	12536456	46641101	9496484	0	0	0	0.3112
32	25786492	21817731	22597176	24716846	2948	2948	0	0	0	41819	126682	139876	133626	139567	139140	156025	174786	167277	204293	227306	233709	306037	280702	350648	393568	424918	518985	512303	647790	686254	757809	870766	923140	1028439	1276183	1374880	1690313	1997014	2594823	3144339	5319363	12613538	45905399	9416928	0	0	0	0.3170
33	25667404	21972122	22617589	24661574	2504	2504	0	0	0	42926	130413	143029	137438	142823	142567	158991	178009	169864	207658	229898	236889	309758	284277	355215	397782	426102	521448	514815	651628	687909	761694	873717	924106	1030036	1278657	1378496	1693192	2002522	2602185	3155633	5326586	12644676	45695298	9482452	0	0	0	0.3224
34	25737349	21915070	22719630	24547522	1622	1622	0	0	0	49655	143928	154239	148058	153432	152251	170249	190921	181753	221500	243920	250445	326585	299053	373512	415416	442844	543996	535468	674663	710940	784577	900786	948183	1062210	1312756	1411267	1736710	2057695	2661931	3231849	5438081	12706155	44878418	9406125	0	0	0	0.3442
35	25642474	21890315	22654096	24614757	119551	119551	0	0	0	56514	162735	172887	165078	171623	168696	187586	209284	197587	240988	266376	269368	351816	318615	400483	441955	469095	574244	561324	710157	743161	816688	939935	985285	1102080	1361119	1467395	1797311	2125797	2747243	3348400	5582923	12743482	43821784	9122628	0	0	0	0.5017
36	25530314	22031472	22698491	24569097	91819	91819	0	0	0	62665	180703	192091	182521	187987	185181	205459	228759	214653	260848	288022	289931	377587	340616	427879	467752	496095	605423	590045	745657	775599	847499	977465	1021152	1143004	1410240	1513860	1850738	2185972	2821038	3438485	5688638	12780728	42914018	8931064	0	0	0	0.5055
37	25556548	21973669	22771373	24428072	191531	191531	0	0	0	71955	201378	210092	198695	204556	199969	220653	244709	228693	276841	303976	307986	397214	356831	450655	490477	515383	629196	613341	771160	798643	874453	1005649	1051136	1177120	1446376	1549951	1895893	2240500	2870751	3505675	5769237	12779881	42069360	8801277	0	0	0	0.6429
38	25559288	21935007	22753145	24540916	132837	132837	0	0	0	71116	201675	209563	198495	204681	200808	221391	247182	230419	279874	307570	308589	402035	361339	454855	496645	518005	632917	614720	774678	800554	878293	1007920	1051914	1178354	1447472	1549289	1894272	2241195	2871854	3508181	5775409	12817942	41953073	8876077	0	0	0	0.5819
39	25436518	22068614	22757993	24479775	178293	178293	0	0	0	80274	221442	229641	216065	222218	215715	238358	266252	246124	299437	329698	328775	426222	380740	480136	520564	541979	661085	639376	806618	833483	906940	1044526	1088834	1218727	1492941	1601118	1950622	2302973	2946979	3597162	5873728	12836974	41069314	8627860	0	0	0	0.6644
40	25553824	22018064	22909557	24436836	2912	2912	0	0	0	86774	234448	240329	225996	232413	223861	247507	275084	253069	308415	337506	336446	435014	387887	490277	529701	549857	670601	648231	814182	840220	915938	1051228	1094095	1222543	1500063	1602730	1954893	2306204	2953785	3603765	5883407	12853237	40873367	8735208	0	0	0	0.4986
41	25529308	22014945	22875104	24483437	18399	18399	0	0	0	97251	260767	266916	249685	256532	246289	271631	301456	275621	334637	365596	361944	469244	414524	528215	564655	582196	709260	683649	861649	882013	956965	1104279	1147098	1277223	1562904	1674113	2032533	2392000	3048123	3713205	6006613	12848502	39800358	8355148	0	0	0	0.5613
42	25414495	22155091	22910183	24436352	5072	5072	0	0	0	109475	290752	295532	274887	279105	267327	292362	323432	293661	356914	388973	383523	494755	435422	553005	588297	604701	736430	706266	891561	910354	982747	1132867	1174712	1307288	1597407	1706579	2070044	2434459	3089524	3762873	6052985	12804460	39093668	8229774	0	0	0	0.5929
43	25451864	22092765	22970905	24385475	20184	20184	0	0	0	112696	300720	302809	280510	286134	273312	298588	331567	301326	363732	395914	391735	500499	443234	562188	598347	613221	745798	717889	897953	920602	994356	1140124	1184167	1320438	1607588	1710096	2081562	2448731	3096584	3779222	6069060	12819302	38712960	8298045	0	0	0	0.6224
44	25399897	22039140	22928101	24442679	111376	111376	0	0	0	120491	319872	318775	296525	300723	286127	314172	345283	314282	378858	411860	405516	519864	458421	580769	616308	629504	762890	735420	918529	939883	1012262	1163823	1205765	1341796	1633366	1738694	2106798	2481674	3132672	3823823	6108331	12800837	38095028	8190876	0	0	0	0.7476
45	25311542	22233081	22975993	24394521	6056	6056	0	0	0	128584	346021	346380	318334	322108	305358	333167	365990	330407	399451	431283	424116	539715	477736	605178	638650	650096	789378	758704	944396	966468	1037885	1189779	1234231	1371986	1668169	1775019	2146568	2522142	3170705	3871259	6158491	12777602	37490275	8079506	0	0	0	0.6769
46	25362380	22168166	23036202	24292466	61979	61979	0	0	0	133255	354911	354174	326163	328600	310911	340040	373152	335168	405828	438265	429377	548937	481511	612669	646268	654742	795456	761725	955221	970859	1041132	1197575	1237801	1375629	1675322	1772741	2150066	2525612	3185091	3874978	6159993	12759754	37253350	8092938	0	0	0	0.7495
47	25370896	22125533	23037081	24380210	7473	7473	0	0	0	140500	375744	372151	340763	343363	322706	353265	385631	345548	416758	450135	439950	560368	493035	623279	658167	666991	807780	776255	961960	984858	1056611	1211000	1253212	1391888	1689037	1791385	2167785	2549143	3197833	3903290	6183856	12757835	36832333	8109305	0	0	0	0.7199
48	25200949	22317603	23072327	24314378	15936	15936	0	0	0	159181	427295	422171	384315	384076	361218	391615	427642	380856	456768	492705	481199	607186	531998	673389	703052	710971	859073	820099	1017775	1037670	1107010	1270439	1310358	1453671	1755882	1861413	2240927	2622811	3273930	3977067	6243813	12638147	35695310	7724225	0	0	0	0.8090
49	25285802	22234980	23196418	24196647	7346	7346	0	0	0	172191	467567	462154	419597	417243	390108	420748	457225	407367	487125	525090	508466	640025	559456	708290	736859	741549	894414	856412	1058018	1078550	1142699	1311632	1353836	1492026	1802832	1908699	2285743	2675226	3323249	4022547	6258523	12548877	34994060	7385444	0	0	0	0.8615
50	24228635	22648906	24018509	23959729	65414	65414	0	0	0	297673	1100334	1244452	1109605	1076799	958939	1035199	1096130	943285	1111403	1195806	1077863	1374920	1141157	1463915	1389855	1401418	1666604	1554356	1858955	1939303	1829436	2144823	2184830	2246243	2598307	2722720	2934250	3239527	3772317	4094512	5458172	9979314	22533252	3080105	0	0	0	2.0428
