#Name	E:\SaveData\2016-10-18_10_33_15_1001160101_R0036_A_CL100007977_BGI12297_WESPE_result\\CL100007977\L01\CL100007977_L01_8_1.fq
#PhredQual	33
#ReadNum	85438784
#row_readLen	50
#col	48
#BaseNum	4271939200
#N_Count	2850262	0.066721
#GC%	46.10
#Q10%	98.98
#Q20%	96.20
#Q30%	87.93
#EstErr%	0.435143
#Pos	A	C	G	T	N	0	1	2	3	4	5	6	7	8	9	10	11	12	13	14	15	16	17	18	19	20	21	22	23	24	25	26	27	28	29	30	31	32	33	34	35	36	37	38	39	40	41	Err%
1	27944126	19447779	19937605	18107074	2200	2200	0	0	0	6640	21926	34387	29555	29090	27905	31201	33040	32778	38419	44789	47224	62639	65947	77839	90603	154302	187477	204355	254989	328803	380074	451620	576224	595080	843613	911797	1122254	1121471	1199125	1065643	1975485	6817454	57389013	9183823	0	0	0	0.0982
2	24674948	16594874	20989843	23133210	45909	45909	0	0	0	6355	27404	35219	31926	31404	31520	34795	37923	40355	47516	55220	61590	82679	85127	99952	126662	196994	242914	261243	327881	407982	462158	536482	647954	661300	902359	966034	1177466	1256806	1483964	1474990	2687355	8187214	54695162	7980970	0	0	0	0.1615
3	23698295	19330693	18712167	23695735	1894	1894	0	0	0	2833	17265	24893	23742	24581	25740	29011	32926	35013	42199	50244	56943	77465	80590	94134	121433	193406	238324	260597	323688	409118	464423	536691	647393	664687	897803	961291	1167905	1255695	1479793	1496246	2706737	8192468	54521557	8280056	0	0	0	0.0948
4	23961420	19175938	18970055	23326972	4399	4399	0	0	0	2734	16918	24674	23554	24291	25860	28903	32647	34981	41927	49654	56730	76357	81376	93529	121454	194102	239588	262204	324393	410192	464888	539774	648208	666612	895682	960091	1167493	1261889	1491857	1537211	2769194	8304815	54187245	8373358	0	0	0	0.0973
5	23824530	18976948	19438563	23083618	115125	115125	0	0	0	1265	18048	24577	23336	24017	25728	28673	32154	34711	41977	49755	57617	77127	81590	95102	123620	197383	243064	266154	329740	415415	470196	544280	652068	671942	896547	965356	1172346	1276973	1526294	1593019	2868761	8473782	53727850	8293192	0	0	0	0.2268
6	23501654	19389722	19149273	23363796	34339	34339	0	0	0	3213	16800	23099	22258	23330	25055	28440	32726	35190	43536	50827	59119	80098	83781	98040	129088	202139	249870	272413	339156	423190	477736	551966	657972	678341	903523	972343	1178923	1292389	1563230	1645510	2961144	8652603	53415405	8211992	0	0	0	0.1327
7	23968141	18949259	19569343	22924586	27455	27455	0	0	0	2648	19311	26285	25425	26596	27948	31299	35547	38489	47561	55394	63415	85903	89799	104715	136288	210236	259007	281378	346858	431298	485316	560713	660552	687443	907083	977646	1186594	1318112	1605631	1726878	3084515	8851422	52682655	8331369	0	0	0	0.1305
8	23391667	19546561	18735651	23763349	1556	1556	0	0	0	794	15591	22528	22564	23909	25483	29400	33662	36767	44874	53206	61707	83544	87981	101849	135176	207508	258232	279298	348094	429483	484804	556285	656694	682237	901485	971182	1179387	1314359	1610491	1738252	3120896	8957652	52661253	8300601	0	0	0	0.0942
9	23306070	19309235	19028264	23794533	682	682	0	0	0	1626	17256	24446	23982	24812	26701	30269	34548	37734	46989	54665	63900	87102	90009	105156	139719	213738	264009	285368	355209	436388	490258	566908	660403	689035	908076	979339	1193118	1333573	1647470	1787062	3202111	9108932	52287475	8220716	0	0	0	0.0966
10	23612671	19156548	19293144	23368840	7581	7581	0	0	0	2818	21273	27762	26985	28353	29639	33976	38668	41131	51219	59551	68339	92357	95439	111179	146198	220616	272515	292713	365062	441123	496904	571581	663543	696370	911062	984065	1196161	1349762	1682899	1839477	3295179	9270873	51702852	8303559	0	0	0	0.1121
11	23556872	19040691	19248662	23263454	329105	329105	0	0	0	5297	21708	29528	29023	30767	32747	37697	42861	45766	55863	65112	75284	101703	103923	121242	157738	231100	285358	302380	377084	452027	507321	584866	670554	706262	919962	993322	1207449	1369384	1721659	1903484	3393575	9423212	50839615	8264806	0	0	0	0.4949
12	23483082	19258608	19272914	23186454	237726	237726	0	0	0	3212	24004	30756	30262	31275	32819	37425	42732	45057	56471	65207	75190	101229	102994	121496	158666	233584	289077	306596	383452	456310	512467	589544	674926	710465	926221	999295	1214348	1378374	1741312	1930285	3438468	9511475	50748433	8197631	0	0	0	0.3888
13	23703229	19216056	19385659	23132667	1173	1173	0	0	0	3229	27295	35110	34272	35593	37581	42547	48236	49831	62244	71699	80519	109031	109455	130308	167899	242022	297431	314197	393584	463065	520427	596230	677250	715529	928577	1003931	1222924	1392619	1770267	1987853	3543530	9680521	50295492	8347313	0	0	0	0.1203
14	23562194	19206334	19347609	23202939	119708	119708	0	0	0	3987	25699	33501	33897	36398	38475	44696	51180	53741	66501	76938	86781	117149	116968	139059	178090	250618	310992	325842	407418	474195	532033	610658	685631	732005	941964	1018910	1241027	1424396	1817838	2061626	3661238	9854068	49511911	8353646	0	0	0	0.2614
15	23402055	19292045	19327449	23022864	394371	394371	0	0	0	12277	44579	49839	47760	48773	49899	55212	61404	62075	75786	85084	93634	125271	123014	146786	185774	257824	318107	331442	415156	479882	535735	615787	688096	734941	944318	1020660	1242797	1427975	1830492	2090924	3701774	9891628	48889174	8360534	0	0	0	0.6106
16	23515730	19321095	19502365	23062628	36966	36966	0	0	0	5929	38925	51300	51188	53230	56115	63506	72033	75019	91063	104985	114381	152769	149954	180463	218361	256114	315758	329790	414009	477736	536944	615118	687893	740229	945957	1025490	1254863	1450404	1862126	2144898	3794263	10050986	48591113	8428906	0	0	0	0.1983
17	23480576	19324526	19565677	23065608	2397	2397	0	0	0	6180	39386	51985	51095	54173	56392	64311	73122	75642	92129	105497	115293	154321	150853	182835	220707	258363	319684	332484	418256	480481	536877	616865	687266	738871	948327	1026563	1254085	1451719	1873364	2157517	3821585	10124901	48499796	8395462	0	0	0	0.1592
18	23282183	19512041	19553579	22993736	97245	97245	0	0	0	7802	43729	55975	55330	58936	61067	69016	78873	80605	98152	112408	122133	162102	158145	189935	229271	265859	329481	339617	424997	486639	544598	627704	692304	748750	953939	1033865	1267798	1473471	1902745	2204063	3887270	10221864	47919294	8433802	0	0	0	0.2797
19	23391696	19428735	19669918	22915571	32864	32864	0	0	0	10627	48132	60107	59144	62252	64235	72788	82169	83075	102162	116190	125649	168231	162375	196047	235291	271644	335300	345249	434436	493386	551092	633723	697246	755298	964120	1043878	1279647	1487133	1926956	2240410	3941859	10317511	47627341	8411217	0	0	0	0.2128
20	23371703	19407103	19666550	22967884	25544	25544	0	0	0	12233	52312	65022	64370	68144	70316	79938	90538	90617	111191	125596	135481	181490	172705	209320	250550	286391	353042	360351	454916	508599	567637	653225	713378	773960	984852	1065635	1302814	1517976	1974633	2309709	4052666	10450823	46941491	8361319	0	0	0	0.2167
21	23309037	19552580	19730589	22843553	3025	3025	0	0	0	13615	57986	69367	68114	71332	73388	82530	92668	93375	113811	129279	138319	184430	176323	213590	253579	288404	356834	363129	455463	510812	571477	655029	713804	782052	987332	1071478	1313056	1534974	1993599	2345211	4107110	10541240	46533180	8479869	0	0	0	0.1979
22	23372704	19493480	19806286	22763584	2730	2730	0	0	0	14500	59831	72803	71791	75631	78188	88193	100723	100039	121903	137852	146934	194708	185553	227524	265845	300526	372623	376687	474657	524579	584802	674111	729794	799660	1008892	1094089	1339908	1571501	2040242	2415776	4211331	10660381	45870155	8444322	0	0	0	0.2069
23	23398156	19443093	19795515	22796414	5606	5606	0	0	0	17675	68987	81993	80386	84769	86627	97937	110600	109222	132668	151013	158881	210729	199279	243519	283851	317205	390271	393850	495277	543361	606637	695673	748837	825774	1037190	1121443	1374581	1612954	2097317	2501873	4332376	10777936	45030127	8412360	0	0	0	0.2296
24	23246541	19607512	19811963	22719835	52933	52933	0	0	0	18051	69565	83283	81260	85773	88211	99159	112111	110680	135792	153783	161569	216127	201466	249374	288992	322908	397482	398016	504837	548980	612898	703250	754263	829506	1043922	1129736	1380979	1621001	2116119	2522332	4367620	10836591	44790057	8350158	0	0	0	0.2879
25	23345079	19574940	19889445	22628132	1188	1188	0	0	0	20888	75871	88395	86432	91346	93574	105198	118549	116959	142212	160735	168085	222373	209084	257363	298048	329855	407161	406311	512195	556838	621143	712943	764071	844820	1057617	1143315	1401886	1648281	2141143	2558226	4419433	10910482	44365879	8380885	0	0	0	0.2393
26	23314303	19530790	19883754	22649611	60326	60326	0	0	0	24295	84925	99357	95257	100387	100443	113233	127583	124402	152498	171138	177068	235974	218983	270298	309896	341586	419545	417587	529707	570306	634576	729013	775609	859531	1075993	1163148	1424481	1673543	2180692	2614402	4494131	10975162	43758460	8335249	0	0	0	0.3269
27	23193151	19688232	19910694	22644035	2672	2672	0	0	0	26879	91306	104151	101287	106579	108448	122047	136876	133344	163006	182751	190537	250783	233185	287986	328026	358370	441299	437957	555293	591672	659563	756356	801545	892351	1110107	1199056	1470504	1731556	2251788	2716351	4643395	11104496	42887179	8260083	0	0	0	0.2750
28	23232442	19603929	19938171	22495898	168344	168344	0	0	0	34305	108199	119174	114592	119553	119531	134002	149951	143358	176562	196196	201636	266952	243864	305169	344887	374411	460429	452912	575781	608402	675213	776890	820951	909717	1137058	1225162	1498126	1762789	2299428	2776759	4724370	11134245	42163193	8116673	0	0	0	0.4975
29	23252265	19568771	19954916	22598964	63868	63868	0	0	0	34169	106346	118293	115706	119975	121542	135610	153032	148101	180815	200565	207744	272781	251137	311759	351975	381845	467579	460795	582545	615151	684821	784386	827562	925154	1144863	1235196	1512761	1780436	2311344	2800584	4745928	11212735	41826046	8245635	0	0	0	0.3774
30	23166332	19718167	19980475	22571580	2230	2230	0	0	0	37773	113442	125171	121039	125972	126823	141501	159639	153012	186901	207950	213745	280785	258507	321931	360876	387831	479428	467399	594416	626742	695944	796300	838869	938835	1162343	1250123	1533363	1808327	2341749	2837174	4796546	11258265	41444124	8243709	0	0	0	0.3186
31	23250463	19627431	20083940	22465042	11908	11908	0	0	0	41671	124739	135996	131379	137201	135645	151940	170576	162339	198525	221328	224487	298108	267938	337986	378122	404336	496565	482842	616523	643628	710379	818531	858988	957696	1188401	1278698	1561802	1839650	2391142	2896467	4875218	11317496	40873160	8097374	0	0	0	0.3517
32	23242569	19614434	20053727	22525244	2810	2810	0	0	0	46145	133028	144334	138901	145699	144962	161729	181596	172134	210357	233539	237137	312579	282659	355276	394499	419495	515288	501325	637163	662566	733567	840377	880650	984787	1216660	1307714	1596580	1884451	2439062	2964732	4966401	11376401	40176233	8037948	0	0	0	0.3604
33	23140488	19741802	20081376	22472667	2451	2451	0	0	0	47650	137753	148395	142911	148669	148161	165865	185630	174879	214530	237103	241259	316798	286495	360077	397821	423797	519656	503604	640509	666879	735175	846258	883360	987892	1221542	1310681	1603781	1889308	2446930	2968270	4970609	11402331	39978042	8083713	0	0	0	0.3677
34	23188713	19689009	20157332	22402139	1591	1591	0	0	0	54541	151297	161964	154265	160008	158734	176167	198186	185974	228223	251425	254487	333591	301623	377725	416587	440645	540925	522847	663959	688282	759670	871148	908555	1017863	1252987	1344696	1644495	1932935	2496999	3044855	5061437	11433262	39237356	8009480	0	0	0	0.3930
35	23090390	19676008	20121544	22442833	108009	108009	0	0	0	61556	171389	179732	170787	177814	174712	193891	216780	202141	247563	271922	273217	356469	319821	404792	442312	465246	568943	548909	697619	717425	789181	907125	943698	1054597	1299105	1392140	1698638	2001451	2574944	3139296	5179112	11458052	38258705	7771691	0	0	0	0.5543
36	23006474	19794923	20151371	22402703	83313	83313	0	0	0	68966	189992	199211	188158	195924	190184	212191	236106	218838	268131	294329	293138	383986	341500	432658	468753	489110	600185	574759	731170	747102	818585	941464	976638	1092312	1341912	1436734	1746141	2053368	2637449	3214176	5267967	11478918	37423363	7602053	0	0	0	0.5630
37	23029930	19741217	20220071	22274894	172672	172672	0	0	0	78142	211040	218317	205057	211698	205892	227538	253370	234236	284861	311363	310550	403501	359065	453345	488741	508131	620229	596937	754724	772429	844754	969627	1004059	1124131	1375092	1469599	1785292	2098123	2682315	3277136	5326798	11455588	36649891	7494541	0	0	0	0.7043
38	23013036	19712450	20216441	22376999	119858	119858	0	0	0	78792	210865	217837	205984	212185	207300	229754	255275	236159	287543	313927	313390	407613	361457	458583	493203	510987	626860	600691	759814	773900	847537	972442	1003987	1127822	1379329	1471461	1786718	2101978	2687430	3277562	5336412	11492856	36524181	7547092	0	0	0	0.6446
39	22911097	19834809	20217721	22314352	160805	160805	0	0	0	87244	233453	237680	223656	229291	223932	247019	274642	251323	306704	336116	331938	431213	382152	483170	517041	534880	653987	624189	791216	805144	875162	1006824	1037878	1162364	1419056	1513424	1837372	2155691	2748341	3346926	5409069	11486669	35735232	7337981	0	0	0	0.7316
40	23019881	19792358	20315992	22307573	2980	2980	0	0	0	95770	248439	250408	234337	241173	232945	255297	284042	258860	316248	344028	340508	440481	388735	492869	527090	541063	662721	631408	800158	813151	883027	1011802	1044147	1166156	1425150	1515265	1843322	2161698	2752455	3351364	5420409	11505716	35529089	7426473	0	0	0	0.5709
41	22994224	19784199	20317291	22326106	16964	16964	0	0	0	106793	274727	277190	258376	265453	253781	279380	309897	279722	341656	373330	364571	473565	413495	529319	560760	572907	699897	664227	842191	849470	921570	1060908	1092932	1216196	1483896	1578090	1907838	2230270	2835818	3446662	5511720	11478335	34557109	7109769	0	0	0	0.6384
42	22876185	19918761	20342328	22296493	5017	5017	0	0	0	118977	303953	303927	282485	288354	275221	300335	331851	299730	363313	395230	386049	497903	432845	554778	584207	594428	724519	686678	869972	875652	943476	1087891	1115574	1241839	1513215	1604583	1941314	2266811	2869375	3484000	5548963	11433486	33912464	7000369	0	0	0	0.6741
43	22919778	19857052	20387258	22255693	19003	19003	0	0	0	123178	315993	313683	290028	295926	280389	307786	339196	306409	370419	402546	393482	503523	442336	561873	592218	602291	732087	696454	875890	885126	955476	1096387	1123929	1253319	1523901	1613160	1950631	2280135	2874931	3496703	5559807	11432338	33575966	7052265	0	0	0	0.7078
44	22871363	19818351	20362632	22285305	101133	101133	0	0	0	131634	335099	331346	306141	311048	294372	322893	354644	318186	386381	417206	406982	521374	455486	580174	610396	618310	751732	712059	896732	902069	972227	1116502	1144230	1276404	1545617	1636963	1975112	2307824	2902606	3527656	5589062	11403248	33021901	6954035	0	0	0	0.8372
45	22787951	19967864	20416495	22260466	6008	6008	0	0	0	141402	361797	357196	328005	332039	313928	342274	375532	335683	404801	438723	425351	544392	473665	603162	632142	636661	773508	733936	920960	927080	994896	1141671	1171663	1299588	1575734	1664942	2009546	2341120	2936235	3570930	5622578	11360130	32479224	6862282	0	0	0	0.7711
46	22825840	19929108	20462705	22164474	56657	56657	0	0	0	146785	372703	366471	336012	340547	319752	347877	382272	338912	414580	445684	430935	552545	479356	611647	639124	641879	778885	736051	928250	932690	997373	1147004	1175481	1301023	1581541	1668567	2008941	2343392	2940356	3570184	5626595	11352589	32257008	6869116	0	0	0	0.8474
47	22832218	19918363	20465702	22215288	7213	7213	0	0	0	153578	393351	384640	351198	353087	330964	360751	394522	351612	423140	457491	442020	562687	487769	623363	650363	652948	792315	750939	939136	943294	1010585	1158107	1188492	1317102	1595361	1681813	2024886	2363049	2954878	3593361	5639473	11336231	31884482	6884583	0	0	0	0.8197
48	22677913	20061793	20499640	22184224	15214	15214	0	0	0	173170	445518	435090	394533	394277	367737	398541	434739	384770	462696	494768	478537	607007	524813	667588	692306	692509	836169	791233	989291	994785	1056157	1210858	1238928	1369665	1652866	1741015	2084488	2425154	3018760	3651583	5675106	11219730	30866455	6552728	0	0	0	0.9174
49	22746767	20012118	20595695	22076587	7617	7617	0	0	0	187244	486377	473438	428129	426076	396291	428439	464137	409322	492091	526317	505216	638423	552129	702257	722657	718681	870322	821531	1024270	1029392	1086448	1246127	1275388	1403604	1692532	1783246	2127973	2467626	3056601	3682441	5680070	11129238	30224349	6272785	0	0	0	0.9759
50	21841644	20366854	21308473	21853935	67878	67878	0	0	0	325880	1072302	1192435	1052803	1024083	895464	981769	1042789	869501	1054902	1126322	991466	1289666	1035654	1367613	1296246	1276024	1537366	1404755	1714909	1768419	1647626	1958196	1983404	2008576	2354164	2454170	2647098	2911082	3409200	3689752	4914693	8850670	19604688	2617219	0	0	0	2.1825
