#Name	E:\SaveData\2016-10-18_10_33_15_1001160101_R0036_A_CL100007977_BGI12297_WESPE_result\\CL100007977\L01\CL100007977_L01_6_1.fq
#PhredQual	33
#ReadNum	65570008
#row_readLen	50
#col	48
#BaseNum	3278500400
#N_Count	2170758	0.066212
#GC%	46.00
#Q10%	98.99
#Q20%	96.23
#Q30%	88.02
#EstErr%	0.432833
#Pos	A	C	G	T	N	0	1	2	3	4	5	6	7	8	9	10	11	12	13	14	15	16	17	18	19	20	21	22	23	24	25	26	27	28	29	30	31	32	33	34	35	36	37	38	39	40	41	Err%
1	21541550	14832220	15490442	13704092	1704	1704	0	0	0	4928	17304	27111	23552	23250	22044	24447	26029	25820	30578	34803	36746	49348	50740	60271	70796	119171	145454	157544	197059	255068	295735	349794	447809	460506	653149	703117	863359	862890	919891	810252	1504231	5219806	44164990	6910712	0	0	0	0.0998
2	18960015	12644434	16235296	17696144	34119	34119	0	0	0	5025	21201	26864	24484	24203	24217	26144	29153	30548	36309	42185	47120	63271	65125	76730	96882	151247	186079	200498	250910	313607	356396	412387	496441	508465	691017	741609	902120	964774	1140573	1121846	2045326	6322072	42021888	6069173	0	0	0	0.1598
3	18208560	14857026	14289748	18213207	1467	1467	0	0	0	2168	13091	19065	18304	18917	19911	22418	25240	26906	32105	38178	43364	58581	61860	71611	92622	147555	182944	198963	247893	313264	355262	412286	497617	509286	690006	738259	898200	963321	1138914	1139620	2065625	6338147	41861777	6305261	0	0	0	0.0946
4	18441068	14716866	14491677	17917167	3230	3230	0	0	0	2114	13070	18830	17892	18575	19606	22091	24969	26477	32287	38072	43227	58437	61617	71517	92950	148500	182892	201218	248964	314643	356390	412180	497663	512280	686461	737014	895492	969220	1149203	1169277	2109160	6426177	41601358	6386955	0	0	0	0.0969
5	18332877	14512238	14882259	17755668	86966	86966	0	0	0	969	13689	18608	17909	18322	19370	21543	24629	26357	31895	37909	43586	58728	62410	72034	95066	151085	185729	204007	253731	319914	360182	417296	499993	515238	687973	739629	899500	982409	1178086	1214222	2186515	6563516	41233282	6327711	0	0	0	0.2242
6	18080268	14815589	14666708	17980765	26678	26678	0	0	0	2332	12752	17460	16960	17906	19262	21583	24703	26389	33295	38963	44912	61080	64226	74883	98441	154613	191273	209085	258653	324369	365767	422442	503607	519179	692755	743750	905530	994578	1206207	1255443	2262505	6705376	40978710	6274341	0	0	0	0.1327
7	18435561	14478305	15021586	17613543	21013	21013	0	0	0	2101	14528	19926	19581	20112	21390	23989	27483	29561	35762	41826	48274	65542	68673	79652	104088	160928	198470	214872	267388	330800	371316	429461	506400	526776	695114	749503	911159	1011437	1238782	1313816	2352906	6859821	40420595	6366963	0	0	0	0.1300
8	17998693	14934072	14367952	18268083	1208	1208	0	0	0	613	11751	17198	17186	17841	19320	22599	25804	27696	34885	40489	47071	64069	67345	78121	103588	159286	197033	214048	266408	328970	370596	427996	502787	524903	690979	744080	905219	1010414	1244064	1326621	2382930	6943818	40396772	6336300	0	0	0	0.0938
9	17934076	14749404	14588069	18297911	548	548	0	0	0	1187	13294	18190	18262	19046	20571	23326	26532	28921	35667	41550	48701	66158	69061	80326	106376	163892	202603	218961	272044	334865	375970	433920	507183	528671	695690	750129	914997	1026127	1272883	1363281	2442736	7061617	40113016	6273707	0	0	0	0.0963
10	18156715	14640930	14808601	17957742	6020	6020	0	0	0	2266	16275	20859	20641	21701	22850	25683	29788	31354	38640	45153	52162	69705	72357	84469	112196	168448	209160	223250	278900	338443	380573	439005	507780	532301	698655	753883	918727	1033979	1296744	1406181	2516017	7183649	39664036	6348158	0	0	0	0.1119
11	18108297	14559856	14758219	17890573	253063	253063	0	0	0	4112	16323	22800	21774	23298	25113	28739	32714	34993	43407	49882	57090	77318	78265	92856	120868	176027	218540	231732	290291	346221	389320	447872	513879	539987	704246	758457	926167	1051245	1328151	1451471	2593128	7297085	39004427	6319147	0	0	0	0.4952
12	18059265	14725073	14790120	17816558	178992	178992	0	0	0	2405	18135	23279	22734	23610	24892	28473	32593	34288	42710	49765	56922	77443	78557	92551	122244	179031	221407	234043	293382	349099	391502	452800	515729	542650	708694	765781	932189	1058232	1342042	1470445	2624078	7375868	38926883	6276560	0	0	0	0.3826
13	18221898	14682900	14871878	17792457	875	875	0	0	0	2623	20414	26739	25860	27583	28535	32426	36702	38289	47165	54515	61238	83241	83471	98829	127214	184752	228690	239975	301294	355808	397003	458264	517214	548600	713120	767981	935199	1069382	1364312	1515410	2706431	7502176	38576162	6392516	0	0	0	0.1196
14	18111011	14686675	14847583	17833160	91579	91579	0	0	0	3156	19411	26244	25858	27522	29620	34116	38772	40954	50694	58641	66107	89781	89639	106110	136209	192462	238311	248319	310961	362561	405957	468140	525830	558233	721950	779399	951534	1089794	1397751	1572183	2794551	7635585	37977320	6404754	0	0	0	0.2607
15	17991902	14735342	14833946	17710158	298660	298660	0	0	0	9833	34245	38282	36170	37240	38045	42211	47177	47209	57914	65510	72030	96580	94350	112860	141626	197994	243688	252118	316727	365718	409741	471772	525983	561644	723482	782682	952379	1094297	1407533	1593372	2826184	7665742	37499041	6409969	0	0	0	0.6044
16	18079780	14766685	14973631	17722767	27145	27145	0	0	0	4752	29705	39241	39031	40937	42721	48872	55408	57099	69687	79879	87761	117052	114939	137870	167059	196580	242264	252948	317697	364945	410051	472157	524557	564143	723378	785406	961100	1112623	1434936	1633580	2889438	7789975	37263090	6471982	0	0	0	0.1962
17	18047687	14760684	15017137	17742658	1842	1842	0	0	0	4844	30178	39380	39304	41276	43305	49526	56129	57537	70673	81508	87934	118984	115582	139265	169304	197606	246055	253467	319983	366151	410625	472499	526375	563777	725268	786780	959077	1110815	1441459	1643901	2911356	7846139	37189406	6452698	0	0	0	0.1589
18	17914014	14890983	15010444	17680371	74196	74196	0	0	0	6168	33877	42880	42657	45004	47089	52775	60968	61887	74877	85944	93628	124359	120793	146186	174497	203101	251981	259533	326590	371834	416311	478098	529004	573022	730481	791647	969539	1129153	1464843	1677221	2961693	7920317	36739082	6488773	0	0	0	0.2792
19	17966448	14845627	15108522	17624032	25379	25379	0	0	0	8195	37168	46213	45117	47662	49720	55681	62889	63984	78340	89202	96396	128391	124141	150328	180264	207876	257367	263985	332031	377060	420921	483749	532034	577240	736843	797803	978724	1138193	1484047	1703617	3005816	7993724	36511119	6478789	0	0	0	0.2130
20	17969986	14832592	15091876	17655440	20114	20114	0	0	0	9662	39763	50703	49495	52036	54409	61051	68723	69209	85019	96922	103792	138930	131604	160895	191758	218593	270834	274910	347854	388388	432964	498835	545928	590820	752973	813448	997881	1161293	1516795	1757318	3085627	8094825	35988596	6448041	0	0	0	0.2175
21	17922286	14940413	15127394	17577518	2397	2397	0	0	0	10643	44295	53360	52281	54585	56230	63441	70903	71625	86950	98363	105809	140093	134619	163597	193665	220016	272275	277597	349318	389060	435910	501782	544947	596593	753208	818994	1004374	1175021	1533282	1788146	3131750	8168753	35670031	6536095	0	0	0	0.1977
22	17977032	14893972	15197376	17499575	2053	2053	0	0	0	11314	46239	56125	55479	58162	60018	67887	76876	75932	92956	105840	112945	149369	141944	174123	203341	230009	283987	286554	362168	400275	447888	514143	557107	610432	769108	836202	1025283	1198559	1566949	1838475	3207114	8255611	35164401	6525140	0	0	0	0.2070
23	17999273	14846813	15198420	17520936	4566	4566	0	0	0	14178	53219	62910	61448	64945	66855	74994	84616	83617	102502	115117	121478	161789	151756	185680	217296	241507	298243	300127	379635	415361	461642	532172	570225	628948	791693	856632	1050956	1232099	1608803	1901329	3296703	8343882	34536059	6497026	0	0	0	0.2301
24	17882665	14987050	15199584	17461557	39152	39152	0	0	0	14288	53737	63708	62369	66127	67588	76081	86322	84972	104547	117579	123580	165130	153806	190004	220163	245782	304434	302862	385544	419712	464329	535827	574801	632821	796231	863063	1054922	1237166	1624016	1919746	3327991	8390680	34345458	6455470	0	0	0	0.2858
25	17950568	14953032	15262438	17402956	1014	1014	0	0	0	16747	58758	67490	66378	69982	71343	80016	90884	89325	108868	121929	128939	170593	158850	196303	227152	251158	310158	309912	390816	424446	473892	543507	581073	642335	804760	873265	1069627	1258437	1642911	1948775	3367749	8442015	34019685	6490916	0	0	0	0.2394
26	17918578	14927308	15259270	17418998	45854	45854	0	0	0	19459	65419	75863	73177	76548	77488	86588	98041	94782	116403	130281	135084	179503	166286	206243	235758	260026	321321	319095	404031	433776	482625	555762	590867	654463	820965	884780	1087764	1278147	1674671	1988110	3420876	8499305	33547651	6462996	0	0	0	0.3261
27	17826431	15039754	15276164	17425568	2091	2091	0	0	0	21239	69592	79929	77948	81744	83016	92765	104972	101190	124584	139497	144643	190466	177549	220646	249720	273543	336763	333534	420921	449923	502543	575130	609978	678721	846554	914040	1122477	1320852	1727237	2069329	3534140	8596507	32887490	6408735	0	0	0	0.2744
28	17870026	14980116	15298051	17293581	128234	128234	0	0	0	27464	82887	91755	87396	91784	91412	103115	114717	110189	134874	150353	153517	204989	184662	233074	262597	285198	351524	343527	439892	462608	512307	591580	624144	691967	865926	934049	1140213	1343720	1761747	2111759	3599884	8611789	32344450	6300705	0	0	0	0.4961
29	17892446	14942213	15313125	17373233	48991	48991	0	0	0	27233	82239	91557	87790	91988	93177	104332	116661	112587	137207	153724	158017	208913	190499	237490	268101	289228	356823	350811	444619	468464	519624	597594	629632	703002	873196	939819	1153793	1357929	1772564	2128400	3613449	8672762	32083114	6404679	0	0	0	0.3774
30	17816274	15041618	15341333	17369042	1741	1741	0	0	0	29956	87244	95841	92199	96386	96990	108731	122673	116349	142767	159391	162595	214830	195305	244859	274644	295538	364223	356034	451877	476586	528453	605813	638234	713904	883499	953287	1167013	1375414	1794559	2153689	3648754	8714069	31798948	6407613	0	0	0	0.3182
31	17879499	14991880	15421771	17267479	9379	9379	0	0	0	33213	96317	104414	100207	104994	103955	116014	130215	123225	151771	168377	170454	226548	204416	256965	286689	306758	376949	368129	468586	488574	540797	621662	653005	724200	902854	973425	1188734	1399329	1831829	2197279	3711109	8760764	31362527	6306345	0	0	0	0.3517
32	17877377	14970749	15396409	17323260	2213	2213	0	0	0	36436	102928	110212	106823	111805	110862	123866	138787	131539	160803	177860	180554	236860	215474	270912	299769	318605	393102	380048	485820	503753	554908	641233	669211	747140	926489	996339	1216233	1433596	1866032	2252476	3777696	8797139	30836921	6255564	0	0	0	0.3603
33	17805259	15071486	15406574	17284860	1829	1829	0	0	0	37706	105621	113988	108708	113581	112503	126492	141652	133777	163030	180466	183032	241353	217297	273981	302664	321269	394685	382899	486170	505143	560018	642887	671876	751985	928926	997717	1221537	1437993	1871416	2255729	3783282	8819177	30679592	6300027	0	0	0	0.3665
34	17830392	15048619	15468661	17221089	1247	1247	0	0	0	42947	116707	123529	118073	122961	120353	134867	151263	141920	174263	192302	193738	253387	228441	288067	316897	335395	409498	396609	503911	521387	576452	662607	689320	771002	952139	1023291	1250708	1474306	1908217	2310176	3851249	8856235	30110949	6245595	0	0	0	0.3922
35	17768320	15029916	15427502	17262725	81545	81545	0	0	0	48844	130835	137360	131375	136115	132985	147426	164765	154013	188637	207469	207501	272815	243014	307945	335918	352825	431577	416351	530791	544817	599003	689273	715216	801370	987334	1058243	1293790	1520352	1965256	2382820	3944382	8861986	29382701	6063359	0	0	0	0.5510
36	17697468	15131386	15457704	17221025	62425	62425	0	0	0	54196	146306	152500	144126	149275	146012	161831	180788	166437	204430	223664	223475	291126	258407	328938	355447	371205	454411	436120	554351	568498	620174	715643	741436	825376	1017599	1090876	1326127	1559227	2015894	2442975	4014335	8875862	28749657	5940859	0	0	0	0.5597
37	17715160	15097149	15507017	17120930	129752	129752	0	0	0	61257	161762	167370	157017	161566	157050	174405	192945	178820	215646	236956	235454	306850	271313	343503	371882	385686	471071	452898	572614	585064	639719	735230	761225	850198	1043915	1117527	1357593	1594682	2046153	2487712	4059479	8866982	28160175	5858537	0	0	0	0.6985
38	17711717	15062670	15498150	17206415	91056	91056	0	0	0	61780	162185	166444	157027	162227	157725	175040	194717	179463	218040	238215	238221	309617	274419	348521	375169	388648	475974	453992	576403	587374	641532	738276	761527	852174	1046943	1118951	1359050	1595843	2052137	2483068	4060593	8893685	28067353	5906619	0	0	0	0.6413
39	17635718	15145842	15499761	17166237	122450	122450	0	0	0	68684	178601	182571	170843	175672	170056	188592	209143	191443	234038	254555	251493	327331	289163	368717	393044	406365	494553	472192	598188	608503	662157	762336	785545	881064	1078146	1149661	1396043	1639146	2095669	2545667	4127319	8890161	27457980	5742917	0	0	0	0.7284
40	17708498	15114073	15601582	17143605	2250	2250	0	0	0	74428	189846	190675	179039	184007	176451	194759	215776	197582	239234	261901	258829	334651	294293	375126	399562	412070	501189	478024	606423	613610	669538	767068	791574	884530	1082041	1152072	1399736	1640806	2099627	2546272	4127536	8900907	27310128	5818448	0	0	0	0.5675
41	17690501	15122336	15582169	17161756	13246	13246	0	0	0	83136	210217	210703	196191	202564	192399	212140	235408	212573	259739	282722	276064	359441	312028	402388	423728	433086	531009	502236	637693	644619	697474	804169	827128	919327	1125532	1199883	1448732	1694963	2161885	2622529	4201890	8879982	26584302	5568882	0	0	0	0.6345
42	17611701	15210346	15608080	17135864	4017	4017	0	0	0	93193	232773	232383	214843	219693	209350	229189	251473	227347	276194	298333	291301	377222	327447	420359	443023	449596	549853	518682	659065	661878	716266	823753	844425	940770	1147593	1221362	1474551	1722577	2189759	2647570	4226867	8853511	26087287	5486503	0	0	0	0.6708
43	17636284	15175003	15634224	17109459	15038	15038	0	0	0	95904	240494	238704	220553	224854	212948	233977	257514	231820	281380	305327	298098	384611	335117	426751	448828	456192	554826	526389	663753	669639	721633	830550	853527	948531	1154130	1225627	1481873	1733325	2191965	2654754	4238196	8844691	25836644	5531845	0	0	0	0.7033
44	17596978	15132297	15623337	17139908	77488	77488	0	0	0	102608	256694	252980	232991	236311	224214	244566	269318	241611	292496	316458	308816	396897	345141	439938	459810	467245	568171	538708	678848	684008	734006	845175	867769	964614	1173694	1243620	1500146	1753834	2217215	2682411	4261844	8826799	25402388	5461176	0	0	0	0.8328
45	17542158	15257973	15647265	17117792	4820	4820	0	0	0	109846	276927	271996	249742	252198	237783	259810	284267	253644	307912	332442	321312	412426	358805	456960	477638	482155	585359	554616	698635	701142	751912	865246	886751	984508	1193440	1264274	1524426	1781026	2243616	2712076	4287741	8803180	24990743	5390634	0	0	0	0.7659
46	17557114	15225735	15697818	17045920	43421	43421	0	0	0	113662	284473	279927	256033	258463	241230	264105	289995	258751	313390	338174	325686	418641	361354	464613	482492	487217	591800	556797	702189	705566	753623	866946	889669	985382	1198278	1267000	1525684	1779487	2246257	2715954	4287569	8793492	24824909	5397779	0	0	0	0.8415
47	17566776	15209871	15689534	17098192	5635	5635	0	0	0	119585	300326	293841	266114	268711	250116	272728	299196	265468	321616	346103	333146	427855	368836	472547	492081	492191	598140	565900	710398	713778	764504	878616	898613	999651	1208582	1276923	1539030	1796681	2253973	2730933	4298325	8781646	24547565	5410655	0	0	0	0.8137
48	17438270	15335899	15719674	17064509	11656	11656	0	0	0	134767	338669	330194	300117	299215	279210	301996	329225	289892	349960	375732	362104	458689	396887	506323	523261	522140	633922	597615	747786	751775	798946	917143	939611	1037213	1252364	1320537	1583892	1842314	2300930	2777310	4331144	8691066	23778485	5157918	0	0	0	0.9093
49	17499661	15283327	15797811	16983270	5939	5939	0	0	0	144905	369581	358699	324707	324439	300530	324423	350983	309162	371022	399877	382105	483530	416638	530969	545292	544517	659551	622074	774778	779228	823412	945920	966806	1065830	1284921	1352433	1614638	1876561	2333317	2803693	4336637	8618311	23292256	4932324	0	0	0	0.9664
50	16826889	15551520	16322393	16814745	54461	54461	0	0	0	250811	813412	905868	798000	776808	677495	745794	793928	659759	801238	856958	754693	985761	791291	1044516	989064	974573	1181115	1078898	1315976	1357523	1265786	1507791	1525648	1549873	1813450	1892005	2035981	2238344	2621366	2834157	3763082	6854789	15023172	2036622	0	0	0	2.1668
