#Name	E:\SaveData\2016-10-18_10_33_15_1001160101_R0036_A_CL100007977_BGI12297_WESPE_result\\CL100007977\L01\CL100007977_L01_5_1.fq
#PhredQual	33
#ReadNum	69184231
#row_readLen	50
#col	48
#BaseNum	3459211550
#N_Count	2262558	0.065407
#GC%	46.47
#Q10%	99.05
#Q20%	96.43
#Q30%	88.44
#EstErr%	0.411573
#Pos	A	C	G	T	N	0	1	2	3	4	5	6	7	8	9	10	11	12	13	14	15	16	17	18	19	20	21	22	23	24	25	26	27	28	29	30	31	32	33	34	35	36	37	38	39	40	41	Err%
1	22340040	15977280	16454726	14410315	1870	1870	0	0	0	5532	18891	29440	25418	25105	24085	26310	27883	27395	32405	37159	39333	52468	53750	64282	74618	125285	154014	166609	207357	268649	307599	366195	465532	480445	686192	741154	923687	932375	996211	850866	1579972	5640915	46297203	7428027	0	0	0	0.1013
2	19793818	13482802	17321214	18550493	35904	35904	0	0	0	5023	21837	28634	26018	25467	25441	27885	30284	31934	37882	43910	48671	65889	68550	79493	99811	156949	192801	208768	260606	326650	368948	429098	516718	529294	723021	778928	958051	1029717	1218929	1160329	2117202	6767023	44159434	6579132	0	0	0	0.1589
3	19001822	15833511	15252117	19095245	1536	1536	0	0	0	2251	13837	19898	19142	19823	20815	23169	26238	28112	33968	39527	45244	61232	63580	74855	95685	153429	188907	206199	256326	325493	368815	428628	517675	532274	719901	775479	952085	1027984	1213295	1178115	2134405	6771068	44017721	6827520	0	0	0	0.0938
4	19244250	15701434	15457011	18778175	3361	3361	0	0	0	2110	13497	19592	19007	19367	20167	22907	25854	27551	33344	39088	45017	60211	63389	74333	95512	153497	188334	207957	256274	327032	368618	428010	518538	532025	718498	773934	950917	1031157	1221898	1207826	2176960	6855215	43756371	6926863	0	0	0	0.0956
5	19137065	15460806	15851876	18644149	90335	90335	0	0	0	995	14035	19294	18769	19280	20097	22218	25207	27268	32921	38812	45020	60068	64114	74236	97505	155861	191363	211363	260774	329832	371978	432117	519051	536151	717624	777139	950081	1040620	1247039	1253323	2253991	6988967	43408410	6868373	0	0	0	0.2207
6	18864100	15786963	15631518	18873177	28473	28473	0	0	0	2400	13336	18234	17671	18450	19610	22681	25628	27558	33804	39764	46270	63001	66007	76595	101025	159828	196089	214694	267323	335192	378374	438410	523957	539292	723506	780621	953774	1050538	1272581	1292707	2326183	7126577	43182720	6801358	0	0	0	0.1318
7	19234862	15433425	16020784	18472744	22416	22416	0	0	0	2009	15048	20568	19728	20678	21843	24705	27986	29973	36458	42781	49541	66986	70020	81734	106513	164925	203571	221527	274039	341037	383943	443895	526573	547100	724348	784232	958293	1067878	1307560	1351976	2425102	7283173	42606269	6909803	0	0	0	0.1282
8	18801147	15896428	15324382	19161026	1248	1248	0	0	0	587	12254	17615	17730	18901	20332	23365	26543	28791	35333	41520	47938	65031	68662	79311	105777	162867	202536	220564	273005	340605	383532	442338	521664	543604	719975	779188	954119	1063653	1309151	1361779	2454088	7361092	42606473	6873060	0	0	0	0.0922
9	18731687	15708662	15562165	19181127	590	590	0	0	0	1240	13722	18934	18637	19698	21011	24300	27384	29344	36484	42773	49230	66949	70754	81814	108590	167729	207239	224579	279558	344526	387384	448432	526594	547354	724222	783814	959511	1074521	1337892	1399143	2513128	7481898	42344501	6800752	0	0	0	0.0944
10	18956520	15589580	15809843	18821963	6325	6325	0	0	0	2244	16695	21701	21022	21941	23439	26636	30256	31973	39508	46245	52943	72188	74639	86192	113756	172310	213656	229743	285881	348585	391558	453392	528132	552992	725999	785813	963395	1084525	1357874	1441898	2584931	7601198	41886257	6888389	0	0	0	0.1096
11	18918568	15492736	15760190	18748811	263926	263926	0	0	0	4108	16834	23302	22723	24009	25453	29513	33024	35438	43841	50738	58101	78307	80498	93950	122223	180346	222993	237640	296060	356944	402302	462545	532222	561035	732424	792925	968322	1101856	1387962	1490805	2664397	7713943	41222526	6850996	0	0	0	0.4881
12	18858684	15663018	15781479	18690694	190356	190356	0	0	0	2434	18763	23972	23405	24232	25598	28954	32782	34636	43373	50350	57946	78248	80186	93677	123115	182691	225225	240517	301499	360630	403160	465926	535191	561571	736300	797632	972853	1105266	1400805	1508898	2695927	7779933	41181638	6796542	0	0	0	0.3822
13	19022425	15631586	15883391	18645994	835	835	0	0	0	2408	20970	27181	26386	27473	29374	32803	37037	38969	47957	55905	62183	84289	85309	100588	129721	187950	232396	246691	306352	365165	409464	471322	536947	566999	739647	800363	975632	1116331	1421685	1553795	2778591	7906548	40830868	6928097	0	0	0	0.1160
14	18915213	15611643	15856087	18704656	96632	96632	0	0	0	3102	19571	26644	26258	27941	29908	34168	39158	41349	51473	59294	66746	90164	90238	107420	137013	197217	241961	255726	318016	372234	417693	480906	543356	577938	747382	811185	990493	1137140	1457256	1611499	2871597	8044597	40228212	6932744	0	0	0	0.2568
15	18783561	15688391	15830945	18571178	310156	310156	0	0	0	10054	34147	38633	36821	38121	38402	42892	47681	47722	58287	65978	72505	97177	95634	113863	143694	201396	247565	259579	323720	376492	421179	485853	544996	579373	748046	809256	988147	1139759	1464204	1633699	2903723	8075368	39745768	6944341	0	0	0	0.5922
16	18867648	15728069	15981334	18578904	28276	28276	0	0	0	4486	29677	39599	39078	41435	43034	48997	55801	57322	69944	80831	88595	117891	115900	138745	168252	198695	245421	257993	322444	375091	419636	483789	543393	583617	749775	812866	996232	1154263	1488326	1676530	2970827	8204103	39524070	7009297	0	0	0	0.1896
17	18849205	15719590	16017581	18595873	1982	1982	0	0	0	4595	30141	40013	39738	41645	43714	49688	56167	57857	70695	81486	88466	118897	116572	139882	170576	200480	248152	258176	324437	376866	422039	486292	543959	580760	749521	812676	995242	1153223	1493064	1682398	2990217	8252598	39473574	6988443	0	0	0	0.1529
18	18699501	15879796	16006162	18520229	78543	78543	0	0	0	5855	33774	43761	42843	45294	47032	53061	59964	62162	74705	85175	93275	124370	122300	145943	175795	205880	253738	264461	330697	379867	425742	490384	544700	588145	753233	818053	1006447	1168619	1514257	1719004	3045829	8328791	39023053	7029479	0	0	0	0.2726
19	18766151	15830103	16112420	18448703	26854	26854	0	0	0	8070	37002	46683	45104	47242	49365	55301	62972	63643	78068	88534	96733	128078	124504	150075	180272	209478	259104	267698	337266	384801	432024	495744	547874	592807	760265	824927	1013175	1178934	1534313	1744745	3085860	8399565	38811619	7015532	0	0	0	0.2053
20	18756768	15797671	16107513	18502594	19685	19685	0	0	0	9295	39843	50324	49344	51752	54193	60702	68157	68779	84330	96305	103119	137740	132930	161224	192029	221455	272243	279132	351453	397765	444414	510368	561871	606316	777191	840210	1031010	1202422	1568861	1802406	3175072	8506608	38281134	6974549	0	0	0	0.2064
21	18713092	15913730	16132733	18422119	2557	2557	0	0	0	10133	43941	53255	51991	54731	55721	62703	70710	71507	86455	98619	105215	139441	134644	163568	193970	221864	273339	281987	352655	399136	444727	511148	560895	611535	776058	842220	1037011	1215971	1583310	1830754	3222447	8579585	37963341	7077087	0	0	0	0.1883
22	18761423	15879231	16209840	18331523	2214	2214	0	0	0	10516	45405	55630	54879	57646	59125	67101	75612	76081	92947	104777	111877	148845	141380	173232	203392	231462	286327	291483	365927	408792	456348	524693	573160	624741	793607	859002	1057851	1237944	1617417	1885696	3300581	8671518	37454242	7062781	0	0	0	0.1961
23	18786186	15823271	16204116	18366302	4356	4356	0	0	0	13221	52403	62892	61165	64733	66442	73628	83731	83040	100859	114139	121644	160148	151732	185442	217027	243296	301419	304453	382938	424064	471875	541246	586857	645790	813040	880842	1081108	1272679	1659524	1951339	3404221	8767511	36804452	7030975	0	0	0	0.2176
24	18665819	15966394	16201203	18309286	41529	41529	0	0	0	13467	52504	62986	62035	65435	66749	75688	85057	84404	103107	116793	123059	163213	154401	189244	220808	247822	306123	308417	389298	426738	474795	546638	589877	647142	819097	886068	1087701	1275862	1674113	1967570	3434160	8809450	36631449	6981432	0	0	0	0.2736
25	18745977	15923724	16283559	18230102	869	869	0	0	0	15689	56894	67552	66116	69066	70495	79151	89739	88234	107609	121065	128242	168889	159647	195319	226168	253042	311682	313980	395311	433257	483475	553833	597570	659279	826828	894587	1102996	1295144	1696095	1996407	3473440	8873696	36295625	7017240	0	0	0	0.2257
26	18714729	15872749	16277075	18271820	47858	47858	0	0	0	18290	63977	75672	72975	75656	76496	86339	96122	94253	115007	128320	134207	178161	166728	204984	236069	262617	322235	322448	406519	443703	491343	566935	607138	668708	843439	911841	1118976	1316574	1727094	2043676	3530809	8927088	35824189	6977785	0	0	0	0.3110
27	18619285	16016248	16288934	18257491	2273	2273	0	0	0	19917	68484	78570	76576	80839	81618	91938	102968	101356	122155	137960	144785	189576	176140	218915	249735	275501	339116	336591	425991	459460	509922	588728	625625	694626	869585	938357	1153211	1360855	1777149	2128705	3656961	9033730	35142157	6924156	0	0	0	0.2585
28	18644931	15949038	16319996	18138341	131925	131925	0	0	0	25407	80676	90578	86568	89976	90548	100792	112634	108825	133377	148150	153029	201775	185872	231890	262676	286613	353440	347689	444264	471116	524454	602811	640576	706803	885787	959960	1176032	1387544	1814641	2175864	3717884	9058467	34592993	6802595	0	0	0	0.4726
29	18667036	15916854	16328658	18220067	51616	51616	0	0	0	25009	79676	89527	87402	90960	91586	102515	115335	110729	135441	151319	156852	205651	190499	236628	267072	291372	357643	354004	447386	477715	531437	608333	645763	718854	895048	965773	1184440	1401783	1826367	2189843	3735901	9125320	34323162	6916270	0	0	0	0.3582
30	18593380	16045118	16349703	18194224	1806	1806	0	0	0	27490	84957	93791	90710	94613	95378	106708	118914	115218	140253	156509	161385	212409	196512	243182	274553	296623	364859	359810	455747	483954	537535	617499	654324	729222	905262	977113	1199491	1418426	1849134	2219396	3778918	9168780	34027753	6925997	0	0	0	0.2975
31	18654472	15978620	16437243	18104111	9785	9785	0	0	0	30936	93474	102768	98147	103496	101872	114222	128290	122230	149248	165352	169382	224482	204039	255533	285957	308161	378505	371213	472624	497573	549880	633374	669410	741836	927746	999096	1221803	1444026	1888417	2268606	3845950	9204171	33598069	6804558	0	0	0	0.3299
32	18650517	15964083	16417616	18149740	2275	2275	0	0	0	33735	99089	108412	104602	109028	108593	120891	135536	129432	158011	174658	178976	235602	213406	268110	299206	320080	392860	384479	488402	511356	567325	651437	685980	764396	950873	1021638	1252633	1479249	1925660	2323068	3924233	9258351	33046613	6756036	0	0	0	0.3358
33	18563764	16065024	16432926	18120580	1937	1937	0	0	0	35089	102145	111323	106744	111158	110561	123320	138508	131789	161073	177877	181656	237550	216970	271450	301901	322993	395703	388075	491253	513667	569697	653778	687495	767328	951173	1022944	1256386	1482952	1930071	2327320	3925778	9281282	32892136	6803149	0	0	0	0.3419
34	18607474	16040684	16493728	18041078	1267	1267	0	0	0	40001	113242	121184	115450	120202	119116	132610	147330	139498	171092	189536	191282	251007	226573	284637	316127	336110	411540	402062	507712	530770	586457	674684	705592	788776	976054	1050706	1288396	1518040	1974341	2385465	4003689	9322034	32299871	6741778	0	0	0	0.3659
35	18546659	16012061	16455590	18084573	85348	85348	0	0	0	45482	127224	135584	128594	132906	131031	145628	161737	151932	185242	204665	206418	269364	242987	305669	335677	354581	434738	421215	534818	555432	610450	700965	735777	820974	1012038	1090197	1329919	1572895	2034675	2464323	4102263	9339324	31533736	6540423	0	0	0	0.5218
36	18477297	16113511	16474645	18054066	64712	64712	0	0	0	51277	140728	149490	141439	146487	144031	159286	177463	165446	201145	221747	221466	289900	258778	327395	355640	374356	458743	442246	560287	577475	633564	729637	759211	847241	1045011	1123790	1371920	1614753	2088521	2532882	4182194	9356296	30869166	6400508	0	0	0	0.5271
37	18494506	16080694	16533719	17941242	134070	134070	0	0	0	58145	158474	163432	154108	158979	154984	170210	189421	176214	213631	234869	234161	303888	272102	342948	372470	387792	475385	459520	579100	597371	651437	750561	780988	873749	1074161	1150459	1404969	1653230	2118175	2582046	4237623	9350720	30255635	6309204	0	0	0	0.6618
38	18495702	16045518	16526947	18021385	94679	94679	0	0	0	57714	157625	164559	154089	159269	154988	171995	191302	177040	215426	237351	236785	308027	274031	347123	374573	390245	477556	460926	581750	599273	655787	751173	783283	876151	1075598	1150764	1404029	1653665	2124780	2586407	4240623	9378004	30155948	6361693	0	0	0	0.6061
39	18405140	16136268	16528944	17983561	130318	130318	0	0	0	64622	172682	177834	167255	171830	167217	185133	205285	188481	229841	251815	251212	324457	288941	365903	394547	409128	499929	480723	606427	621690	677613	780210	807757	905130	1108141	1185728	1442393	1701612	2177351	2647335	4312668	9382277	29511245	6189501	0	0	0	0.6926
40	18480528	16119205	16626558	17955714	2226	2226	0	0	0	69838	183933	188618	175138	178883	173855	191782	212567	194584	236412	257708	255904	332393	294869	373344	400964	415104	505816	485666	612182	627243	683852	784133	812161	908494	1111995	1188049	1445678	1703043	2177752	2652695	4317192	9397454	29364716	6267988	0	0	0	0.5291
41	18476151	16103006	16616599	17974096	14379	14379	0	0	0	78878	204318	206938	193158	197800	189732	209608	230898	210751	257150	279979	276510	358495	314121	400880	426999	436842	535500	511391	647159	659340	714437	821546	851087	947395	1160512	1238246	1500462	1760934	2250376	2731411	4401225	9379373	28589559	5996842	0	0	0	0.5946
42	18381644	16201766	16633130	17963778	3913	3913	0	0	0	88045	226485	227468	212024	215797	205935	225516	248898	225177	273400	297158	292455	375528	328887	420411	446386	455381	555699	528852	668372	679518	733304	845822	870845	968362	1185406	1262601	1525113	1791574	2278603	2765948	4434097	9344698	28074518	5902035	0	0	0	0.6265
43	18398417	16161061	16686090	17924516	14147	14147	0	0	0	90780	233298	235254	218080	221480	210526	228566	254455	230422	279236	302368	297610	382489	336223	425579	452401	461162	560661	535487	672770	684873	740985	849217	877045	978255	1189882	1267899	1533804	1801653	2284354	2776218	4443377	9354584	27805220	5953871	0	0	0	0.6562
44	18378487	16131414	16646898	17945764	81668	81668	0	0	0	96703	248896	248142	228812	231827	220629	241425	266824	240077	289717	314998	308250	396119	346083	440367	465443	474202	575726	550127	691236	700180	753887	867525	893425	995339	1209597	1287253	1557470	1825604	2309512	2804758	4465168	9337065	27347246	5872931	0	0	0	0.7848
45	18301637	16255120	16688161	17934486	4827	4827	0	0	0	103296	270218	266945	245341	248002	234808	256720	281008	252283	305250	330307	321405	411413	359910	458138	481587	488360	594529	567050	707885	717926	771425	886181	915529	1014101	1234367	1309496	1583636	1856304	2335944	2838852	4502577	9314580	26914976	5799055	0	0	0	0.7154
46	18339414	16214682	16734930	17849832	45373	45373	0	0	0	107234	276572	274644	251799	254013	238814	260772	285828	256443	311242	335243	326951	418730	363936	464587	487201	492960	598904	568700	716209	722095	775303	892056	918900	1017865	1238199	1312583	1585482	1857510	2337058	2841376	4504655	9299353	26736541	5809100	0	0	0	0.7893
47	18349432	16199093	16731729	17898324	5653	5653	0	0	0	113234	291710	288644	263683	264835	248493	270228	295110	264498	318232	344529	335092	428102	372759	474824	496372	500701	606401	577491	723213	734989	785584	901565	930192	1029697	1251006	1324413	1598959	1873951	2351971	2859306	4515571	9290286	26440338	5812599	0	0	0	0.7612
48	18223638	16325220	16748535	17875038	11800	11800	0	0	0	126572	332348	325664	296926	297005	277566	299426	325963	288916	349015	375328	363386	461323	400475	508734	530218	531331	643799	612337	761818	771446	822109	942659	972119	1073632	1299246	1370142	1647830	1928031	2406351	2913464	4556258	9201239	25618294	5541461	0	0	0	0.8529
49	18286357	16286645	16833969	17771292	5968	5968	0	0	0	137887	361809	355605	322100	321087	298169	321586	350706	309928	371553	398066	384445	486953	422087	534806	552996	555341	670809	637908	791146	802283	845591	975104	1002705	1103344	1331000	1407057	1683796	1963912	2439002	2938645	4567948	9130021	25106721	5296147	0	0	0	0.9080
50	17563354	16557195	17395750	17616025	51907	51907	0	0	0	237971	823294	923875	820448	796077	701211	765073	813907	688552	824303	884076	789473	1018616	834332	1084322	1027380	1025407	1229988	1135065	1370485	1424373	1336581	1580746	1603549	1640693	1904007	1994142	2147104	2366183	2763409	2994065	3981195	7254032	16147457	2200933	0	0	0	2.0903
