#Name	E:\SaveData\2016-10-18_10_33_15_1001160101_R0036_A_CL100007977_BGI12297_WESPE_result\\CL100007977\L01\CL100007977_L01_7_2.fq
#PhredQual	33
#ReadNum	94921193
#row_readLen	50
#col	48
#BaseNum	4746059650
#N_Count	2353880	0.049597
#GC%	46.84
#Q10%	97.67
#Q20%	90.63
#Q30%	76.50
#EstErr%	0.904443
#Pos	A	C	G	T	N	0	1	2	3	4	5	6	7	8	9	10	11	12	13	14	15	16	17	18	19	20	21	22	23	24	25	26	27	28	29	30	31	32	33	34	35	36	37	38	39	40	41	Err%
1	30048649	22869054	22113022	19880976	9492	9492	0	0	0	7235	37722	54067	62791	81485	101890	197244	249470	244152	341492	410497	368167	641864	418974	712942	674849	803745	939114	817642	1250219	984659	1227267	1395422	1321838	1455501	1870445	1938110	2187657	2388221	3412622	3453311	5653237	12714647	41598042	4895161	0	0	0	0.3038
2	25801192	19379820	23313926	26421938	4317	4317	0	0	0	19954	71408	96627	110384	142128	163473	275491	350202	314233	440695	520391	434553	769338	472686	831637	755529	880880	1031624	875845	1351396	1042628	1290482	1467044	1371462	1505333	1924409	1989340	2229891	2419594	3470082	3490000	5650583	12810800	39970695	4376059	0	0	0	0.3985
3	24670306	23029884	20032607	27187666	730	730	0	0	0	27557	87551	113504	126851	158631	179269	294570	366796	334055	453477	533944	452884	776201	496912	839663	774653	879981	1041142	880947	1339537	1054007	1283123	1462360	1365732	1507889	1912577	1981235	2227972	2431574	3437584	3528685	5688750	12753634	39246349	4880867	0	0	0	0.4237
4	25265655	22712721	20139206	26803372	239	239	0	0	0	22166	74472	98548	111251	140459	159184	275484	347013	309926	439796	514140	436087	757978	476124	825688	765116	861299	1028464	866330	1331498	1055209	1257583	1454599	1373244	1474022	1904470	1969081	2209725	2407874	3427279	3493452	5631608	12787651	39987891	4646243	0	0	0	0.3944
5	24957160	22047528	21038928	26874821	2756	2756	0	0	0	34024	98690	123040	136256	166737	185009	302686	372907	338257	459188	535293	458123	773421	501608	836485	778715	870599	1039899	875389	1326276	1060843	1263557	1457763	1367137	1489202	1895774	1965959	2212397	2417936	3398505	3531979	5673824	12750648	39193506	5026805	0	0	0	0.4407
6	24370922	22342889	20945761	27253927	7694	7694	0	0	0	25177	83392	107700	120852	150462	169909	286057	353380	324712	443197	520173	445531	755413	493575	820815	770486	860683	1029219	870201	1317539	1054383	1261769	1453348	1361963	1486740	1895519	1958725	2206269	2411529	3403559	3509488	5660710	12783022	39700376	4817626	0	0	0	0.4176
7	24937990	21735773	21726456	26453280	67694	67694	0	0	0	31783	96636	122001	134397	164660	183124	299813	369035	334155	455183	530154	454317	762623	499299	828500	772247	861359	1031376	870568	1317483	1058278	1255736	1448555	1362702	1479859	1886034	1953389	2201939	2406557	3377954	3518791	5658844	12737812	39400858	4987478	0	0	0	0.5039
8	24012445	22553348	20542297	27811913	1190	1190	0	0	0	27940	94124	118612	131051	161146	180151	299087	365857	339158	453210	527380	464251	751596	516224	822223	778239	853205	1028335	876634	1292761	1064308	1254744	1442064	1356254	1501751	1878860	1948969	2213165	2444179	3370500	3583804	5747154	12764318	38490591	5778158	0	0	0	0.4288
9	23784777	22288531	20985520	27856029	6336	6336	0	0	0	36234	105224	129865	142377	172207	189063	304738	371995	340296	455168	529174	458870	755001	508628	819307	776676	852238	1030332	865742	1299616	1061559	1245174	1442440	1358244	1476431	1874687	1945997	2193867	2407946	3357344	3526705	5667910	12757538	39312103	5144161	0	0	0	0.4506
10	24139599	22171984	21388333	27218917	2360	2360	0	0	0	42613	118958	144317	155717	185594	201215	320410	389141	350950	472949	544419	471473	768914	516662	835956	790761	855606	1037804	874529	1304750	1075897	1243541	1445818	1368031	1475325	1874997	1947260	2200831	2418006	3352021	3545118	5675418	12726124	38876363	5311345	0	0	0	0.4712
11	24225266	22165546	21313990	27215158	1233	1233	0	0	0	41011	118421	142895	156169	187001	204796	326130	393130	359632	477901	551528	480688	774440	530533	839693	797309	863568	1047872	885057	1308594	1079877	1258428	1452764	1368851	1493251	1882053	1953240	2208544	2426864	3352742	3555207	5689981	12742095	38658510	5311185	0	0	0	0.4729
12	24107691	22448635	21288367	27074563	1937	1937	0	0	0	43518	125995	151472	163995	196535	210792	333821	403603	364347	485311	556691	484255	776869	535068	842289	802001	862872	1048787	885243	1307101	1083110	1252721	1453142	1371833	1490866	1879747	1950563	2202808	2428697	3347878	3563436	5697076	12735971	38496541	5384302	0	0	0	0.4865
13	24275310	22347235	21350838	26941479	6331	6331	0	0	0	47524	133726	158831	170550	202050	216278	338728	406579	368745	487045	560557	489015	778442	537547	842244	805588	861793	1048637	884165	1301441	1085427	1252618	1450616	1370488	1490596	1875576	1948910	2210427	2438254	3346491	3584649	5728038	12742687	38237586	5513014	0	0	0	0.5019
14	24213647	22354266	21342101	27010153	1026	1026	0	0	0	45756	133997	159541	170848	200593	216310	342096	409003	373132	492364	564444	495955	783566	544902	847862	812694	867197	1055458	894834	1309320	1095301	1255544	1456126	1378006	1496408	1883466	1950427	2215656	2446239	3344116	3600475	5740982	12727958	38071553	5538038	0	0	0	0.4980
15	24074399	22528158	21384640	26871443	62553	62553	0	0	0	62048	156902	180937	191589	221428	235527	360890	428186	385814	508452	576877	507365	790128	557043	855988	822042	867145	1057576	896082	1303635	1099538	1254460	1453607	1377906	1497655	1877914	1949193	2215247	2450850	3328671	3601810	5724840	12683282	37654139	5723874	0	0	0	0.6001
16	24116362	22429628	21437543	26665326	272334	272334	0	0	0	71830	205304	234440	244989	279998	291647	342257	406656	368543	485887	552629	489838	763651	541121	830052	804200	848073	1037821	882119	1285631	1089413	1236581	1437970	1368948	1483237	1866824	1937029	2202488	2437539	3320326	3597201	5712625	12657407	37620598	5713987	0	0	0	0.8737
17	24112514	22438172	21509468	26741376	119663	119663	0	0	0	85606	222864	252052	260342	298517	309682	360043	423988	384120	503067	570185	506915	778124	561371	844794	820905	860390	1052474	896738	1292617	1104777	1250368	1450945	1379298	1500702	1876166	1949028	2221926	2466148	3324166	3639164	5766084	12648654	37143301	5796009	0	0	0	0.7463
18	23967570	22731145	21488484	26715451	18543	18543	0	0	0	90459	227891	256778	264684	300717	309944	361908	425826	381904	504204	569296	505810	775773	556502	842868	817663	854533	1043959	891282	1285690	1102710	1241843	1445158	1379828	1491108	1867900	1942142	2218185	2459934	3321107	3632982	5752881	12658484	37220832	5899865	0	0	0	0.6457
19	24078036	22634379	21636896	26563746	8136	8136	0	0	0	84762	229686	258600	267390	303114	312880	363724	426819	387688	504600	570263	510006	773302	563341	845127	822076	856250	1046220	898166	1282850	1107344	1246011	1445285	1385933	1503280	1871164	1947587	2226478	2474496	3318386	3651483	5783432	12660196	36942218	6042900	0	0	0	0.6360
20	24094956	22547778	21571375	26642013	65071	65071	0	0	0	87812	239592	266373	274589	309713	319332	369997	435633	396127	513513	577957	520033	781565	575928	853943	832706	863076	1055786	908766	1288468	1121273	1252782	1457479	1391803	1510856	1880230	1953506	2236102	2486808	3329598	3676930	5816937	12629273	36610876	6030760	0	0	0	0.7103
21	24024855	22734579	21630264	26524002	7493	7493	0	0	0	105867	268978	292314	297528	331135	337740	386781	451181	409382	522514	587529	532580	784998	588928	857169	840907	865718	1065216	916183	1288291	1131152	1263513	1460948	1402855	1526441	1892593	1965963	2255854	2521835	3339280	3729848	5870288	12610325	36058778	6153088	0	0	0	0.6908
22	24115921	22668668	21731198	26396915	8491	8491	0	0	0	112474	282848	309009	311421	346673	346021	400651	467627	413175	539992	602234	535178	804315	586752	872509	851553	870111	1073472	916275	1302360	1143245	1255778	1467521	1414601	1516683	1899592	1971386	2257734	2522035	3353030	3734649	5877761	12598595	35887805	6067637	0	0	0	0.7161
23	24150093	22560836	21727780	26478258	4226	4226	0	0	0	120233	305702	329021	329854	363682	364020	416303	479577	428849	549443	613525	551749	808361	603958	881429	858613	877200	1077600	926614	1302048	1149479	1267927	1470737	1414994	1534568	1902421	1975943	2271345	2539126	3346777	3754924	5888920	12558099	35476579	6177347	0	0	0	0.7430
24	23927192	22716202	21730329	26400344	147126	147126	0	0	0	154451	324476	348866	345622	376552	372410	428656	494668	434441	562723	624838	555719	824203	603664	891336	871293	881354	1085353	929957	1311554	1157023	1264152	1480096	1428797	1529381	1907483	1984124	2277023	2543458	3360615	3771990	5909601	12518463	35163555	6056170	0	0	0	0.9312
25	24088798	22700481	21839932	26268283	23699	23699	0	0	0	127556	320319	341934	339920	374830	371419	424953	490223	435180	560053	620935	559616	812700	609503	885286	865601	878340	1080352	931235	1299258	1155088	1268219	1474540	1420069	1537239	1903201	1972326	2275518	2543125	3343420	3765191	5894673	12533600	35217195	6264877	0	0	0	0.7837
26	24017403	22607213	21805811	26295497	195269	195269	0	0	0	131750	336253	356113	352134	382860	380000	431944	497578	439599	562336	624736	562046	816146	611746	885968	868638	876709	1082074	931165	1298238	1157379	1263421	1470086	1424346	1531375	1899306	1969023	2274383	2545687	3342333	3766737	5895904	12493455	34973222	6291234	0	0	0	0.9824
27	23888484	22795729	21834980	26317460	84540	84540	0	0	0	137153	346660	366997	363274	395115	389432	444397	510970	449579	576684	637069	575768	830238	622825	903645	884280	890138	1095047	946358	1314644	1176776	1277310	1489473	1443500	1550597	1923588	1997518	2300513	2578296	3369465	3816594	5941524	12481748	34564339	6245139	0	0	0	0.8867
28	23988993	22786713	21944456	26198050	2981	2981	0	0	0	145835	373953	392657	385250	417708	406621	463245	531502	462894	597676	657394	588282	851187	633435	922700	902620	901298	1115256	958201	1330674	1196066	1285532	1509030	1465491	1566276	1945267	2018922	2320582	2607002	3398047	3858394	5983114	12439118	34126951	6160032	0	0	0	0.8399
29	23959721	22698007	21907713	26292048	63704	63704	0	0	0	160291	395103	412700	401798	431295	417421	473942	542559	468747	603677	662989	591848	854375	639095	924154	906139	897647	1113241	960523	1326710	1197788	1284520	1503910	1466403	1561981	1943357	2017780	2324755	2608386	3393764	3854624	5979927	12397226	33933483	6205331	0	0	0	0.9328
30	23857871	22868267	21921670	26240699	32686	32686	0	0	0	165406	409991	425645	414086	442737	426915	485002	549858	478442	613604	671002	602882	860761	652397	930070	913570	907005	1118450	970018	1331200	1207936	1293721	1511025	1473342	1576478	1949914	2020276	2336216	2625474	3396482	3872203	5990626	12377009	33650377	6238387	0	0	0	0.9210
31	23966241	22818752	22028586	26088273	19341	19341	0	0	0	174603	428699	439596	422495	448979	434401	489804	551925	487186	611239	669386	612164	851821	661103	924145	913506	908772	1118475	976606	1323987	1211230	1302472	1508774	1472705	1590336	1951647	2025523	2344546	2636216	3394525	3882374	6006390	12354076	33433661	6338485	0	0	0	0.9258
32	23977873	22749445	21982095	26198863	12917	12917	0	0	0	178672	443749	455865	437886	463800	446391	501575	567120	495650	628754	685578	622294	869155	670982	941586	928273	918957	1133340	988635	1341892	1230039	1311558	1528545	1492020	1599698	1967109	2044050	2363617	2661503	3413802	3912715	6021937	12313848	33071993	6255688	0	0	0	0.9442
33	23862429	22925654	21981343	26109202	42565	42565	0	0	0	182594	451653	461359	444043	467830	450727	505796	572078	496398	628536	685321	621413	867549	670591	940432	925706	915031	1127073	982772	1332383	1224615	1303949	1518427	1484438	1592172	1959387	2027024	2351808	2647499	3397531	3891835	6011171	12315810	33070815	6352862	0	0	0	0.9841
34	23947870	22874079	22107145	25984849	7250	7250	0	0	0	196213	487739	497173	472353	494367	472251	529169	593557	515406	647783	704902	640070	884655	684920	953743	940548	927429	1142933	998848	1344638	1237665	1316443	1531967	1501307	1609857	1973404	2047234	2368433	2670083	3411806	3918617	6020116	12250328	32623365	6304621	0	0	0	0.9971
35	23836513	22795358	22012475	26032644	244203	244203	0	0	0	216558	520473	524454	494236	517357	487005	546752	612444	524210	666773	722221	648565	904549	691208	976038	958362	935930	1156076	1009774	1364042	1260328	1325130	1552487	1525087	1623743	2001768	2074816	2400209	2707508	3448689	3964542	6055620	12153327	31980379	6126330	0	0	0	1.2917
36	23803839	22971710	22057352	26056404	31888	31888	0	0	0	208070	514825	520266	491055	511643	485842	541016	605614	525471	657840	712675	648815	889312	694372	960562	948625	930620	1144815	1007080	1345287	1249721	1317722	1534277	1511301	1614577	1980506	2049246	2382794	2683910	3415924	3944487	6039275	12207722	32285853	6328185	0	0	0	1.0566
37	23878191	22953387	22164525	25918391	6699	6699	0	0	0	216182	533903	537541	506412	526602	495393	551847	617342	532280	667615	723601	655230	899344	700019	970374	958146	936782	1155240	1016066	1354126	1261635	1327311	1548293	1524554	1630615	1994205	2064180	2397433	2709481	3434770	3965957	6052063	12165315	31973463	6311174	0	0	0	1.0562
38	23869276	22874689	22138447	26031838	6943	6943	0	0	0	221579	556964	560959	526966	543833	510707	568014	632873	543268	680298	737951	667728	911115	711547	982564	967845	945820	1167362	1024668	1364812	1277189	1335395	1556984	1538262	1638916	2007980	2082178	2410571	2727985	3457446	3990399	6074836	12113515	31622450	6253271	0	0	0	1.0886
39	23697545	23011434	22153533	25953256	105425	105425	0	0	0	251387	609915	607610	562119	577459	538586	596992	660268	565527	707200	760264	686567	933812	731673	1003672	992018	962081	1184313	1040558	1380856	1297112	1349485	1576553	1555689	1655752	2026489	2097161	2428607	2744657	3461234	3999510	6066789	12010169	31064177	6129507	0	0	0	1.2637
40	23820850	22988325	22224217	25876806	10995	10995	0	0	0	237466	599894	600958	559490	572960	532545	591140	655651	561093	700610	756247	682593	929217	724891	999706	987498	957064	1178218	1039123	1376373	1295836	1343209	1574543	1559411	1653421	2026818	2098671	2433374	2754542	3470631	4015724	6087914	12026794	31103078	6223495	0	0	0	1.1488
41	23831501	22912786	22195358	25972057	9491	9491	0	0	0	238122	612643	609465	564082	578096	538749	593265	655704	567109	698903	750865	690835	920426	735605	991097	984760	958283	1171683	1046051	1364671	1291024	1352088	1563942	1552230	1659707	2016458	2089284	2432788	2758407	3448544	4012127	6082751	12023264	31064549	6294125	0	0	0	1.1569
42	23734144	23041705	22180283	25958346	6715	6715	0	0	0	228762	601490	601022	556458	570615	535166	587136	647247	559256	691377	745609	681452	909535	726706	979308	975210	946514	1159526	1033617	1349060	1281514	1334324	1548494	1539417	1643374	1999875	2070141	2409121	2732489	3429674	3989630	6063912	12033357	31299502	6454588	0	0	0	1.1366
43	23699099	23002859	22320768	25757830	140637	140637	0	0	0	288232	720981	717429	652836	660535	600970	663462	728611	613552	767773	818822	734069	989192	772049	1055371	1037597	998854	1228885	1086197	1424712	1352436	1384690	1623628	1615332	1698776	2078908	2154232	2485402	2812176	3505286	4054477	6072281	11751100	29702813	5928890	0	0	0	1.4523
44	23592078	22927766	22262937	25811175	327237	327237	0	0	0	307006	761309	752613	682153	685228	621358	682941	747742	630045	781346	834597	747536	1001088	783628	1069594	1053895	1007246	1238452	1095048	1430405	1366657	1389078	1631944	1623882	1707602	2086415	2162244	2494213	2826132	3514139	4074810	6085450	11668409	29196000	5853751	0	0	0	1.7004
45	23578806	23160100	22288033	25880347	13907	13907	0	0	0	290654	733730	724280	658535	663950	607885	665116	727361	616289	761894	812503	739955	978248	775869	1047094	1033514	993552	1219682	1087549	1408478	1346026	1382800	1609283	1605730	1698220	2069886	2142981	2481554	2819042	3501118	4068617	6111605	11764537	29654526	6105223	0	0	0	1.3278
46	23687135	23101676	22343385	25777419	11578	11578	0	0	0	279181	725724	719265	655033	657539	602817	659045	719389	612314	751339	804644	732071	966484	769937	1035900	1023381	986259	1207926	1080043	1393803	1339315	1371507	1600301	1598991	1691001	2059886	2132292	2475659	2813627	3485680	4067154	6104932	11783967	29779186	6224023	0	0	0	1.3102
47	23652732	23044294	22378781	25829049	16337	16337	0	0	0	314735	807689	797843	718860	718074	651865	711006	771476	652947	801859	854028	772347	1015985	807430	1085062	1069714	1026320	1255867	1120443	1440958	1388153	1413150	1648187	1647115	1735149	2106051	2178964	2520755	2862192	3523278	4100095	6090939	11595140	28782837	5918343	0	0	0	1.4322
48	23448423	23236267	22487683	25718624	30196	30196	0	0	0	373358	914616	908564	806562	796756	711722	778718	841757	700107	862387	917375	818847	1079610	848863	1145584	1122380	1067194	1312422	1163809	1497259	1448663	1446808	1704609	1701701	1775603	2161573	2234403	2567523	2904847	3563281	4125975	6065427	11348403	27657147	5517144	0	0	0	1.6057
49	23587968	23165123	22461755	25689595	16752	16752	0	0	0	314696	836606	817831	736689	731157	667373	717224	776856	665732	800124	849554	783701	1003758	819946	1073986	1064487	1025560	1242782	1127614	1421711	1383047	1413347	1631765	1636178	1742380	2095706	2166465	2514080	2864412	3508450	4103412	6105925	11577969	28675141	6008777	0	0	0	1.4570
50	23011483	23344448	23635311	24866997	62954	62954	0	0	0	517916	1755685	1975212	1732075	1663949	1431079	1553282	1626930	1325541	1592787	1678539	1424624	1844676	1434999	1888050	1733428	1646489	1981571	1740643	2110758	2121457	1904298	2250135	2227697	2178516	2530461	2581284	2720400	2940901	3379063	3594728	4683910	8461693	17901757	2723706	0	0	0	3.0540
