#Name	E:\SaveData\2016-10-13_16_03_13_1001160050_R0039_A_CL100009724_BGI12084_WESPE_result\\CL100009724\L02\CL100009724_L02_31_2.fq
#PhredQual	33
#ReadNum	66035163
#row_readLen	50
#col	48
#BaseNum	3301758150
#N_Count	3172364	0.096081
#GC%	46.58
#Q10%	97.71
#Q20%	89.66
#Q30%	74.18
#EstErr%	0.965885
#Pos	A	C	G	T	N	0	1	2	3	4	5	6	7	8	9	10	11	12	13	14	15	16	17	18	19	20	21	22	23	24	25	26	27	28	29	30	31	32	33	34	35	36	37	38	39	40	41	Err%
1	20676280	16349984	14849427	14032664	126808	126808	0	0	0	9134	37367	48829	56577	72853	92027	185737	235401	229134	323327	389098	339503	606557	369788	671973	599661	722213	823017	704089	1108640	812621	1033373	1167895	1082988	1182926	1524364	1562805	1729651	1855413	2650880	2671814	4214599	8683399	25644115	2466587	0	0	0	0.5733
2	17541878	13604722	15712397	19141097	35069	35069	0	0	0	27769	84861	111159	127119	161610	184497	295997	374660	330210	445780	525530	414309	750298	432669	790573	671793	791514	908660	744264	1177146	833607	1078146	1202514	1076473	1209729	1524975	1559323	1709864	1824707	2621130	2605581	4120188	8602375	24430047	2251017	0	0	0	0.6310
3	16699083	16281257	13414570	19557368	82885	82885	0	0	0	29880	81710	104052	117386	148501	168060	280947	354446	314601	433182	511944	403619	739095	420263	779314	666122	780444	897291	733835	1169514	831459	1058797	1191742	1072921	1187499	1505985	1544488	1690060	1802955	2596354	2589685	4093625	8590460	24718387	2343655	0	0	0	0.6809
4	17243796	15960564	13714461	19115088	1254	1254	0	0	0	21560	68510	90433	104159	133873	154281	268481	338359	306213	418648	495326	399447	716516	423151	762852	659428	763868	888377	723519	1144715	828879	1044481	1179572	1062872	1179827	1491934	1529278	1680467	1801142	2572348	2592697	4106493	8622632	24791859	2667712	0	0	0	0.5216
5	17056511	15509110	14354582	19074815	40145	40145	0	0	0	27190	81490	103658	117327	148494	168887	285607	353201	324515	430304	508507	415530	722217	440623	766383	674873	769434	898662	734532	1143487	842579	1048416	1185299	1071434	1188058	1497567	1534850	1688368	1812620	2565448	2602241	4098045	8576967	24628460	2539745	0	0	0	0.6155
6	16642203	15799676	14203473	19351437	38374	38374	0	0	0	25355	77429	98185	110843	139369	159943	275815	344426	312786	423654	500220	405858	717019	429971	762735	665300	765513	890564	728823	1143179	834507	1043548	1180235	1064250	1180408	1493730	1531407	1684933	1807187	2574374	2596195	4099243	8616896	24727867	2585022	0	0	0	0.5956
7	17119433	15361508	14721537	18823841	8844	8844	0	0	0	26976	80435	103108	117271	146051	166973	283003	351232	317171	427953	503083	409946	717593	433785	762691	666529	762520	892837	728339	1137429	836558	1040911	1180212	1067541	1179641	1487514	1526819	1680944	1805161	2563393	2597690	4097379	8615452	24651015	2661164	0	0	0	0.5632
8	16425907	15952272	13806804	19732633	117547	117547	0	0	0	25958	82349	103621	116884	146339	166048	283681	353851	318384	431117	506359	409703	722257	433510	766901	670282	762240	893215	727214	1139729	836860	1035881	1177356	1065312	1170955	1484397	1521083	1673903	1796637	2554100	2593622	4089141	8606289	24583022	2669416	0	0	0	0.7292
9	16346484	15766791	14119260	19800294	2334	2334	0	0	0	28544	83495	105553	118196	147209	167729	283644	350170	318098	425949	503293	410998	718371	434445	761827	672751	758891	894402	728313	1138254	843654	1030572	1178465	1068707	1167789	1484784	1525202	1676970	1800188	2552481	2598123	4095797	8635389	24734695	2589881	0	0	0	0.5574
10	16528963	15626749	14355758	19225753	297940	297940	0	0	0	36833	96331	117720	130723	161348	178801	296144	362589	325875	436464	510291	418593	720025	441689	764367	676361	757150	895651	726411	1129733	844781	1029470	1174744	1064682	1165909	1478612	1515930	1667019	1790986	2530907	2585567	4068290	8568414	24425608	2643205	0	0	0	1.0359
11	16656531	15667736	14397512	19303970	9414	9414	0	0	0	35344	99497	122704	136323	166912	185305	302664	372814	333436	444484	518215	425304	726667	448790	768901	681392	761893	897832	731016	1130828	849031	1033994	1178913	1068891	1171995	1481861	1516544	1675631	1801835	2537236	2601473	4088164	8598479	24434258	2697123	0	0	0	0.6111
12	16578506	15855425	14397649	19203140	443	443	0	0	0	34023	98852	120862	135028	164637	184549	305615	371681	337699	445306	519414	429920	724446	457022	768295	687480	759833	900920	735167	1131189	854654	1032768	1178978	1071614	1174354	1481405	1520617	1678711	1805680	2529791	2603750	4087461	8584177	24375218	2743604	0	0	0	0.5961
13	16673331	15780606	14439525	19065271	76430	76430	0	0	0	38735	109701	130906	143109	172271	191539	311743	377937	343369	450290	522489	434083	725809	460638	770024	690943	758484	901699	734561	1124969	855728	1032200	1177363	1071120	1173976	1475956	1512762	1676833	1809003	2523665	2607701	4081925	8567536	24219999	2779667	0	0	0	0.7317
14	16619782	15785670	14456905	19170465	2341	2341	0	0	0	37277	104339	127081	140790	171645	189993	311496	379694	340705	454930	524844	433400	732188	457639	774938	691093	761063	902878	734184	1130570	857690	1030506	1177685	1072326	1170099	1477113	1516648	1675691	1802447	2524834	2604175	4082290	8588676	24290390	2761505	0	0	0	0.6142
15	16543213	15925189	14502944	19063491	326	326	0	0	0	39698	109243	132422	145142	175993	193498	316186	382265	342778	455415	525235	436636	728343	460454	773246	691307	756881	900896	732973	1124470	858139	1024444	1176879	1075005	1168205	1471901	1512528	1676962	1806916	2518882	2610301	4082534	8588461	24216216	2824383	0	0	0	0.6212
16	16517363	15857042	14527647	18924712	208399	208399	0	0	0	66838	174425	204013	218274	257705	270910	315309	379093	335090	446193	509853	423666	704179	450704	745790	675775	733572	877185	718540	1094471	846935	1002849	1153834	1055399	1152135	1452304	1490506	1657208	1792051	2493604	2595647	4063365	8560836	24025085	2883421	0	0	0	1.0603
17	16538350	15857754	14595142	18995596	48321	48321	0	0	0	66236	173653	199712	214922	253229	269717	313098	375904	337982	444352	511067	429076	703396	458868	747513	683561	736746	881736	724368	1098774	854115	1010228	1158789	1062635	1160658	1456367	1495952	1664116	1800857	2492593	2611152	4076249	8567883	24018957	2932381	0	0	0	0.8138
18	16408138	16066955	14583973	18948316	27781	27781	0	0	0	67937	176512	205910	218542	258360	272018	315499	380675	337077	448005	509728	429383	703676	454948	748556	678769	732962	878421	722060	1094108	852836	1004353	1155662	1062290	1151351	1454338	1493372	1662548	1800404	2495087	2603891	4070130	8581902	24057800	2928272	0	0	0	0.7909
19	16473623	16029459	14657235	18873302	1544	1544	0	0	0	71411	187481	214169	227016	265356	279593	322624	385452	346477	450888	516017	437453	702428	466046	746789	687303	734766	883363	726441	1089325	860084	1008073	1157457	1065863	1161503	1454156	1497955	1666662	1804697	2482965	2614904	4076492	8561597	23864646	3016167	0	0	0	0.7714
20	16485989	15964026	14636752	18935575	12821	12821	0	0	0	76026	193331	219308	233124	272542	282432	327201	393189	345401	457922	518994	434704	706089	462007	750215	688060	731005	879686	719380	1089108	858400	997042	1154427	1063209	1151546	1449348	1493495	1660768	1803836	2481545	2612802	4069358	8561469	23868938	3016435	0	0	0	0.8021
21	16398866	16087958	14633219	18831836	83284	83284	0	0	0	78951	199893	226133	239102	277365	286656	330982	395910	347989	458868	518475	435824	705086	463615	750267	685913	726745	878926	721690	1085443	858647	997107	1153985	1062247	1151169	1446863	1486976	1657594	1801745	2474276	2617840	4072231	8541160	23753656	3062550	0	0	0	0.9211
22	16435911	16054331	14718679	18718111	108131	108131	0	0	0	89197	218659	243035	253115	292296	297565	341159	406549	352932	466544	525257	440072	707511	464847	750647	686377	725325	877573	718059	1080424	859090	991561	1148655	1061415	1146169	1441482	1482970	1656060	1800550	2463527	2616681	4064268	8531756	23641324	3084381	0	0	0	0.9946
23	16486095	15983601	14724754	18835677	5036	5036	0	0	0	91487	224935	250088	259628	297820	305081	349432	413364	364051	473578	530476	452054	713030	478905	755265	697313	732468	885472	730257	1085000	870632	1000844	1155371	1068804	1156965	1450137	1488326	1668900	1813207	2466773	2630064	4080761	8513786	23421753	3154100	0	0	0	0.8564
24	16373947	16157905	14736038	18750531	16742	16742	0	0	0	94072	232530	253817	263745	301277	307406	350545	411355	365132	472055	527961	452783	705648	481716	749561	697381	728694	881356	727780	1074210	870587	996457	1150775	1068338	1159521	1444815	1485640	1664073	1814513	2455206	2631114	4077734	8516135	23416981	3187508	0	0	0	0.8824
25	16435003	16083233	14767501	18667622	81804	81804	0	0	0	88729	223764	247875	258519	296661	303648	350038	411142	362824	472243	530198	452443	708204	481772	755156	699770	730990	885246	729019	1079687	872867	998066	1152438	1069567	1156888	1444578	1485573	1665247	1814984	2459766	2628858	4073520	8507922	23377906	3177251	0	0	0	0.9681
26	16405332	16020315	14769957	18719883	119676	119676	0	0	0	95985	238631	260031	269496	305761	311488	354892	418094	366311	475921	533025	454205	710403	480172	752799	697439	725861	880306	727274	1073937	869721	993418	1146970	1066072	1152014	1441840	1483679	1661201	1809897	2455835	2630525	4073786	8502605	23294398	3201495	0	0	0	1.0506
27	16297237	16196751	14774881	18722617	43677	43677	0	0	0	97487	244568	265960	273926	309351	313517	358040	421089	368202	478148	534597	459661	710409	486443	753501	702887	728252	884710	729550	1074034	876357	994191	1150357	1071814	1155750	1443033	1481693	1661917	1814982	2455453	2631867	4066734	8496785	23264771	3231450	0	0	0	0.9462
28	16362019	16176297	14835167	18656311	5369	5369	0	0	0	109391	253908	273137	280331	315037	319584	363547	424924	372508	482780	539020	463350	713876	490274	756654	705049	728496	884938	733364	1073095	879749	996559	1152268	1075120	1158354	1445188	1484111	1664437	1818008	2449034	2634889	4070343	8488875	23161785	3267811	0	0	0	0.9099
29	16264271	16048807	14760632	18684776	276677	276677	0	0	0	129443	274122	292393	296559	329736	330936	376581	435625	380067	490232	543448	467573	715487	493493	756318	707882	727249	884142	733005	1068545	878959	991087	1146830	1068554	1153786	1437192	1475360	1658618	1810155	2435352	2621947	4045939	8423825	22905005	3273041	0	0	0	1.3654
30	16269449	16230202	14811360	18710742	13410	13410	0	0	0	122994	268820	287973	293265	327465	328916	374355	434590	378570	490781	545525	468401	714753	497272	758893	711640	728455	887527	737355	1071621	885481	994188	1150943	1077698	1158598	1442362	1481699	1667091	1824296	2442925	2641696	4071193	8460915	22979361	3314136	0	0	0	0.9568
31	16349782	16205557	14898775	18561612	19437	19437	0	0	0	117390	282383	299661	302249	336605	335568	380485	441119	384297	494119	547139	473050	714822	500744	759317	712824	726938	885575	736732	1066410	886747	992350	1149925	1076537	1159530	1441612	1480905	1669466	1830417	2440480	2652852	4080796	8455768	22823531	3377383	0	0	0	0.9826
32	16343958	16145726	14857682	18638679	49118	49118	0	0	0	114377	280340	294783	299028	332393	331920	377017	436103	381416	490578	543604	472937	708611	499206	754193	709816	722548	881939	734359	1062204	885799	991373	1146361	1074629	1157693	1438896	1477748	1668333	1829897	2438550	2642758	4065830	8452996	22912927	3374883	0	0	0	1.0176
33	16246540	16266325	14843709	18582202	96387	96387	0	0	0	123980	297436	309797	312628	344266	342700	385305	446597	389913	498374	549078	478218	711395	506639	759309	715501	725776	885815	740592	1059801	891436	993142	1146761	1077836	1160205	1438981	1477253	1667348	1830301	2432809	2645352	4067623	8424429	22702170	3400010	0	0	0	1.1231
34	16262055	16211619	14881066	18463272	217151	217151	0	0	0	133523	317380	328013	327158	359428	355569	398018	457348	399436	507750	559049	489145	721516	516880	765563	724417	733313	892063	748173	1063916	897999	996502	1150235	1082684	1164897	1439812	1480045	1672055	1835097	2424733	2654271	4071346	8372135	22356008	3422535	0	0	0	1.3460
35	16288362	16230187	14903571	18596665	16378	16378	0	0	0	134603	319816	330117	328569	361342	355508	399641	458737	398597	507924	557845	487177	719868	514517	762672	720478	729424	888957	744797	1060111	899477	992797	1148677	1085123	1163941	1441018	1478633	1674281	1841095	2429704	2664729	4083475	8406597	22462792	3465746	0	0	0	1.0452
36	16215703	16324064	14917280	18571226	6890	6890	0	0	0	131169	320489	330410	327961	358977	354285	396292	456249	398988	504636	555110	488351	710963	517760	759030	720242	727580	886381	745740	1056682	896698	995363	1147964	1086140	1165696	1437269	1476611	1676025	1839261	2426423	2654999	4067216	8406724	22519742	3484847	0	0	0	1.0267
37	16289090	16313479	14965175	18465623	1796	1796	0	0	0	132077	325892	334452	332848	361958	359036	401408	459657	400723	508276	557603	490633	714531	518942	760956	725078	727690	889007	748973	1056459	901766	996390	1148164	1085864	1169338	1441212	1478298	1675395	1845778	2425557	2657090	4072941	8401955	22425619	3501801	0	0	0	1.0290
38	16240000	16273786	14934784	18584329	2264	2264	0	0	0	147216	348456	354762	350715	379712	372298	414689	473424	411066	521739	571196	500314	728023	527645	772622	733512	734180	897220	754936	1065271	910387	999103	1155448	1092255	1171747	1447236	1482710	1681017	1849993	2429889	2670967	4084439	8365514	22135296	3497902	0	0	0	1.0782
39	16180887	16366590	14937798	18541623	8265	8265	0	0	0	144577	346101	354243	348529	378546	369709	414583	471303	408186	519085	566749	495061	723608	522334	769841	731802	729635	893271	748221	1059720	911055	993649	1151702	1094139	1164866	1443678	1480119	1679476	1850434	2425267	2675954	4087666	8380868	22172048	3520873	0	0	0	1.0809
40	16206376	16354723	14996877	18445156	32031	32031	0	0	0	158501	370860	370615	363172	388682	378583	420890	476346	413992	520688	566349	501221	720149	528368	763933	730362	726266	887984	751443	1052484	909307	993647	1146687	1089135	1166912	1438399	1475024	1677072	1847064	2416545	2666010	4069768	8361376	22089247	3566051	0	0	0	1.1541
41	16222233	16308122	14950898	18524638	29272	29272	0	0	0	148258	359419	364834	356480	384933	374332	418007	475023	410318	520891	567631	499978	719611	525671	766417	728083	726336	890832	750888	1053615	908111	993767	1146710	1091269	1164103	1437159	1478680	1678030	1848587	2419233	2669986	4074793	8362307	22127372	3564227	0	0	0	1.1314
42	16118732	16420835	14954311	18492489	48796	48796	0	0	0	163544	388823	387090	375546	401562	388796	432774	487002	421309	530714	575934	509286	727354	534911	772360	738643	731258	893207	754272	1055718	916082	993593	1152190	1094807	1168385	1441377	1476581	1682071	1852455	2415684	2670550	4068625	8319645	21890037	3574182	0	0	0	1.2127
43	16103346	16336038	14955962	18368808	271009	271009	0	0	0	164824	394510	393514	380951	406056	392596	432980	489884	422135	532288	575182	510239	723408	538360	768100	737710	727396	890920	755033	1050631	914530	994023	1146032	1093151	1166538	1437457	1471913	1679254	1855407	2407101	2667734	4058472	8278650	21711916	3595259	0	0	0	1.5588
44	16109499	16320651	14973604	18480232	151177	151177	0	0	0	179875	429591	424428	407222	428099	410828	452472	508026	437360	544725	589239	523429	734039	548742	778634	747519	735378	896830	764378	1052171	923333	998042	1150543	1099531	1178564	1443025	1476098	1687839	1863120	2404753	2678007	4064083	8253363	21469962	3600738	0	0	0	1.4422
45	16030640	16472688	14998782	18517376	15677	15677	0	0	0	217584	467337	457629	434545	456923	434219	478743	532498	455280	568521	612634	542176	757895	565951	802061	770188	751745	917018	782212	1072573	945428	1011897	1169246	1122402	1192094	1460933	1496713	1706694	1888817	2426172	2715174	4098690	8187861	20976016	3543617	0	0	0	1.3264
46	16104611	16442726	15055585	18367516	64725	64725	0	0	0	195218	461992	452289	428960	450483	426605	469106	525967	448745	561265	603979	532854	747964	556287	792746	759476	741894	907533	772434	1062314	939164	1002278	1162552	1115677	1184802	1454852	1492476	1703544	1886809	2422762	2715694	4101895	8216988	21091072	3581762	0	0	0	1.3719
47	16119022	16398261	15028770	18482298	6812	6812	0	0	0	187725	450668	441232	421562	441376	421011	462780	518129	445301	554892	598811	532303	740095	557397	788679	755034	740098	905391	773260	1057455	936919	1002559	1159432	1112439	1186614	1450432	1484107	1699416	1879142	2417411	2705937	4085358	8230596	21243035	3641755	0	0	0	1.2610
48	15987084	16499869	15010460	18417298	120452	120452	0	0	0	188151	461586	451337	429382	449038	426974	467958	520892	447981	556315	596902	534914	738542	559852	785652	757145	739839	901861	772754	1053871	936556	1001455	1155218	1113612	1182783	1450598	1482544	1693987	1876944	2406120	2694051	4068252	8202107	21155813	3653725	0	0	0	1.4490
49	16071498	16483925	15071244	18363389	45107	45107	0	0	0	195827	475347	461796	439282	457375	432818	475053	528389	453396	563587	604110	539002	743500	562812	790805	761859	741323	907092	776027	1059165	944085	1003370	1159197	1116538	1186032	1450413	1485158	1701290	1886151	2414058	2703423	4074930	8197229	21045551	3654066	0	0	0	1.3606
50	16041968	16432488	15070090	18413823	76794	76794	0	0	0	225207	531981	517561	484612	502050	466910	510620	570297	476292	600552	641292	559452	782763	576859	827611	786953	758962	932585	792478	1083644	970087	1015147	1184602	1146725	1205235	1484799	1518281	1736283	1930052	2452129	2772666	4146524	8068430	20028791	3669937	0	0	0	1.5288
