#Name	E:\SaveData\2016-10-13_16_03_13_1001160050_R0039_A_CL100009724_BGI12084_WESPE_result\\CL100009724\L02\CL100009724_L02_27_1.fq
#PhredQual	33
#ReadNum	118050341
#row_readLen	50
#col	48
#BaseNum	5902517050
#N_Count	8076027	0.136823
#GC%	43.75
#Q10%	99.11
#Q20%	96.58
#Q30%	88.51
#EstErr%	0.450826
#Pos	A	C	G	T	N	0	1	2	3	4	5	6	7	8	9	10	11	12	13	14	15	16	17	18	19	20	21	22	23	24	25	26	27	28	29	30	31	32	33	34	35	36	37	38	39	40	41	Err%
1	41638711	25821508	26432857	24134030	23235	23235	0	0	0	3507	28150	48291	43166	42742	41359	44971	46925	46838	53735	60752	64754	84218	87280	100557	122433	195652	239408	263913	328150	421688	490110	576463	745046	772344	1133955	1237228	1582334	1620977	1739523	1596129	3045711	10363986	77278868	13475943	0	0	0	0.1133
2	35953090	21160426	28288361	32349467	298997	298997	0	0	0	2513	38428	53975	49910	50401	50459	54151	58595	59857	70082	79522	89261	117395	120224	138427	176628	265728	324915	353344	440387	544360	624077	721337	868170	901853	1242000	1347162	1697317	1859998	2225456	2181667	3987903	12237294	72883346	11835202	0	0	0	0.3643
3	34517166	25549758	24464339	33402781	116297	116297	0	0	0	21026	31676	45276	43116	45160	46690	53297	57863	60413	73978	83056	95788	126210	128817	146504	194720	286857	350882	379690	471330	577060	661012	760816	909521	942040	1285412	1385986	1729306	1901697	2305228	2269765	4109798	12508359	72026708	11818987	0	0	0	0.2121
4	35055231	25104852	24873705	32501152	515401	515401	0	0	0	3882	29294	38742	36636	37347	38431	43114	48074	50685	62223	71799	83114	111578	115764	133455	179372	272254	335616	367386	458494	563562	643681	745498	887264	922863	1254394	1360181	1704145	1892311	2324353	2296792	4175491	12750166	71657273	11839706	0	0	0	0.5346
5	34978503	24689444	25963660	32393704	25030	25030	0	0	0	5782	26298	37907	36747	38247	40466	45599	51031	54114	67166	76871	89932	120900	123368	143530	192076	288467	355489	384944	481188	585398	669981	772322	912728	952790	1288971	1392998	1741274	1944469	2412273	2390452	4327357	13059729	71381709	11532738	0	0	0	0.1219
6	34466099	25121578	25547068	32754802	160794	160794	0	0	0	4853	25336	34044	32623	33686	35557	40697	45931	49382	62278	72151	84975	115542	119754	138449	190456	288644	356562	385922	486007	587224	675385	779558	913893	954102	1290678	1396684	1746373	1956430	2460522	2428588	4410870	13278065	71205155	11203171	0	0	0	0.2320
7	35280394	24554638	26206860	32005809	2640	2640	0	0	0	1578	22844	32343	32326	33781	36751	42305	48441	52274	65736	76343	89545	123031	125641	146247	199827	298789	370159	396333	501426	599191	689114	793084	922935	971339	1304120	1413971	1770346	2001108	2541669	2540154	4589786	13601114	70375588	11238462	0	0	0	0.0979
8	34164225	25437298	24737622	33334092	377104	377104	0	0	0	4264	35548	42943	40574	41041	42216	47062	52727	55109	68439	77938	90737	124961	127245	147343	202734	304334	375563	400285	510719	603937	695753	801359	927191	973696	1304967	1410230	1758869	1980881	2554537	2536526	4605713	13680865	70200989	10845942	0	0	0	0.4259
9	34205488	25047995	25282442	33504107	10309	10309	0	0	0	4779	28366	34565	32490	34034	36155	41933	48407	52348	66641	77240	91057	127172	128919	150578	208093	311032	386115	408457	521259	611671	708327	815442	932041	984853	1316649	1421978	1775702	2015676	2615155	2622126	4741189	13956088	69849339	10884156	0	0	0	0.1084
10	34624264	24903572	25736684	32696336	89485	89485	0	0	0	6524	37201	44828	42633	44706	46332	52953	59971	62689	78672	89965	103317	142756	142045	166801	225201	329060	405571	426026	546489	628560	726206	835136	944078	1004322	1335649	1445961	1803201	2056365	2689873	2719208	4890549	14182011	68795973	10850024	0	0	0	0.1901
11	34569135	24736049	25672027	32494114	579016	579016	0	0	0	3983	34834	43488	42069	43843	46435	53124	60256	62690	79872	91530	105484	144707	144599	171763	230280	334183	414074	430926	553429	630741	731314	841358	946513	1008946	1337694	1443635	1801455	2060827	2713553	2759966	4953957	14298713	68085732	10765352	0	0	0	0.6033
12	34579620	25073113	25800073	32515188	82347	82347	0	0	0	3286	26680	35459	36333	39475	43325	51385	59978	63543	82195	94594	108984	152844	150079	179690	241719	347424	430565	444896	574244	646536	751150	862746	962262	1029711	1361147	1467987	1828575	2095791	2776928	2826543	5072115	14545155	67925476	10649174	0	0	0	0.1780
13	34793675	24984201	25833077	32414323	25065	25065	0	0	0	3433	26632	35882	37114	41158	45323	54017	62876	66771	86957	100211	113997	160260	157148	188837	250450	357891	443193	454052	590752	656455	761946	875585	967557	1039861	1369404	1477757	1837114	2108874	2810289	2876420	5157648	14701444	67532199	10575769	0	0	0	0.1322
14	34451754	24908352	25714699	32261756	713780	713780	0	0	0	10283	42720	51011	50155	54660	58188	67790	77115	80011	101783	116589	128639	181550	172244	210260	269218	375246	464444	468126	612040	671175	777179	892822	977678	1052725	1381107	1493177	1846080	2119254	2845493	2914955	5210237	14764335	66421471	10376801	0	0	0	0.7370
15	34493618	25094447	25961283	32280602	220391	220391	0	0	0	15435	48922	55611	54026	58023	61011	70323	79925	82269	104793	119754	131979	185666	175766	215238	276627	386692	478317	480819	628977	681933	794788	911381	992020	1073429	1403992	1514245	1867760	2152845	2898087	2979072	5323247	14956425	66269620	10300933	0	0	0	0.3266
16	34553034	25068811	26042123	32316204	70169	70169	0	0	0	13852	53848	66256	66653	72945	77538	89651	103597	106234	134473	154071	166683	232600	217863	268655	331447	384462	478438	481161	629102	683185	793792	910393	989868	1077825	1401428	1515778	1876697	2173292	2923748	3051306	5422427	15112249	65477039	10441616	0	0	0	0.2192
17	34525219	25037063	26137025	32224383	126651	126651	0	0	0	21470	65323	75258	74607	80112	84671	98280	112960	113905	143641	165714	175058	248593	226771	284321	344496	399660	494562	492877	649444	695345	810534	929329	1002074	1090345	1418010	1529964	1892447	2182805	2962379	3084651	5486422	15215346	65021101	10251215	0	0	0	0.2818
18	34339115	25271523	26123541	32163885	152277	152277	0	0	0	33301	70114	77946	75699	82603	87152	100268	115904	116909	148369	170161	177933	254732	231261	290849	351578	406218	503941	498795	659276	700971	816720	938764	1006231	1100296	1425091	1541796	1899889	2189519	2993483	3112949	5532822	15318345	64785212	10082967	0	0	0	0.3118
19	34360173	25142200	26267517	32041992	238459	238459	0	0	0	25611	77215	88456	87085	94130	97761	111878	128095	128418	160041	183389	190336	270112	243399	308190	367180	422109	522762	513629	680954	715451	834025	957661	1018567	1119164	1444992	1559895	1919267	2225828	3036212	3180438	5622543	15435510	63904517	10137062	0	0	0	0.3962
20	34444305	25103480	26294551	32061418	146587	146587	0	0	0	26224	75563	88106	88158	96160	101952	117756	134954	134688	168762	192527	200300	282694	254446	322069	382237	434755	539882	528283	698720	731950	851083	975123	1034024	1142004	1466771	1581602	1954613	2260390	3083108	3255743	5730706	15573502	63256315	10138584	0	0	0	0.3226
21	34384759	25276805	26358357	32025003	5417	5417	0	0	0	58480	95757	101889	96159	104452	108116	123931	141957	140558	177952	201723	208818	296010	263251	336477	395486	447752	555033	540378	716259	742553	865795	991481	1047612	1155267	1481660	1602069	1967770	2281723	3119771	3298732	5797664	15688425	62879177	10014787	0	0	0	0.2289
22	34400576	25224854	26421212	31866535	137164	137164	0	0	0	39060	97768	107411	104992	113984	118504	135366	154487	152396	189183	215401	221771	312133	277029	352748	412396	463099	574109	557801	736973	761737	885735	1014300	1062206	1180757	1503282	1624325	1996974	2317380	3162038	3365570	5884460	15777126	62036146	10004530	0	0	0	0.3450
23	34522709	25164780	26466781	31891521	4550	4550	0	0	0	40427	100762	112065	111253	121167	126455	144652	164301	162811	201289	228885	235447	327557	293582	371342	429117	481265	594020	577424	759761	780912	908987	1035319	1085326	1209362	1535976	1654543	2033125	2361927	3218310	3449221	5996061	15902543	61226628	10063969	0	0	0	0.2430
24	34363914	25333651	26480999	31782387	89390	89390	0	0	0	44564	105160	115923	115420	125568	131098	150025	171421	168513	209852	238334	240039	340385	298632	384150	441651	492490	607646	585303	776382	789690	920557	1052335	1091975	1216934	1546469	1667405	2038045	2362099	3243524	3466673	6032942	15982050	60950718	9856979	0	0	0	0.3231
25	34497704	25279001	26547419	31664668	61549	61549	0	0	0	56874	126425	133702	129524	139389	143368	162194	184240	179514	222405	251836	251295	357785	309356	400906	458124	508699	627988	598394	798651	803468	934306	1070851	1105222	1232327	1563524	1684924	2053428	2380145	3273580	3508508	6087155	16060749	60397688	9792248	0	0	0	0.3241
26	34462985	25231932	26599660	31751636	4128	4128	0	0	0	53299	117378	127903	126643	138361	144246	164903	188129	183348	228720	259290	259672	368465	318875	413675	467682	520244	642505	611817	816119	817642	952360	1087071	1119319	1255650	1584519	1708402	2082145	2415962	3318137	3572481	6183968	16159319	59867334	9770630	0	0	0	0.2727
27	34250485	25410821	26582726	31713589	92720	92720	0	0	0	62753	141363	150794	145972	157709	162072	182862	205851	199229	246311	277202	276752	387982	337192	433893	487418	537363	661879	628746	834883	834782	969584	1106523	1137064	1276712	1606708	1728149	2109223	2445330	3346415	3623862	6235708	16207025	58973200	9839110	0	0	0	0.3772
28	34360639	25392390	26667786	31622113	7413	7413	0	0	0	63419	133120	142991	140482	152642	158669	180169	205952	200111	247969	279561	278788	394039	340045	440593	495865	547292	673027	636466	851730	842499	981602	1119763	1143317	1285151	1618814	1744107	2122722	2462625	3386317	3659873	6300964	16310807	58791175	9710262	0	0	0	0.3002
29	34342130	25236644	26634370	31656030	181167	181167	0	0	0	72827	153601	161157	157114	168839	173048	195090	222533	214327	263359	296050	294257	412247	357071	460781	513815	561633	694984	654646	870379	861513	1002033	1140498	1162143	1314402	1643555	1766305	2147851	2494984	3416066	3714628	6361330	16344748	57883270	9718090	0	0	0	0.4730
30	34293965	25419974	26699173	31633211	4018	4018	0	0	0	74745	153279	160565	156940	171115	175246	198940	226913	218077	269820	303256	301920	423171	365081	471636	526081	574435	707899	665379	887387	875817	1016016	1157558	1177245	1333670	1665572	1790047	2177239	2525747	3465062	3765880	6433458	16440432	57501261	9689434	0	0	0	0.3266
31	34359907	25322453	26842825	31515214	9942	9942	0	0	0	82873	168312	175101	171092	184290	188855	213581	242176	233330	286761	321317	319530	444266	384539	495939	547582	594180	732759	687380	914144	897229	1040633	1185514	1203500	1361282	1697268	1821389	2209311	2565842	3502120	3833588	6512047	16484413	56648783	9689473	0	0	0	0.3542
32	34363216	25273917	26788377	31549979	74852	74852	0	0	0	90315	178869	183920	178819	193586	199196	224415	252556	242462	298596	333730	329370	459721	395014	511509	562659	608585	749396	700286	934458	908194	1051468	1201181	1213848	1376833	1710359	1835940	2225294	2580819	3524230	3862672	6554805	16531338	56135872	9635174	0	0	0	0.4248
33	34195894	25379239	26717085	31411613	346510	346510	0	0	0	101143	197701	203131	194810	210079	212356	237813	269938	254914	314410	350232	340192	479597	404356	528823	575867	620679	766771	708192	951562	918638	1065392	1213428	1217499	1384621	1723679	1846299	2232933	2582944	3541950	3869989	6553726	16519958	55650736	9459473	0	0	0	0.6798
34	34300525	25326955	26838015	31406949	177897	177897	0	0	0	106871	212651	213701	206242	220800	223066	249540	280129	266857	325995	363104	357794	492525	423239	547393	594818	639831	786817	730345	971817	940037	1089545	1240460	1247205	1420221	1757245	1877487	2277702	2639336	3589008	3960976	6667436	16596047	54771849	9584355	0	0	0	0.5553
35	34069789	25358230	26734453	31398895	488974	488974	0	0	0	118238	224315	225583	215489	230236	231700	259204	291670	276920	337858	374656	365863	508076	433833	562774	609241	654365	802815	743251	989987	953586	1104049	1256669	1260694	1430997	1772107	1895582	2290393	2653968	3612398	3982224	6687978	16583053	54163451	9458144	0	0	0	0.8367
36	34205067	25495398	26871037	31472571	6268	6268	0	0	0	115961	217591	220814	213838	231057	233982	262210	297214	280960	344491	385243	374026	522721	441591	578987	623082	668921	820690	757366	1013715	970647	1121661	1277055	1275693	1451770	1796073	1924728	2319982	2680819	3657670	4044552	6782939	16718667	53987163	9430194	0	0	0	0.4275
37	34264352	25467020	26933821	31376883	8265	8265	0	0	0	119678	219825	222449	216578	233790	236370	266291	302412	284417	350878	392806	379277	534856	445494	588333	633554	677778	831922	762544	1028082	976650	1131737	1291576	1283933	1462038	1811794	1937611	2332531	2691621	3686021	4060617	6811802	16761280	53781325	9294206	0	0	0	0.4350
38	34035665	25302200	26820056	31298559	593861	593861	0	0	0	132421	244994	242372	232873	249754	251524	280051	316719	297454	364742	405618	391746	548217	458063	603731	645572	687603	844159	771823	1042688	984758	1140859	1301845	1291997	1473638	1823147	1947585	2343166	2701075	3691286	4069155	6800483	16685394	52976518	9213450	0	0	0	0.9581
39	34034464	25409011	26841308	31289255	476303	476303	0	0	0	149239	283442	274946	260434	274753	272704	302824	338736	316100	385297	425150	414519	567116	482924	625577	670279	709134	867544	800282	1063163	1015344	1168497	1328197	1324833	1512891	1857355	1980767	2385330	2756883	3727959	4147456	6876579	16697196	51944457	9366131	0	0	0	0.9006
40	34128786	25469329	27008509	31275008	168709	168709	0	0	0	151494	285078	280233	265398	281472	279453	311520	348527	326668	395475	437427	425527	582852	496518	643835	686702	724739	887241	817359	1082672	1032568	1188741	1348311	1343150	1532916	1881630	2003566	2411307	2787708	3763825	4185274	6927901	16756341	51664483	9343721	0	0	0	0.6496
41	34101659	25409267	27003877	31285781	249757	249757	0	0	0	155189	290009	286233	271280	289713	286156	320035	360194	334434	408577	450106	437494	597749	506700	661073	700195	736719	902220	829187	1101718	1047931	1203550	1369514	1357971	1549872	1896610	2023233	2434378	2808969	3791797	4215904	6959401	16762304	51162151	9292018	0	0	0	0.7296
42	34022450	25529994	26963863	31278136	255898	255898	0	0	0	166854	311989	304153	286781	304597	301144	335061	374502	348530	422095	466750	452662	612850	521841	678330	717752	755155	921731	843987	1119568	1065238	1221814	1387735	1377771	1574004	1919698	2047070	2459123	2839227	3813359	4258016	6997534	16767999	50531153	9288370	0	0	0	0.7608
43	34030993	25477757	27027355	31242921	271315	271315	0	0	0	170617	313645	306409	291619	310100	307667	342649	385248	355916	435492	478946	461804	633796	532024	694773	732651	767201	940300	857592	1141836	1078427	1235372	1404012	1391244	1587197	1939940	2063508	2476925	2851547	3845535	4289166	7042934	16784677	50116157	9212100	0	0	0	0.7828
44	34107477	25494348	27069369	31369887	9260	9260	0	0	0	177395	324917	315082	299359	320267	316572	353204	395515	365897	447003	492208	474492	649242	545272	712420	750704	783279	957945	874298	1165319	1095647	1257569	1428446	1411700	1607400	1967626	2090136	2506582	2884707	3878103	4336689	7105333	16828004	49738761	9183988	0	0	0	0.5768
45	33914202	25622529	27051281	31295878	166451	166451	0	0	0	188738	354130	340812	320346	338857	334179	369671	413283	381804	461612	507496	492765	661439	562953	729680	766597	796590	973602	893134	1176464	1116312	1271992	1441636	1429464	1633456	1985057	2105730	2528640	2910171	3892778	4366143	7111574	16773564	49005564	9247657	0	0	0	0.7415
46	34049748	25601650	27182992	31211240	4711	4711	0	0	0	204063	387929	366989	344462	362583	354781	390400	434936	399804	484042	526912	514547	684190	586389	753293	792059	820469	999321	919421	1201570	1143888	1300119	1470264	1459095	1665633	2021420	2136503	2562075	2955145	3925096	4410295	7152121	16767289	48344286	9204241	0	0	0	0.6426
47	34036778	25571579	27133781	31298092	10111	10111	0	0	0	207180	385206	366638	345262	364443	356736	394591	439665	404141	491570	537312	517058	696129	588880	764907	799174	828232	1008405	923604	1216452	1149374	1308371	1483836	1467775	1669356	2028058	2148801	2575928	2960253	3949219	4428816	7180562	16791673	48100926	9161697	0	0	0	0.6505
48	33870569	25731691	27155215	31264081	28785	28785	0	0	0	218041	411151	390927	366910	385938	375317	413272	460295	419473	510597	556595	535007	716544	606496	786279	821827	847395	1028344	943389	1237825	1169482	1325499	1501841	1485256	1694063	2053027	2168848	2599779	2985647	3966861	4462565	7211399	16759157	47467221	9139289	0	0	0	0.6983
49	34020289	25619764	27227417	31103256	79615	79615	0	0	0	234100	442024	416694	387723	405005	392820	432235	479276	436963	528502	575051	552056	738078	624056	808513	840310	865353	1050251	960458	1260054	1187613	1346609	1526705	1506555	1714504	2076887	2194188	2627709	3013820	3994381	4500659	7251049	16712551	46818544	9069430	0	0	0	0.7760
50	34008723	25538061	27214684	31201880	86993	86993	0	0	0	251958	482410	455954	423359	442522	424673	466040	519806	467836	568481	617549	588564	788628	656083	859597	882848	907570	1099627	1003479	1316294	1235278	1392417	1577753	1560967	1766046	2137506	2254840	2691773	3099526	4066516	4634246	7423390	16600961	45039844	9259007	0	0	0	0.8378
