#Name	E:\SaveData\2016-10-13_16_03_13_1001160050_R0039_A_CL100009724_BGI12084_WESPE_result\\CL100009724\L02\CL100009724_L02_30_1.fq
#PhredQual	33
#ReadNum	90085786
#row_readLen	50
#col	48
#BaseNum	4504289300
#N_Count	5935385	0.131772
#GC%	44.87
#Q10%	98.97
#Q20%	96.07
#Q30%	87.41
#EstErr%	0.497186
#Pos	A	C	G	T	N	0	1	2	3	4	5	6	7	8	9	10	11	12	13	14	15	16	17	18	19	20	21	22	23	24	25	26	27	28	29	30	31	32	33	34	35	36	37	38	39	40	41	Err%
1	30914406	20305377	20797151	18051918	16934	16934	0	0	0	2567	21734	37860	33530	32947	31805	34438	36267	35428	40808	45658	47643	62474	64187	73766	88618	142806	174177	191692	237535	307692	357259	421538	545912	569213	844314	930332	1211930	1253384	1332726	1154133	2205138	7936633	58661227	10901481	0	0	0	0.1120
2	26582032	16385424	22321788	24573901	222641	222641	0	0	0	2092	29101	40731	38046	37906	37745	40443	43616	44722	52774	59883	66293	87962	89348	103306	131959	199604	244117	265801	331686	410917	470118	544202	657307	681369	939404	1021002	1292560	1429007	1711051	1634301	2997855	9429444	55533500	9163973	0	0	0	0.3570
3	25579116	20047143	18966854	25404334	88339	88339	0	0	0	14774	24425	35101	33625	34443	36041	40755	44681	46149	56919	64086	73430	96959	98616	112681	147979	219675	269700	291549	362439	442533	506260	582554	694513	718473	979857	1056711	1325021	1460240	1776085	1734371	3137244	9646982	54843711	8988865	0	0	0	0.2117
4	26074586	19532811	19371450	24727717	379222	379222	0	0	0	3163	22995	30355	28821	28959	29958	33454	37209	39611	48481	56016	63718	86700	89032	102937	139420	211605	261170	282389	354194	433015	498288	573428	679438	707823	961154	1041543	1307181	1453799	1795661	1768095	3208769	9825647	54539699	8962837	0	0	0	0.5205
5	25985304	19204171	20366439	24514128	15744	15744	0	0	0	3730	20498	30067	28821	29623	31082	35724	39877	42256	52306	60294	69342	94225	96129	111043	149238	224946	277103	297588	375291	452725	520284	599211	702062	732663	989982	1069720	1338370	1498659	1867988	1850774	3349069	10069433	54302894	8657025	0	0	0	0.1195
6	25559993	19514973	20003599	24894063	113158	113158	0	0	0	3194	20013	26682	25484	26225	28251	32014	36511	38997	48849	57192	67101	91091	93895	108836	150133	227572	281572	301955	382460	458821	526960	607513	709078	739252	998571	1075521	1345481	1508758	1912164	1893008	3435736	10239375	54125798	8348565	0	0	0	0.2234
7	26191538	19043555	20594286	24254557	1850	1850	0	0	0	1529	18291	25760	25958	27384	29354	33558	38799	41775	52951	61417	71628	97905	100354	116447	158846	238527	294117	312502	397748	470945	542059	623624	718466	757585	1013662	1095064	1366969	1545413	1980875	1994024	3587547	10495442	53440170	8307241	0	0	0	0.1011
8	25341031	19842750	19401381	25225369	275255	275255	0	0	0	3624	27700	33785	32047	32309	33473	37581	42202	43936	55416	62967	73245	100784	101595	118210	163572	245108	301964	319337	408986	476340	551345	633984	722938	760761	1017280	1095869	1362984	1538423	1996338	2002399	3620164	10554821	53249478	7989566	0	0	0	0.4156
9	25316911	19583902	19810573	25366893	7507	7507	0	0	0	4112	22808	27199	26070	27918	29535	34181	38990	41916	54271	62965	73760	102306	103832	122152	168091	250566	311800	326362	420020	485484	560889	645631	731133	773401	1032148	1111526	1380149	1568206	2048108	2073514	3739453	10769387	52918622	7991774	0	0	0	0.1123
10	25666250	19379010	20194473	24781612	64441	64441	0	0	0	5430	29788	35900	34564	35921	37624	42967	49003	50837	64614	74012	83829	116979	115389	136023	183256	267305	331252	341892	442501	502660	579424	664464	746405	793870	1051829	1131054	1406848	1603421	2110086	2156888	3865207	10940339	52065927	7923837	0	0	0	0.1913
11	25724431	19270828	20144360	24532025	414142	414142	0	0	0	3520	28149	35038	34508	35848	37945	43592	49588	51967	65692	75635	86298	121009	118605	140680	187912	272963	339324	347367	451349	506494	585276	672840	747306	799715	1054081	1135420	1410631	1611797	2133085	2196968	3930765	11029191	51480079	7851007	0	0	0	0.5789
12	25745328	19530338	20218645	24531597	59878	59878	0	0	0	3114	22641	29535	30030	33447	36144	43256	49903	52612	69178	79256	89643	127714	123611	148893	199291	287778	354970	362046	471565	519844	602197	693637	762341	819323	1076998	1159904	1433931	1645355	2185679	2258059	4033385	11205192	51291312	7724124	0	0	0	0.1823
13	25830138	19453896	20349352	24433732	18668	18668	0	0	0	3274	23035	29842	30959	34426	38248	45305	52822	55535	72964	84483	95219	135305	128698	157738	207096	296050	366361	369647	485664	527572	614997	704161	768826	829166	1085853	1171658	1444638	1653788	2221264	2296468	4099753	11322385	50947591	7666327	0	0	0	0.1400
14	25572318	19392026	20251697	24333993	535752	535752	0	0	0	9331	35954	42577	42368	46163	49099	57184	65773	67580	86857	98945	107287	153892	141982	177302	224545	311739	386686	383814	506890	541347	628229	722172	778063	842246	1100557	1184580	1455531	1666976	2251579	2334629	4148801	11351026	50064702	7483628	0	0	0	0.7381
15	25666347	19585225	20343551	24328526	162137	162137	0	0	0	13266	41430	46963	46286	49472	51992	60548	68753	70554	90404	103475	111671	159305	148462	183022	233261	322158	399517	396033	522708	555014	646329	739769	793979	861914	1120931	1205394	1480876	1695651	2291690	2394584	4243102	11495903	49863858	7415375	0	0	0	0.3328
16	25733267	19538741	20417312	24339037	57429	57429	0	0	0	13169	48120	57593	58179	63265	67765	79127	90925	92548	117073	134207	141859	200898	183557	230571	279773	322620	399943	395613	523138	553855	646713	739643	792267	868135	1121559	1209344	1483542	1713138	2313295	2446266	4319813	11610100	49220352	7490392	0	0	0	0.2420
17	25628681	19569073	20490164	24297364	100504	100504	0	0	0	20392	58191	65443	64543	70138	74539	86012	99001	99562	125855	143752	150378	214216	192057	244883	291250	335313	416286	405981	541317	565812	661053	755327	802653	878688	1137287	1223600	1498485	1724684	2345646	2476803	4372503	11676555	48821363	7345714	0	0	0	0.3071
18	25488425	19699527	20542014	24240021	115799	115799	0	0	0	30792	61873	68220	66803	73210	76386	88678	102518	102228	129886	148690	153578	220595	196026	250080	298736	343829	425273	413306	551756	573112	666538	765534	805658	886431	1145730	1232315	1507488	1735544	2373660	2504800	4416972	11750575	48597501	7205666	0	0	0	0.3342
19	25547225	19613617	20619132	24135119	170693	170693	0	0	0	24489	68845	77803	76800	83205	86591	99671	114124	112708	142029	161558	165225	237677	208477	268187	313520	356626	441700	426799	570011	585428	682718	782312	821453	905274	1162681	1251895	1529971	1764974	2408253	2561318	4486121	11830913	47881259	7224478	0	0	0	0.4095
20	25575690	19591582	20637515	24168267	112732	112732	0	0	0	26015	69465	78178	78588	85976	90481	104161	119342	119416	149182	169934	173984	247164	218782	280044	327158	368121	456331	440453	587938	599725	700236	800484	834589	925625	1184437	1273958	1556518	1794807	2448101	2620958	4574630	11913952	47342541	7211780	0	0	0	0.3518
21	25556143	19714575	20686317	24124339	4412	4412	0	0	0	52858	85513	90227	85366	92987	96413	111136	127217	124618	156921	178643	180457	259605	225786	291942	337111	380013	469450	451035	603900	610496	712371	816292	844674	938235	1198404	1289028	1572074	1812408	2477388	2656352	4628596	12001799	47012888	7109171	0	0	0	0.2603
22	25542225	19647540	20774005	24011738	110278	110278	0	0	0	37951	88622	95883	94283	102639	105593	120541	137853	135090	169142	191381	191933	274229	238777	307821	351057	394730	486389	463928	621741	625836	730245	834146	859701	959524	1218748	1311098	1595397	1840711	2512800	2707482	4695718	12051160	46332559	7090800	0	0	0	0.3852
23	25642034	19605986	20834909	23999419	3438	3438	0	0	0	39795	92621	101525	100653	109626	113315	129695	148926	144642	180814	204536	205991	288670	252349	324632	369408	411074	504860	482761	641158	643468	750410	855794	880339	986604	1244719	1334601	1625537	1879046	2556069	2776037	4774058	12128398	45676118	7124099	0	0	0	0.2807
24	25504862	19774735	20805042	23935621	65526	65526	0	0	0	43901	96891	105337	104476	113905	118813	134588	154447	150155	186804	211918	211138	301749	258209	336363	379038	420375	519484	488886	659196	649895	759565	867818	885505	991762	1252867	1348890	1633738	1886706	2578168	2791255	4805642	12184714	45426949	6961113	0	0	0	0.3599
25	25622038	19738731	20843034	23835664	46319	46319	0	0	0	54302	113618	120352	116446	126559	128772	146156	164851	159906	198042	224064	219570	316049	268022	351372	392834	432894	535854	501116	675510	660339	772671	882421	895904	1005213	1266799	1358965	1644970	1897661	2600706	2824185	4852356	12225029	44989436	6916523	0	0	0	0.3656
26	25612233	19683472	20872640	23914400	3041	3041	0	0	0	52840	108820	116846	115598	126987	131132	148618	171079	164462	204122	231232	227788	327113	276548	363436	405190	444287	549782	512063	691255	673476	787111	896648	911272	1023828	1289235	1383185	1669399	1922697	2636059	2873984	4922869	12296295	44538953	6888536	0	0	0	0.3181
27	25449433	19850946	20856388	23860307	68712	68712	0	0	0	61455	129216	136341	132745	142520	145423	164340	185806	177447	219664	246586	242191	343027	291441	380058	418916	457775	564620	527300	708274	690806	803503	913552	925234	1042029	1306414	1402691	1690831	1953994	2660940	2914789	4958152	12312119	43840492	6926383	0	0	0	0.4239
28	25530271	19816026	20954475	23779593	5421	5421	0	0	0	62694	123817	130908	128612	140138	144615	163790	186585	179403	223230	251062	244671	350141	294861	387240	428703	466810	576252	532799	720902	695780	811535	927282	932567	1053308	1320582	1414553	1704631	1965789	2689775	2943430	5013772	12374025	43669748	6826355	0	0	0	0.3510
29	25531985	19686959	20908189	23824954	133699	133699	0	0	0	71182	142740	147664	143109	154419	158126	177881	200830	193095	236989	265656	258651	366289	309747	405123	443263	482654	592354	549727	739857	712883	829930	945891	948143	1073664	1337048	1434523	1727313	1991771	2715097	2985264	5056871	12383288	42947999	6823046	0	0	0	0.5239
30	25453249	19859599	20938871	23831083	2984	2984	0	0	0	74019	143442	147977	144374	157194	160982	181747	206266	197211	243521	272708	266567	376600	318689	417045	454886	493058	606049	559999	755005	724430	843821	962217	961749	1091953	1358252	1453250	1751987	2013955	2749835	3022522	5104464	12455047	42617485	6794496	0	0	0	0.3852
31	25512458	19805489	21074247	23686643	6949	6949	0	0	0	81874	157354	160570	156569	169440	173193	193721	220735	210176	257845	288389	280936	395248	333383	436585	472711	510598	625922	577934	775799	743786	864147	982501	984478	1114391	1382621	1477768	1775536	2045037	2778800	3072140	5160582	12465423	41966425	6786220	0	0	0	0.4159
32	25520201	19735957	21036818	23736155	56655	56655	0	0	0	88407	166535	169136	165520	178390	180909	203433	231272	218951	269309	301003	290736	410265	344060	451883	486757	522339	641786	587911	793431	754958	876792	996058	990925	1127946	1395387	1489619	1790581	2057989	2801107	3097104	5193582	12486104	41528052	6740894	0	0	0	0.4901
33	25402689	19828380	20978286	23619061	257370	257370	0	0	0	98699	182834	185440	178354	191222	192643	215775	244744	228943	280728	314081	298740	425709	350602	465591	497080	534453	654903	597861	810067	761268	884788	1007686	998799	1133338	1407923	1501186	1794541	2060914	2813849	3103423	5198802	12477461	41127319	6608650	0	0	0	0.7406
34	25482866	19783880	21096027	23594445	128568	128568	0	0	0	105653	196760	195883	188363	202296	202439	226659	255363	240005	293063	326936	315396	436597	367190	481483	514911	550551	674420	616266	826316	781873	906051	1028189	1021296	1161705	1433230	1527534	1832550	2105228	2847285	3165478	5269535	12501269	40469557	6689888	0	0	0	0.6210
35	25320649	19795142	20988931	23627342	353722	353722	0	0	0	114752	207550	206056	196467	210742	210352	235354	264835	247428	302970	336192	322479	452369	376840	496050	527121	561577	687606	625380	841517	793061	917153	1042986	1032621	1174678	1446845	1540214	1844471	2116902	2863969	3179906	5283626	12490951	39982767	6598277	0	0	0	0.8911
36	25397915	19876610	21091743	23714682	4836	4836	0	0	0	113858	203916	203893	196730	211052	213376	239321	272058	252373	310874	346189	329068	465333	383603	510364	537787	572078	704064	636567	861767	806565	932033	1063055	1044572	1189721	1466663	1563952	1864443	2137376	2897336	3231731	5358494	12572471	39815049	6573218	0	0	0	0.5063
37	25440688	19875448	21172959	23590369	6322	6322	0	0	0	118109	206080	206745	199166	215053	216780	242656	275782	256390	317136	352149	334001	476574	387169	520247	548031	581692	714223	640880	876481	811564	940910	1072532	1053396	1196188	1478307	1574361	1877159	2148085	2921187	3243780	5377368	12598471	39628734	6472078	0	0	0	0.5160
38	25312914	19751180	21057938	23537129	426625	426625	0	0	0	128852	227109	223218	213163	229799	229359	255101	288519	267219	328467	364260	345054	487057	397376	530504	558943	591498	724298	651862	885189	819088	949815	1081041	1059316	1208266	1488727	1584038	1885279	2154694	2926966	3251463	5372452	12520582	39017311	6413276	0	0	0	1.0128
39	25277856	19846677	21072627	23547994	340632	340632	0	0	0	143442	260721	249714	235954	250792	246991	275046	306427	284346	345258	382810	363663	504181	419266	551556	578934	607869	743642	672076	903763	845403	973301	1105897	1085928	1238673	1514121	1608930	1919395	2196737	2950627	3299576	5413611	12516879	38236554	6513071	0	0	0	0.9642
40	25353596	19878166	21215258	23514303	124463	124463	0	0	0	147512	265605	257945	242719	257444	254225	281831	315742	290537	355316	392728	374433	517277	430340	565404	591838	621581	758648	687945	921833	858993	986878	1121776	1100106	1253806	1534000	1627332	1936246	2219687	2979646	3337941	5445009	12549079	37998549	6481372	0	0	0	0.7389
41	25334498	19832209	21202186	23535774	181119	181119	0	0	0	151747	271406	262707	249838	265051	262776	290987	325955	299967	367236	402423	383688	530603	439846	580320	604291	632572	772249	697767	934733	869550	1000399	1136026	1113066	1268150	1549186	1643243	1958508	2234385	2997211	3352290	5470821	12546248	37602909	6436513	0	0	0	0.8167
42	25274913	19924576	21164280	23532267	189750	189750	0	0	0	162277	290992	279529	262706	278137	274867	303940	340280	312750	379755	418397	396777	546075	453005	596856	619578	645362	789610	712035	951994	885960	1014665	1151852	1127234	1287129	1565759	1659178	1976653	2256009	3016196	3383125	5493019	12528456	37096617	6439262	0	0	0	0.8567
43	25264789	19893958	21252853	23477204	196982	196982	0	0	0	168116	294100	282996	267797	285509	281108	311701	347496	319193	391261	428132	406046	563166	460712	610878	633266	658719	804710	721321	969990	893457	1028263	1165865	1140566	1297453	1579683	1672675	1988483	2268473	3038510	3401421	5516742	12535251	36776104	6379641	0	0	0	0.8777
44	25332958	19898854	21268918	23577655	7401	7401	0	0	0	175962	304515	292860	276257	294624	288508	320255	359711	328646	402516	440545	416754	575216	470587	626944	644777	670063	821140	734659	990065	909759	1043461	1185104	1154635	1315626	1602120	1695876	2011165	2290283	3061238	3438659	5563251	12554977	36465430	6352197	0	0	0	0.6877
45	25206738	20003551	21239140	23514737	121620	121620	0	0	0	185207	331321	313225	295259	311488	303464	335265	373359	339181	415263	454069	431303	587608	487127	638484	660419	682841	831455	748374	1000074	925972	1056182	1197515	1171807	1331708	1615698	1707967	2029380	2313865	3071159	3456825	5564511	12502431	35902671	6391689	0	0	0	0.8500
46	25277092	19996534	21368238	23439972	3950	3950	0	0	0	198564	359460	337226	315356	331510	321379	352070	391257	357080	430963	471698	448890	604521	506040	658407	679971	700965	852092	768981	1018941	946495	1078862	1217905	1192484	1359853	1642581	1731704	2053735	2342883	3091509	3482270	5586692	12472694	35421004	6355794	0	0	0	0.7618
47	25277585	19955590	21333136	23511358	8117	8117	0	0	0	203634	359486	338506	315914	333933	323861	357706	398929	360997	440276	479878	452483	616616	509019	670785	688524	706329	862145	773184	1032974	953101	1082747	1229006	1198592	1363450	1651682	1741787	2063352	2350405	3110035	3496232	5604045	12484796	35205383	6317877	0	0	0	0.7736
48	25145082	20082900	21347104	23488834	21866	21866	0	0	0	213661	382110	359729	335248	350716	338643	374601	414714	374427	454979	494733	468050	634188	523469	689238	703109	723658	879128	787957	1048943	967437	1098153	1244952	1214703	1379695	1668819	1754423	2080001	2363969	3121975	3518313	5614338	12452404	34727492	6305945	0	0	0	0.8248
49	25282481	19996313	21388883	23359755	58354	58354	0	0	0	227766	409164	380711	353194	369047	355015	389727	430846	388166	470801	509436	482842	649809	536321	707054	721411	737260	894486	803848	1068254	985229	1115047	1259825	1230541	1397366	1686486	1772426	2097650	2382876	3139334	3545902	5645453	12406852	34233922	6243365	0	0	0	0.9045
50	25264327	19926449	21396008	23435573	63429	63429	0	0	0	246218	445311	416513	383913	399003	382083	418014	463153	413222	503946	546077	509618	693355	561329	749443	756703	770388	932183	834236	1111835	1019222	1147444	1299910	1267658	1435296	1733209	1818515	2142494	2438367	3190008	3634276	5742699	12303740	32921315	6391661	0	0	0	0.9736
