#Name	E:\SaveData\2016-10-13_16_03_13_1001160050_R0039_A_CL100009724_BGI12084_WESPE_result\\CL100009724\L02\CL100009724_L02_25_1.fq
#PhredQual	33
#ReadNum	89724431
#row_readLen	50
#col	48
#BaseNum	4486221550
#N_Count	6068274	0.135265
#GC%	43.35
#Q10%	99.07
#Q20%	96.43
#Q30%	88.20
#EstErr%	0.465174
#Pos	A	C	G	T	N	0	1	2	3	4	5	6	7	8	9	10	11	12	13	14	15	16	17	18	19	20	21	22	23	24	25	26	27	28	29	30	31	32	33	34	35	36	37	38	39	40	41	Err%
1	31718933	19501765	20268387	18217876	17470	17470	0	0	0	2816	20985	35700	32107	32066	30915	33983	35531	34933	40939	45670	48899	63967	65539	75992	91548	147079	180518	197516	246941	315157	368740	435987	561776	584123	856446	936435	1202265	1238958	1334243	1187417	2263017	7907693	58495251	10555809	0	0	0	0.1121
2	27401888	15908705	21538962	24647384	227492	227492	0	0	0	2063	28913	40583	37835	38337	38314	40996	44196	45350	52975	60611	67201	88663	90605	105341	134447	202417	248886	267918	335860	413600	475362	550482	662297	685539	944895	1025269	1284527	1414204	1701704	1651449	3021458	9362433	55314579	9017630	0	0	0	0.3643
3	26372537	19279445	18354467	25627348	90634	90634	0	0	0	16580	23870	34539	32764	33752	35625	40155	43777	45622	56206	63111	72676	96461	98001	111964	148131	220616	268993	291490	363018	442113	504639	580713	693134	718748	977500	1053484	1312271	1444619	1764846	1725039	3123723	9601327	54636469	8957821	0	0	0	0.2148
4	26838965	18862067	18713192	24918413	391794	391794	0	0	0	3065	21976	29140	27976	28215	29393	32424	36646	38523	47280	54470	63578	85789	88420	101730	136712	210922	258605	281017	352121	430278	494392	571286	678268	706007	958158	1036064	1296157	1443267	1787951	1761356	3193287	9785551	54281616	8980997	0	0	0	0.5348
5	26798623	18471567	19634686	24800067	19488	19488	0	0	0	4681	19982	28774	28064	28950	30330	34731	39205	41300	51392	59154	68151	92895	95427	109667	147509	222702	273746	294996	372066	448200	514130	592876	697047	727625	983838	1061881	1327366	1485800	1861003	1837115	3320303	10044425	54029198	8730414	0	0	0	0.1229
6	26369871	18814624	19340452	25079268	120216	120216	0	0	0	3994	19593	25572	25099	25349	27096	31193	35047	37911	47394	55667	64531	89736	92337	106388	147123	224086	277205	296964	376072	452241	519235	600486	701464	731978	987836	1069688	1333999	1495131	1899915	1869993	3395878	10218788	53855269	8463957	0	0	0	0.2306
7	27013539	18399365	19844765	24464746	2016	2016	0	0	0	1300	17404	24651	24399	25925	27857	32317	37070	40245	50536	58366	69324	93955	97386	113116	153901	232356	286197	307277	388953	460452	529664	611881	708642	745392	1001508	1083238	1354262	1532084	1966920	1960818	3539381	10461976	53213260	8470402	0	0	0	0.0986
8	26118103	19074506	18707134	25540473	284215	284215	0	0	0	3348	27085	32699	30916	31203	32187	35885	40458	41803	53187	60579	71134	96529	99041	114164	157225	237342	294137	311122	397145	466203	537121	619825	712177	749209	1002474	1081187	1347107	1524759	1979219	1961160	3555643	10528147	53030885	8177911	0	0	0	0.4242
9	26147361	18754191	19136127	25679001	7751	7751	0	0	0	3676	21806	26105	25330	26286	27999	32400	37380	39746	51224	59679	71208	97996	100137	116533	162559	242231	300981	317810	406271	472667	546491	628891	716581	760815	1010796	1094950	1364523	1548979	2027966	2032584	3667541	10738801	52731005	8206733	0	0	0	0.1095
10	26464931	18685545	19475006	25033178	65771	65771	0	0	0	5076	28249	33857	32469	34006	35191	40875	45934	48163	61146	69691	80044	110131	110336	129517	174367	257218	317814	331216	424763	485048	560458	647842	727876	774417	1027055	1114213	1383263	1579794	2084285	2106527	3778896	10919425	51918896	8180602	0	0	0	0.1886
11	26440599	18564665	19416836	24878434	423897	423897	0	0	0	3100	26155	33442	32165	33675	35210	40368	46210	48169	62013	70879	81045	112452	112797	133388	179491	260717	323495	335722	430285	489592	565209	650026	727345	778406	1029116	1112827	1385532	1587520	2109923	2140682	3834307	11011415	51346083	8131773	0	0	0	0.5864
12	26478502	18789465	19519305	24875598	61561	61561	0	0	0	2614	20583	27095	27731	30187	33456	40101	46216	48972	63016	73203	84377	118903	117270	140081	187867	272232	336490	345708	449442	502307	579435	668304	739430	795588	1049212	1133112	1408736	1614016	2155549	2192209	3926156	11198926	51194220	8040126	0	0	0	0.1784
13	26631577	18726085	19526175	24821762	18832	18832	0	0	0	2663	20706	27577	28644	31360	34734	41505	48597	50935	67516	78276	88524	125458	122093	147361	195530	280131	348826	352948	462013	508136	590272	677233	745940	804909	1056328	1140005	1414123	1625537	2184729	2229842	3988065	11325937	50855867	8003279	0	0	0	0.1337
14	26376170	18686099	19458221	24658169	545772	545772	0	0	0	8273	32732	39315	39111	42098	44605	52751	60369	62660	80024	91200	100680	141755	133915	164133	209515	295310	365122	364021	479005	517689	602054	691209	754308	815267	1065423	1151423	1423410	1636484	2214387	2258257	4029563	11366535	49993607	7852449	0	0	0	0.7431
15	26406795	18814961	19646450	24688337	167888	167888	0	0	0	12055	37951	43146	41817	44994	47029	55578	62650	64186	82417	93250	103570	146513	138281	169668	217686	303227	375703	374699	492674	528962	615777	707607	766079	830979	1083848	1168196	1445344	1662558	2252953	2311779	4114925	11522105	49846182	7792155	0	0	0	0.3301
16	26452947	18804196	19693691	24719355	54242	54242	0	0	0	11365	43477	52663	52888	57806	61789	71916	82804	84669	106612	122733	131655	186149	171743	213819	260853	302905	375622	375238	492096	528117	616112	708573	762286	835078	1082345	1172716	1450551	1679411	2276156	2365132	4189279	11641219	49204949	7899463	0	0	0	0.2265
17	26429898	18776486	19770918	24649515	97614	97614	0	0	0	17804	52472	60005	58878	64080	67584	78048	89298	91375	114088	131903	138965	197160	179659	224622	272262	313666	388807	385954	510340	538252	629110	719807	771394	844894	1095581	1183469	1461158	1690060	2306616	2393006	4235902	11717329	48839631	7763638	0	0	0	0.2904
18	26295060	18967591	19741849	24605033	114898	114898	0	0	0	27173	56018	63113	60807	65676	70277	80910	92632	93816	118869	135417	141973	202546	183231	231902	277577	319866	397469	390812	517920	544151	635159	729208	775470	851753	1102617	1192852	1467125	1695479	2327830	2413324	4275968	11792709	48638656	7639228	0	0	0	0.3191
19	26287486	18863694	19852683	24544317	176251	176251	0	0	0	21680	62047	70717	69537	75483	78436	90295	102234	102024	128173	145504	151408	215732	193410	245553	290006	331810	411439	401032	533744	554509	646975	743999	786549	867737	1118096	1208005	1486504	1720000	2359937	2464732	4339895	11880679	47964700	7685599	0	0	0	0.3995
20	26360047	18823353	19902132	24527237	111662	111662	0	0	0	21988	60980	71246	70832	77246	81220	93509	107624	107564	134508	153599	159401	225008	201363	256810	302690	343118	424290	413845	549312	567977	661351	759632	799040	886492	1136481	1225845	1507642	1746780	2401158	2522138	4421600	11977007	47445232	7698241	0	0	0	0.3321
21	26323383	18950346	19940370	24506038	4294	4294	0	0	0	47068	76878	81680	77377	83422	86649	99760	114294	112885	141878	161688	165690	235213	208986	266427	311267	353373	436685	421878	560522	577973	672769	772061	807664	897580	1146103	1240611	1523292	1765792	2426026	2552595	4471935	12061907	47150904	7609305	0	0	0	0.2394
22	26312994	18921457	19986934	24395561	107485	107485	0	0	0	32845	78956	86593	84757	91478	94994	107993	122499	121719	151319	172241	176101	248560	220372	281235	324893	365338	452066	435468	578975	589846	687960	789102	820617	915731	1166443	1258632	1540478	1791464	2463682	2601887	4533557	12128539	46490304	7610302	0	0	0	0.3598
23	26449265	18864882	20017222	24389473	3589	3589	0	0	0	33752	81523	90644	89808	97503	101712	115949	132290	130614	162212	183332	186802	262362	232714	296444	339757	379155	468863	451040	596470	607641	706795	806179	840191	939545	1187712	1284508	1571369	1822946	2494044	2666649	4618087	12217803	45867155	7657272	0	0	0	0.2555
24	26318299	18984366	20032726	24321275	67765	67765	0	0	0	37746	84813	94025	92881	101285	105811	120202	137444	134761	167746	189317	192573	271463	237253	306083	349080	388057	479384	457289	611783	612543	713678	817649	842881	945438	1197265	1292837	1577737	1829451	2518970	2681453	4640685	12274854	45647748	7504481	0	0	0	0.3359
25	26406517	18948246	20081761	24240886	47021	47021	0	0	0	46956	101594	107802	104661	111926	115628	129697	148246	143074	178569	201598	199773	285354	245210	319917	359260	400934	495141	467058	627773	622009	724760	830283	851355	954249	1209682	1306610	1588297	1840565	2539303	2705975	4681957	12340373	45229308	7462513	0	0	0	0.3380
26	26380836	18916360	20126261	24297740	3234	3234	0	0	0	44669	95708	104416	103209	112516	116193	132566	151805	147909	182864	207000	206251	294944	253288	329115	370017	410446	506442	478171	639876	632817	739365	845137	862370	970242	1227446	1321863	1609906	1864647	2573913	2754336	4751357	12420301	44810349	7449743	0	0	0	0.2881
27	26229604	19060833	20098664	24265742	69588	69588	0	0	0	52763	114400	122006	118020	127444	130393	146562	166286	160966	197676	220804	220728	308812	266860	345317	384545	422754	521283	493494	655491	650786	753276	861588	877315	988063	1245228	1340588	1629029	1891128	2599126	2788007	4785371	12437513	44127406	7503815	0	0	0	0.3927
28	26333989	19046769	20148318	24189729	5626	5626	0	0	0	53225	108909	116333	114697	124238	128476	146093	165921	160644	199685	224755	222657	315091	270615	350817	391275	430933	531813	496945	668265	653453	761503	870978	884617	998791	1255361	1350087	1641607	1902942	2623169	2819957	4832150	12515538	43979309	7407956	0	0	0	0.3176
29	26317989	18915262	20124846	24229656	136678	136678	0	0	0	61115	125468	130911	127809	137353	140323	157812	178946	172036	211834	238158	234666	329497	282535	367444	406250	442774	546119	510071	682435	667249	777488	886133	898502	1017513	1271959	1369829	1660380	1927944	2647903	2857565	4874546	12543634	43281244	7422308	0	0	0	0.4908
30	26285496	19047286	20165922	24222725	3002	3002	0	0	0	63304	125051	130751	127959	138843	142400	161170	182687	175881	217297	243931	240219	337958	289974	376280	416161	453323	557200	520284	695841	679951	790410	901284	912035	1035030	1288796	1387970	1680295	1950805	2680443	2896344	4929070	12613524	42972639	7406319	0	0	0	0.3462
31	26333626	18978732	20289661	24114716	7696	7696	0	0	0	70014	137418	141572	138090	150456	152843	172512	195471	186760	229768	258452	254771	354594	304868	393903	433942	468310	575699	536908	716790	696380	806982	919186	929103	1054304	1310215	1408902	1707583	1977165	2706040	2944709	4989025	12634516	42354707	7404777	0	0	0	0.3748
32	26339037	18941737	20252834	24133739	57084	57084	0	0	0	75247	145085	149083	144565	157254	160311	180018	205018	195409	239337	268564	262567	367756	312984	407861	444249	478518	587854	546312	733101	704923	817720	932612	935872	1065461	1322977	1418818	1717067	1984992	2724721	2972384	5015307	12674752	41946542	7372106	0	0	0	0.4457
33	26231040	19024206	20184607	24023524	261054	261054	0	0	0	85146	160319	163582	158262	169710	170968	191239	216226	203908	250587	280875	269928	382562	321130	419675	453394	488329	600832	553397	744680	711098	827043	942883	940854	1069944	1328695	1428431	1723716	1993581	2737653	2969585	5014241	12665458	41579365	7246081	0	0	0	0.6992
34	26286604	18970321	20286926	24049462	131118	131118	0	0	0	89863	172503	173191	166245	177890	179507	199960	226159	213858	261070	290154	283824	392803	335434	434344	468775	502533	617582	570141	760796	731277	845285	962037	963085	1098929	1356868	1454662	1753290	2030600	2773133	3037093	5094567	12715610	40927645	7332600	0	0	0	0.5739
35	26135374	18995787	20209934	24020511	362825	362825	0	0	0	99596	182472	182301	174190	185197	186899	208196	234371	220793	270029	299645	290962	404723	342368	446488	480070	513452	630523	580501	777713	740993	857172	976557	973312	1108653	1371715	1466403	1764395	2042033	2786720	3050564	5105512	12702303	40457838	7246947	0	0	0	0.8513
36	26232258	19092152	20316489	24078707	4825	4825	0	0	0	97450	177585	179030	173617	187500	188928	211024	239975	225321	277155	308393	296938	417526	349036	460384	491791	525307	644017	590453	795194	750208	868020	992212	985879	1125226	1388861	1486523	1787666	2060677	2821643	3096449	5172657	12800095	40322216	7224650	0	0	0	0.4530
37	26269685	19075984	20378134	23994150	6478	6478	0	0	0	100872	179477	181424	176104	189257	190649	214666	243543	229004	281580	314955	301039	426375	352723	468790	497655	534728	653869	594401	806298	756474	876123	1003510	990731	1130141	1398986	1497195	1797415	2070647	2845503	3106267	5192905	12832543	40158437	7123667	0	0	0	0.4615
38	26097391	18971864	20278581	23937377	439218	439218	0	0	0	110645	198825	196848	188798	202109	202126	226277	256155	237849	290805	325284	310599	436713	361220	478780	507884	540952	662739	602411	814188	764630	884615	1011005	997389	1136757	1404047	1505527	1801762	2078034	2849699	3116172	5186819	12767744	39564314	7065492	0	0	0	0.9713
39	26107806	19029081	20294240	23941096	352208	352208	0	0	0	124111	229997	221876	209564	220735	219382	243047	271619	253858	308765	339470	328102	450959	381280	497030	527044	555586	680810	623343	829708	785739	906678	1031424	1021716	1168378	1433417	1529559	1835091	2116329	2871464	3169117	5239334	12774602	38790977	7182112	0	0	0	0.9176
40	26198422	19065472	20414861	23918420	127256	127256	0	0	0	126169	232234	227598	213880	227435	224617	249879	279978	259712	316026	349841	337076	464298	391221	511011	538726	568421	694534	635760	846265	800632	921181	1045973	1035961	1181931	1448327	1545079	1857772	2136336	2902684	3197855	5274392	12816000	38567104	7171267	0	0	0	0.6779
41	26158563	19023637	20432623	23923050	186558	186558	0	0	0	129945	235959	231788	218726	233823	231246	256694	287395	267651	325351	359785	345913	474661	399646	522532	550930	577390	708415	644254	860184	811240	931473	1060448	1044516	1194417	1464993	1561548	1869353	2156508	2917586	3219397	5294736	12811565	38201830	7135975	0	0	0	0.7559
42	26129744	19099507	20363874	23937290	194016	194016	0	0	0	139351	253759	245704	232321	245412	242605	268705	301039	277926	338325	372206	358438	487043	411921	536410	561858	591188	721217	657731	874601	825326	945964	1074203	1063385	1212864	1479398	1574933	1887713	2174514	2931417	3245288	5328725	12811586	37724706	7132633	0	0	0	0.7919
43	26099334	19079670	20424330	23918901	202196	202196	0	0	0	143658	255023	249022	235275	249887	246835	275885	307727	283171	347716	381988	365443	501657	417883	550561	574423	601202	734133	664890	891512	832218	957184	1085963	1072355	1221705	1493242	1587066	1900837	2187793	2956386	3269375	5353381	12827845	37420973	7078021	0	0	0	0.8108
44	26170119	19080107	20459337	24007526	7342	7342	0	0	0	148865	265296	255574	242511	257151	253546	282688	317190	291743	356250	391718	373926	515093	428519	563844	588536	612411	748563	678618	906652	846401	969956	1104942	1087318	1238180	1512279	1607161	1922553	2209429	2982543	3304994	5398407	12861438	37133409	7059385	0	0	0	0.6104
45	26038935	19165500	20453080	23943658	123258	123258	0	0	0	158040	287906	275714	259033	272358	267508	295297	330037	303922	368636	402853	387945	524351	441193	575559	600945	622582	759835	692081	918338	863464	983043	1116030	1098934	1255232	1526902	1620074	1938877	2229662	2986982	3321897	5402579	12821533	36584244	7107587	0	0	0	0.7721
46	26130270	19153909	20549936	23886479	3837	3837	0	0	0	170219	313759	297454	277453	289772	283785	311865	346295	319152	385136	419921	405714	541038	459530	593553	619589	639025	778305	713836	935513	881018	1004293	1135986	1122669	1282423	1551376	1642943	1962079	2257783	3011612	3353438	5433598	12803871	36101485	7075106	0	0	0	0.6781
47	26118420	19137626	20531284	23929412	7689	7689	0	0	0	173150	311973	295778	277733	292624	285793	315147	351537	320490	389691	426496	408020	549024	462984	604014	624278	646586	787352	714624	948347	886648	1008713	1143606	1129804	1284172	1558197	1652669	1972475	2262059	3029242	3371658	5454379	12822495	35904183	7050801	0	0	0	0.6859
48	25997801	19250450	20541142	23913034	22004	22004	0	0	0	182098	333212	316105	294320	308400	300689	330605	365489	335173	405198	441454	421850	566439	476511	621206	640138	660397	803419	730117	962903	902015	1023048	1159962	1142228	1301203	1574390	1663385	1991827	2279090	3038481	3394523	5467562	12794993	35441999	7031998	0	0	0	0.7356
49	26126296	19162122	20584112	23792381	59520	59520	0	0	0	195574	359187	335990	312514	325092	314048	343614	380754	345800	418594	455312	436033	581668	487862	636202	654845	672634	818707	743967	980281	917678	1038441	1177786	1157531	1316854	1593159	1684128	2008230	2301002	3059799	3425856	5499057	12768222	34952080	6966410	0	0	0	0.8142
50	26135814	19102926	20569571	23851774	64346	64346	0	0	0	210997	387122	366070	336573	351746	338568	370877	410702	368155	450135	487260	461187	620234	511645	676884	688854	706121	853730	773439	1022247	950382	1068450	1215893	1195703	1353949	1639158	1728629	2055985	2362332	3117554	3519307	5627303	12669880	33630943	7132071	0	0	0	0.8740
