#Name	E:\SaveData\2016-10-13_16_03_13_1001160050_R0039_A_CL100009724_BGI12084_WESPE_result\\CL100009724\L02\CL100009724_L02_30_2.fq
#PhredQual	33
#ReadNum	90085786
#row_readLen	50
#col	48
#BaseNum	4504289300
#N_Count	4331857	0.096172
#GC%	45.16
#Q10%	98.08
#Q20%	91.33
#Q30%	77.54
#EstErr%	0.824835
#Pos	A	C	G	T	N	0	1	2	3	4	5	6	7	8	9	10	11	12	13	14	15	16	17	18	19	20	21	22	23	24	25	26	27	28	29	30	31	32	33	34	35	36	37	38	39	40	41	Err%
1	28559941	22223140	19989322	19142720	170663	170663	0	0	0	10335	41978	54632	62825	80500	101564	204542	255664	253229	355602	425623	384055	669418	429404	744062	689391	830170	955565	835364	1282686	988005	1240681	1405096	1330267	1458451	1879591	1949103	2198836	2397229	3464122	3426431	5504314	12465923	37358672	4181793	0	0	0	0.5073
2	24312204	18258491	21027485	26438348	49258	49258	0	0	0	30343	94906	124990	142676	180524	206544	327480	410234	366507	494760	584683	472023	843971	500496	890727	781134	927435	1064621	888113	1386478	1020359	1304756	1463717	1335644	1494223	1899181	1956621	2181087	2353494	3470111	3330215	5373183	12481080	36031611	3622601	0	0	0	0.5360
3	23226689	21912540	17522587	27311278	112692	112692	0	0	0	33786	95115	120477	134813	168934	192484	315238	397696	353564	486761	570732	466039	831242	491309	883582	776515	910855	1051223	878644	1369730	1012566	1280445	1444279	1325561	1466352	1870185	1926408	2147460	2319692	3418700	3307590	5328361	12429534	36221715	3945507	0	0	0	0.5948
4	24061306	21208498	18026819	26787453	1710	1710	0	0	0	27853	85157	111054	126683	160045	183329	306811	383705	349464	473415	558453	461341	810362	496261	862413	775310	890849	1043449	865422	1347205	1017314	1260951	1437228	1319551	1451373	1853634	1914472	2134551	2314572	3375863	3307091	5329813	12467464	36578699	4002919	0	0	0	0.4528
5	24042334	20537312	19030825	26419454	55861	55861	0	0	0	30431	94182	118949	135013	168271	193192	318942	394038	363367	483772	568993	474315	815899	514761	869208	784045	895211	1052948	875229	1342148	1024834	1266519	1439334	1322976	1465387	1853636	1918220	2147053	2330939	3370797	3321806	5332510	12419269	36200757	4122974	0	0	0	0.5299
6	23557021	20868107	18876778	26729213	54667	54667	0	0	0	32776	97518	121329	135472	168191	191312	318176	391189	360799	479634	564881	472146	807697	511500	863705	781917	889581	1047619	870788	1338646	1023894	1259134	1434169	1319309	1456674	1849177	1911853	2140158	2325790	3360469	3333238	5346362	12446174	36219358	4160484	0	0	0	0.5296
7	24264651	20305354	19639393	25864058	12330	12330	0	0	0	35594	101796	128099	144942	178238	200021	327725	399566	368185	485299	568182	479468	807922	520530	861605	787370	887652	1049921	873549	1330644	1027073	1257674	1432833	1319562	1459994	1841703	1909700	2137870	2328607	3340886	3338508	5348615	12441122	36065435	4287566	0	0	0	0.4955
8	23119659	21185993	18297443	27316980	165711	165711	0	0	0	33327	101877	125737	139852	172405	193622	319542	394108	360337	482103	566780	471300	810931	506232	864816	782934	887756	1046308	868360	1338937	1021231	1251185	1431559	1316779	1445687	1840000	1899622	2124270	2307745	3348412	3310382	5319034	12430274	36238129	4168502	0	0	0	0.6583
9	23030791	20909192	18665703	27476905	3195	3195	0	0	0	28810	89312	114439	129602	161767	184344	312310	383962	354432	476037	558611	467660	801378	505726	857506	778524	882456	1041461	866443	1330725	1020410	1250410	1426529	1315954	1448233	1841643	1902223	2129666	2317774	3352085	3326372	5340607	12473734	36311327	4300119	0	0	0	0.4594
10	23262382	20741754	19016850	26659951	404849	404849	0	0	0	37190	102871	128332	142838	176415	196937	325903	400445	362526	487417	570330	473633	813037	509371	869489	785456	884426	1044921	866679	1331696	1022762	1244954	1425234	1314463	1439134	1830189	1893287	2119130	2302846	3329769	3305450	5303399	12406906	35951385	4282117	0	0	0	0.9303
11	23401804	20815106	19067258	26789096	12522	12522	0	0	0	38048	111484	138505	152570	187369	207742	336505	412663	372188	497201	578938	483815	818485	519435	872820	792815	888358	1050949	873658	1333655	1032053	1246650	1425637	1319319	1444843	1835493	1895380	2123872	2310252	3331827	3324922	5326662	12456810	36003225	4329116	0	0	0	0.5117
12	23310644	21044167	19069619	26660746	610	610	0	0	0	37298	109783	135355	151198	184628	206262	338164	411430	376203	498052	578936	489008	814095	528273	869248	798002	886193	1051069	875144	1326928	1037671	1247293	1426448	1319531	1448906	1834271	1893975	2130276	2320671	3318758	3334014	5329589	12451147	35915219	4412138	0	0	0	0.4963
13	23401890	20912166	19113145	26550985	107600	107600	0	0	0	42529	123308	147957	162215	194677	215384	346601	418811	381846	503311	584222	493257	817084	533534	873043	800881	885226	1053059	873983	1323239	1038216	1244209	1425047	1319971	1447068	1829548	1891746	2126230	2318932	3314263	3332664	5324563	12418317	35699038	4474207	0	0	0	0.6340
14	23350668	20925533	19180280	26626008	3297	3297	0	0	0	40809	117608	144211	159220	193598	214266	346459	420386	380910	506515	586678	494304	823138	531286	877051	801528	886945	1054769	875861	1328248	1041266	1243175	1429302	1320905	1442690	1832490	1891293	2125717	2314719	3310777	3334336	5325314	12446881	35770889	4468945	0	0	0	0.5141
15	23261600	21081114	19239916	26502767	389	389	0	0	0	44060	122871	149056	163946	197463	217189	350748	424451	383198	510550	586901	495100	821068	531933	874708	805207	883183	1055545	873784	1323943	1042320	1238621	1424782	1321968	1440444	1828035	1888021	2118447	2316361	3297542	3339024	5332239	12458763	35669942	4553984	0	0	0	0.5187
16	23226022	20976237	19264385	26333324	285818	285818	0	0	0	73140	194410	228296	243785	288223	303455	351963	425064	378968	501273	572513	487288	798011	524211	849337	787779	859545	1027260	857749	1289576	1029409	1215242	1400623	1304023	1422783	1800392	1865736	2100734	2299624	3265023	3333478	5312723	12409515	35354158	4644659	0	0	0	0.9370
17	23261934	21005975	19372353	26378891	66633	66633	0	0	0	72032	193428	224810	240993	283472	300623	349533	421909	382247	501807	574761	493260	795582	535210	852964	796276	863941	1036575	865626	1294775	1038906	1224760	1406770	1309655	1432846	1808850	1872197	2112411	2314044	3267508	3349924	5329702	12428192	35326259	4717305	0	0	0	0.6908
18	23126206	21257825	19327727	26335906	38122	38122	0	0	0	73473	196729	229975	245060	287139	302743	353322	425009	379320	504530	573331	491076	796898	530226	849747	794311	859934	1031840	861103	1293007	1035881	1215648	1405320	1312400	1423690	1802873	1869505	2106441	2311263	3267853	3344650	5322174	12439095	35387445	4724653	0	0	0	0.6644
19	23161628	21193176	19437484	26291442	2056	2056	0	0	0	77087	207593	238232	253152	295331	312026	360466	430945	388355	508669	578139	501181	798273	542823	853862	801682	862236	1037532	868742	1286956	1043791	1220145	1404159	1315388	1436274	1807581	1867490	2113802	2319539	3257079	3356908	5335938	12416962	35141658	4843734	0	0	0	0.6400
20	23229068	21118616	19403877	26316869	17356	17356	0	0	0	82896	214102	246169	260864	303507	315871	366897	438138	388498	514746	582793	499471	802480	537985	856293	801074	856231	1032848	861660	1285215	1041967	1208224	1401748	1309610	1420988	1798797	1863379	2106446	2313316	3246268	3356336	5331082	12427998	35140263	4854270	0	0	0	0.6693
21	23126932	21238596	19389043	26218306	112909	112909	0	0	0	87544	225107	254526	268167	309778	320401	370929	442756	391638	517053	583709	501048	800469	538455	853311	800645	853483	1032170	861712	1278266	1043010	1208615	1397530	1311069	1418504	1795335	1859599	2101734	2313799	3236952	3360774	5331294	12411449	34981027	4911019	0	0	0	0.7881
22	23146551	21199532	19489713	26103554	146436	146436	0	0	0	98973	245854	273671	284315	326430	333677	382531	454566	398558	524864	590027	505994	804025	540589	856054	801780	849187	1029505	860208	1274270	1044170	1199810	1393228	1308147	1417070	1789891	1853483	2101383	2311678	3225350	3361756	5335944	12395658	34808096	4958608	0	0	0	0.8550
23	23280703	21100507	19513019	26185207	6350	6350	0	0	0	100881	250503	278470	290881	331484	341729	391162	461979	408863	533344	600540	517452	809539	558191	862961	813948	857965	1040472	873081	1281158	1056572	1213294	1403715	1319581	1432131	1798541	1864412	2115957	2330590	3228272	3391092	5360609	12380210	34515743	5064114	0	0	0	0.7118
24	23177490	21245997	19543371	26096361	22567	22567	0	0	0	103730	260834	286175	296354	336338	345267	393950	463492	411628	532247	597457	520429	801995	562510	856570	812792	852511	1035025	871997	1267194	1055178	1209775	1399427	1318494	1432568	1788245	1858837	2116222	2333835	3220037	3388163	5360614	12374998	34454804	5143527	0	0	0	0.7395
25	23254903	21179543	19580606	25956588	114146	114146	0	0	0	96853	249986	278193	290009	330820	340414	390255	459632	409706	532397	599203	519106	805970	560698	860747	813907	857351	1038003	874383	1276741	1057024	1211514	1399426	1322656	1431282	1794476	1858574	2115471	2332774	3217313	3388781	5352888	12364313	34409010	5131764	0	0	0	0.8285
26	23224754	21091364	19603052	26006982	159634	159634	0	0	0	105347	265197	291661	302162	342188	349392	398843	469655	412468	538261	602250	521704	806477	559959	861954	814310	852038	1037153	870419	1268009	1057676	1205139	1398095	1318583	1427842	1792282	1856224	2110255	2331623	3212853	3392726	5352053	12353888	34282339	5165127	0	0	0	0.9002
27	23107757	21297296	19595766	26024626	60341	60341	0	0	0	106964	273477	299216	308150	348021	352993	403085	472410	415633	541925	604658	526861	809699	567991	863557	819930	855798	1040185	875715	1269505	1065018	1207749	1400723	1323686	1428485	1794697	1856998	2115796	2336505	3213265	3395433	5349083	12341567	34235480	5205187	0	0	0	0.8005
28	23177211	21276709	19665085	25960459	6322	6322	0	0	0	120008	282818	306710	313992	354580	359102	410237	477759	422508	548262	609330	534586	811668	573490	867516	826116	858382	1044411	879793	1269081	1069288	1211560	1402044	1326341	1435345	1794251	1861771	2120158	2345173	3211719	3405408	5364447	12337708	34055080	5268822	0	0	0	0.7580
29	23078183	21093307	19584827	25953061	376408	376408	0	0	0	143639	309277	331298	334026	371358	372129	424903	490338	431769	558041	616939	541745	815898	580950	869926	827968	858729	1040847	881720	1266389	1069253	1209904	1398115	1324958	1431463	1787930	1852670	2109080	2337535	3191551	3392622	5337140	12241022	33683932	5274314	0	0	0	1.2093
30	23144041	21292864	19638412	25994797	15672	15672	0	0	0	136046	300383	323649	328792	367384	370409	422352	489869	431220	557986	618403	541559	815950	581574	872142	833366	860896	1046549	886323	1269135	1078030	1209411	1401893	1331657	1438644	1796334	1860699	2121073	2347841	3207200	3415895	5370795	12308555	33790391	5337709	0	0	0	0.7983
31	23227746	21241226	19778438	25811936	26440	26440	0	0	0	127713	316099	335297	339757	379297	378152	429394	496682	436890	562658	622089	545751	816135	586155	874176	834122	858114	1045256	885115	1263346	1080427	1209313	1401353	1330811	1439380	1793627	1859749	2126179	2357966	3203089	3433958	5389984	12298986	33583536	5418790	0	0	0	0.8233
32	23224975	21194079	19725468	25872924	68340	68340	0	0	0	125790	312135	331103	336066	373339	374672	424141	490806	432919	555315	615605	542890	808521	583992	866519	829973	853302	1039979	882376	1256608	1076684	1206636	1396917	1327612	1434857	1791425	1852032	2121464	2354250	3198152	3416154	5363485	12295949	33701991	5443787	0	0	0	0.8612
33	23136627	21299470	19715908	25800845	132936	132936	0	0	0	135284	333094	348778	351847	386921	387504	435779	502293	443737	564351	624081	551828	814596	592200	871881	835956	855427	1044337	890077	1256706	1083030	1206917	1398754	1334717	1440963	1791512	1855746	2123961	2358639	3188204	3426051	5374605	12267028	33388896	5487150	0	0	0	0.9620
34	23136399	21209593	19768044	25673039	298711	298711	0	0	0	147233	355789	370086	369120	404069	401891	452476	518518	454537	579052	636306	565452	824669	607354	881207	849022	863716	1054819	899470	1263938	1095921	1215630	1404178	1341542	1450122	1796483	1858957	2131681	2366612	3181475	3444894	5390695	12193983	32900166	5516012	0	0	0	1.1812
35	23161895	21283447	19791128	25826948	22368	22368	0	0	0	148315	360435	372424	370225	406267	401999	451469	518958	454148	577748	634969	563142	822644	601894	880132	848136	861331	1049076	896210	1261609	1094191	1211185	1401245	1340233	1446313	1798406	1859652	2134151	2373714	3193465	3456531	5408962	12243787	33033623	5586829	0	0	0	0.8773
36	23125119	21364868	19786669	25799800	9330	9330	0	0	0	144040	359523	372834	371043	404025	400739	449228	514500	454935	575563	631391	564962	814995	604848	874858	846106	857720	1046787	897449	1253161	1095070	1213310	1400931	1341392	1449816	1794985	1862516	2131355	2376152	3183509	3443325	5383667	12238825	33106193	5616703	0	0	0	0.8592
37	23168227	21366696	19868958	25679675	2230	2230	0	0	0	142720	365488	378132	375087	408691	404841	454555	518885	459263	577123	634387	569285	818710	609807	876605	849267	860858	1051909	900871	1256761	1098673	1216636	1400769	1345104	1453525	1797428	1860890	2141782	2379884	3186922	3458182	5396661	12222024	32972726	5639105	0	0	0	0.8587
38	23099172	21336610	19848469	25798985	2550	2550	0	0	0	161664	391952	402155	396572	429536	423145	471657	537888	472542	594911	652059	580287	836037	619891	894294	864008	871227	1064246	909707	1267744	1110539	1222253	1412588	1357851	1459306	1809511	1869605	2150908	2392034	3190121	3475125	5423049	12173607	32555613	5639604	0	0	0	0.9027
39	23049095	21395765	19849725	25780031	11170	11170	0	0	0	159366	390376	401134	394900	429135	417678	470523	536184	466849	593389	649993	577379	833697	616285	890271	858837	863429	1057377	905110	1263624	1108824	1214790	1411787	1354089	1453445	1804574	1867177	2146650	2395269	3190236	3481585	5426308	12191812	32577904	5674630	0	0	0	0.9077
40	23034323	21397462	19956864	25653483	43654	43654	0	0	0	174490	417687	422862	411818	440368	429617	477815	541690	472863	597224	650181	582627	827826	622048	885478	860052	862620	1053972	906495	1252723	1109456	1213427	1400627	1353769	1455923	1798463	1858627	2141086	2392424	3174480	3469693	5406587	12164461	32463565	5749088	0	0	0	0.9754
41	23060371	21352876	19886729	25745387	40423	40423	0	0	0	162241	403613	411877	403671	434279	424718	473231	539170	470878	593564	647420	579675	829088	620773	886559	860211	860900	1053043	903895	1253599	1109606	1209068	1404038	1352948	1455194	1801063	1862952	2143447	2392632	3179537	3477017	5415412	12172557	32505135	5752352	0	0	0	0.9535
42	22956973	21475947	19863273	25722029	67564	67564	0	0	0	181680	439755	442521	427932	457173	442520	492750	555838	485134	609814	660079	591994	836144	630328	897484	868441	866694	1060878	913741	1257414	1117400	1213262	1409200	1361316	1459131	1805183	1864485	2149248	2401755	3176447	3484015	5411300	12126814	32166480	5753872	0	0	0	1.0328
43	22905922	21366731	19875350	25571022	366761	366761	0	0	0	179889	444867	446851	433490	460447	444961	494540	557973	485297	608400	661816	593761	835243	632244	894140	867997	866933	1056202	912580	1251863	1118877	1212250	1404975	1358192	1460446	1799545	1859633	2147462	2399653	3170272	3487721	5405773	12063560	31908901	5792271	0	0	0	1.3696
44	22902404	21380038	19893021	25704177	206146	206146	0	0	0	198523	488450	482994	463073	488005	469527	516837	579494	503586	627338	676633	611934	847594	647091	905426	880363	875880	1067617	925480	1259139	1132807	1223038	1412587	1371484	1472925	1807231	1867978	2160277	2416729	3172642	3510483	5430412	12026496	31555808	5803759	0	0	0	1.2492
45	22811544	21548475	19928763	25778774	18230	18230	0	0	0	242927	530869	523706	496513	519841	497111	547154	611317	525511	656471	707134	635551	880381	670093	935858	912209	897185	1097266	950935	1287138	1162112	1247116	1440886	1398858	1496629	1841202	1899569	2198041	2461599	3204229	3569807	5500383	11942949	30865366	5713640	0	0	0	1.1185
46	22894821	21509553	19994928	25597941	88543	88543	0	0	0	215089	521439	516534	490448	514513	489727	538611	603548	518726	647143	697076	625060	867725	657739	925656	901173	885818	1082688	938594	1274618	1151302	1232467	1431477	1391531	1488616	1832290	1891116	2185019	2457323	3204463	3568262	5498849	11974612	31013004	5764987	0	0	0	1.1707
47	22928811	21465462	19968808	25713551	9154	9154	0	0	0	205700	511028	504044	480456	504420	482153	531009	592775	513976	638981	689299	622003	858525	658833	917182	894230	884464	1077417	937741	1267806	1147392	1231685	1426994	1387213	1486365	1825425	1884114	2179825	2448389	3186378	3544090	5466184	11997254	31221573	5871709	0	0	0	1.0626
48	22743401	21571722	19949906	25653617	167140	167140	0	0	0	206148	523720	515375	489009	511646	487529	535266	597600	518676	641361	690469	624866	856813	663398	916976	894209	883297	1078021	939333	1264355	1149490	1231051	1422180	1386608	1487974	1820034	1879464	2179006	2443931	3182734	3538797	5447210	11956462	31074160	5881478	0	0	0	1.2512
49	22884260	21540707	20034938	25565540	60341	60341	0	0	0	215819	539121	528209	501245	523709	497147	545746	605643	525687	650487	699383	632021	864016	667552	924808	903325	886692	1082188	945230	1270514	1159046	1234787	1427487	1394633	1490731	1829691	1887073	2187897	2459071	3191223	3552224	5457148	11945220	30921717	5878955	0	0	0	1.1564
50	22844974	21485727	20038364	25613019	103702	103702	0	0	0	247207	606168	592842	557557	575257	537854	590862	655189	557215	694560	745471	662577	914861	689579	970538	940320	914213	1119972	972972	1310504	1198958	1260181	1469684	1441029	1529713	1882170	1945828	2249533	2541055	3254448	3682316	5609450	11763491	29389844	5908666	0	0	0	1.3092
