#Name	E:\SaveData\2016-10-13_16_03_13_1001160050_R0039_A_CL100009724_BGI12084_WESPE_result\\CL100009724\L02\CL100009724_L02_26_2.fq
#PhredQual	33
#ReadNum	64225672
#row_readLen	50
#col	48
#BaseNum	3211283600
#N_Count	3129383	0.097450
#GC%	45.09
#Q10%	98.09
#Q20%	91.44
#Q30%	77.79
#EstErr%	0.821229
#Pos	A	C	G	T	N	0	1	2	3	4	5	6	7	8	9	10	11	12	13	14	15	16	17	18	19	20	21	22	23	24	25	26	27	28	29	30	31	32	33	34	35	36	37	38	39	40	41	Err%
1	20554055	15697135	13834910	14013729	125843	125843	0	0	0	7055	28426	37197	42866	54600	68913	139060	174731	172856	243779	290383	264324	459136	296162	512722	475785	574477	660988	579846	889079	687316	869553	978409	931404	1024347	1317242	1367045	1543253	1687920	2432969	2409464	3890320	8770414	27135931	3081857	0	0	0	0.5023
2	17766083	13220384	14537294	18667379	34532	34532	0	0	0	22722	69056	89329	102039	127273	144515	226983	281075	255195	340644	402099	328605	575431	352785	610256	543486	639762	737889	620465	956257	716820	912645	1024951	938968	1051060	1331445	1373916	1536643	1663922	2424846	2365739	3829617	8814838	26084516	2695348	0	0	0	0.5271
3	16948992	15407850	12633629	19152092	83109	83109	0	0	0	24614	65914	82278	92386	115594	130877	214871	267149	242137	329180	388343	318823	565030	342179	601543	537044	628121	728998	609600	947889	709007	895876	1009492	928901	1030813	1312880	1354845	1513419	1640458	2396437	2341513	3788706	8781131	26360257	2846258	0	0	0	0.5821
4	17363322	15192537	12804936	18863584	1293	1293	0	0	0	19830	59473	76914	87859	110350	127252	210623	262671	240363	324249	383099	317230	557315	343935	594760	535540	621769	728361	606751	940230	709973	885619	1008944	924591	1023407	1304750	1348127	1505930	1632527	2372945	2341569	3782137	8794535	26508842	2931909	0	0	0	0.4401
5	17134119	14652644	13492977	18905423	40509	40509	0	0	0	21014	64506	81735	92130	115609	132427	219362	269001	251146	329693	390049	328109	555599	362229	594169	543345	618521	731555	611556	928000	719100	889102	1007954	925869	1033985	1303999	1348634	1514401	1650835	2365784	2357778	3805073	8758552	26184843	3079499	0	0	0	0.5152
6	16650812	14854258	13496591	19185683	38328	38328	0	0	0	19200	61105	76479	86858	107845	124494	210162	260116	243188	323893	382633	320819	551428	350865	593927	536942	617717	724071	606216	929214	709623	883838	1001632	922132	1029339	1299940	1346223	1509659	1642845	2376042	2349675	3802484	8782335	26284283	3120122	0	0	0	0.4963
7	17120978	14462605	14020751	18611673	9665	9665	0	0	0	21473	64238	82273	93032	116155	131513	218050	269995	246952	331363	388858	325863	560283	353440	598683	542176	620495	730292	610483	935393	717029	886332	1005951	928688	1028099	1302619	1347925	1511757	1644909	2370905	2354092	3794719	8777579	26257974	3046419	0	0	0	0.4672
8	16347345	15069771	13091740	19600200	116616	116616	0	0	0	22221	71663	88283	97793	120446	135709	222499	274513	253316	335781	392277	331008	559979	359166	600366	544259	619797	728301	610985	927297	718744	881741	1000136	924161	1025912	1292889	1336893	1505143	1642734	2347895	2357947	3796013	8769874	25987304	3226011	0	0	0	0.6463
9	16264799	14939206	13338326	19680913	2428	2428	0	0	0	21902	66802	83222	93778	116171	131217	218353	268394	246550	330432	386381	326681	555644	355499	595325	545473	615608	728673	607973	930193	720325	877943	1001899	929684	1018178	1297034	1340244	1503240	1634260	2350710	2355381	3789873	8799309	26320531	3060362	0	0	0	0.4573
10	16406289	14833200	13559437	19132681	294065	294065	0	0	0	28835	78277	95604	105336	128634	142510	230274	280823	257510	339829	395685	336388	560738	363786	599391	547065	616381	725966	608970	922782	721814	875940	994780	925036	1018945	1287904	1331328	1496356	1634668	2327616	2358690	3784334	8742587	25801577	3265248	0	0	0	0.9416
11	16522053	14888225	13598040	19208075	9279	9279	0	0	0	27128	79438	97752	107905	130977	145376	234796	285227	259987	344525	400725	336967	564459	364479	601555	552567	617421	731988	611477	925302	723300	874379	999631	926632	1021568	1292428	1335519	1500310	1636933	2334699	2362049	3793729	8786675	26020202	3188288	0	0	0	0.5032
12	16512091	15015640	13591003	19106403	535	535	0	0	0	26524	78208	95316	105803	129245	143631	234190	284545	262457	343594	399421	340460	561431	371614	600932	554952	617034	733195	615146	923381	728838	878197	1000741	929046	1021431	1289215	1332973	1503347	1643627	2332743	2367389	3793088	8782827	25942049	3258547	0	0	0	0.4866
13	16611599	14923768	13595264	19018348	76693	76693	0	0	0	29804	88292	104005	113432	136717	150854	241275	290187	266788	347992	404581	344566	563114	376136	601670	557580	615691	735077	614694	918244	730960	876411	1000298	927896	1027508	1287582	1333591	1501458	1647519	2325264	2371748	3796451	8759264	25737857	3324473	0	0	0	0.6245
14	16586079	14917781	13637639	19081479	2694	2694	0	0	0	28576	83702	100822	111645	135619	149393	240422	291601	265710	350762	404853	343970	566296	373886	608106	560304	618257	735441	616378	924140	730346	875424	1002301	929756	1019818	1288635	1332081	1501972	1642060	2324680	2368442	3797497	8776870	25849410	3273803	0	0	0	0.5044
15	16542258	15002860	13692980	18987243	331	331	0	0	0	30385	87532	104941	114548	139269	153217	245127	295839	269446	352363	405502	347943	566607	377531	605356	562771	616380	736160	614751	919910	734413	872639	999155	931032	1020349	1286533	1331670	1501658	1646588	2319349	2377052	3802626	8778544	25717457	3360698	0	0	0	0.5099
16	16534186	14944788	13675804	18865447	205447	205447	0	0	0	51284	137124	159663	170620	200605	211204	245909	294210	265573	348556	399747	341538	553050	371006	588427	551205	602463	718776	606112	897888	723794	859432	983221	917534	1009246	1266585	1315246	1489566	1633378	2294192	2367889	3782209	8744729	25500490	3417754	0	0	0	0.9280
17	16580188	14947282	13747478	18903830	46894	46894	0	0	0	50913	136978	157842	168585	197625	212027	243995	292554	267681	347262	399124	345382	551532	377979	591981	556809	603842	725391	610689	901141	732856	863056	988891	925094	1015445	1273434	1322969	1496057	1643647	2297749	2379852	3800931	8749852	25475566	3474047	0	0	0	0.6794
18	16496254	15125834	13725050	18851004	27530	27530	0	0	0	51809	138768	161389	171478	201852	213595	247073	296584	267553	350789	400437	345461	553787	374494	592316	556306	601074	723719	606857	899808	728640	858508	987009	924677	1011851	1272695	1319394	1493331	1642940	2298270	2377047	3795229	8755794	25532427	3445181	0	0	0	0.6554
19	16541892	15078050	13794102	18810073	1555	1555	0	0	0	54019	146961	167890	177534	206802	219260	253271	299467	273653	354860	404431	353500	553078	384214	592816	561225	603400	727325	614131	899004	737896	860559	990673	927825	1017780	1274818	1320968	1499926	1649021	2290740	2388164	3804943	8743123	25322693	3548147	0	0	0	0.6307
20	16584541	15016832	13781247	18830631	12421	12421	0	0	0	58343	151664	172726	183337	213098	222123	256572	306363	273645	357639	406439	351402	555856	381824	593329	560506	600027	723513	609182	895998	735305	854048	985480	925598	1009673	1270321	1315171	1493037	1642409	2285251	2388219	3799117	8750855	25329318	3555863	0	0	0	0.6597
21	16527950	15088384	13794296	18732719	82323	82323	0	0	0	61183	158767	178840	187924	216633	225766	259628	308957	274874	360272	406935	352490	554215	383259	593637	559795	598200	720899	607259	892238	735678	852815	981577	924898	1010596	1266617	1313276	1491238	1646376	2280079	2391775	3800888	8731500	25200985	3613280	0	0	0	0.7802
22	16553903	15080621	13853692	18630633	106823	106823	0	0	0	69176	174842	193784	200687	229461	234152	269817	318358	280728	366645	413532	356815	557018	384997	595794	562149	596654	721262	608315	889275	736789	848427	979956	923945	1004264	1263858	1310884	1487440	1643326	2272166	2391763	3799777	8728894	25067117	3636782	0	0	0	0.8504
23	16630641	15004112	13875925	18709471	5523	5523	0	0	0	70872	177241	197986	205044	234590	241251	275073	323192	289244	372984	418168	365001	561628	394044	602073	571084	601838	728454	616489	892240	746367	857546	988767	932244	1019601	1269382	1317322	1500395	1657231	2274210	2413209	3825046	8720283	24833149	3726901	0	0	0	0.7053
24	16558551	15098806	13924402	18627490	16423	16423	0	0	0	72586	183860	202573	209078	236490	243292	276778	323020	289777	373069	416310	366371	558191	398552	596453	570347	600883	725821	616051	886718	747227	857548	984004	932477	1021309	1268174	1313331	1498589	1659166	2268887	2412206	3821706	8712087	24797051	3769267	0	0	0	0.7305
25	16608104	15048627	13955644	18531556	81741	81741	0	0	0	69023	178002	197981	204887	233383	240300	275690	322007	289609	372228	418174	367309	561580	397819	601325	573132	602346	730765	619356	890637	748553	857152	988047	933995	1019349	1270264	1315378	1500251	1659879	2265726	2413191	3817759	8700508	24750913	3757413	0	0	0	0.8229
26	16575673	14999431	13967759	18567227	115582	115582	0	0	0	74445	190096	207178	213932	241922	247042	281579	328204	292473	376946	422367	368925	563371	399784	601509	573134	600189	726358	617310	888848	749869	853414	985073	930136	1016848	1268413	1314644	1498405	1658227	2263255	2413024	3821079	8693371	24648821	3779899	0	0	0	0.8974
27	16508618	15128290	13980670	18564609	43485	43485	0	0	0	75394	196189	213329	219118	245672	250620	284883	331920	295589	379521	424901	373968	562495	403019	604682	577972	602650	731449	619322	888743	754166	857105	986532	935371	1020114	1268921	1316743	1501882	1663512	2263504	2419185	3817773	8685334	24598732	3811877	0	0	0	0.7967
28	16559709	15115150	14021768	18523788	5257	5257	0	0	0	85900	203032	218935	223869	251885	255248	290245	336917	300704	384529	427190	378520	568105	408362	606123	579810	604949	733926	625551	891355	757515	857423	989207	939774	1023202	1272418	1317207	1504656	1668622	2263765	2426398	3829692	8672571	24475339	3847471	0	0	0	0.7565
29	16471588	14982754	13961833	18533312	276185	276185	0	0	0	103755	220812	234649	236944	263551	264396	299684	345666	305858	390007	432010	383392	569507	413512	608646	583167	604887	732977	624848	887379	759081	856726	984386	937522	1019918	1266474	1313645	1501312	1664154	2249489	2420253	3804762	8612820	24199386	3853912	0	0	0	1.2172
30	16515704	15119639	14025109	18552838	12382	12382	0	0	0	98252	215867	231301	234321	260677	262225	299581	346421	306678	392211	434262	384287	570796	414129	609965	587145	605535	736149	626854	889260	763236	859673	988542	942594	1023055	1272424	1319433	1508725	1675618	2260237	2434900	3831423	8653979	24275574	3897961	0	0	0	0.7983
31	16587963	15096114	14099319	18423311	18965	18965	0	0	0	90753	226048	239356	242148	267421	269193	303849	350177	309801	393797	435385	388500	571704	417754	612134	589061	606376	735476	629421	887021	765270	858365	989383	943151	1027174	1273542	1317101	1511939	1679874	2258731	2447075	3847648	8655308	24107796	3958975	0	0	0	0.8196
32	16580218	15056356	14083217	18458206	47675	47675	0	0	0	88928	222761	235997	239193	263128	265267	300939	345963	307722	390217	430448	385249	565848	415292	605562	583975	601215	729936	626764	881269	764852	854847	984674	940539	1025819	1267822	1313972	1509350	1677251	2254385	2437022	3827751	8649677	24210744	3973619	0	0	0	0.8547
33	16519922	15141151	14071541	18398414	94644	94644	0	0	0	95532	239830	248952	250659	274900	273948	309435	353900	315060	397866	437761	392087	570081	423282	610511	589712	604103	735881	632356	882845	767506	856941	987608	944286	1027277	1268132	1315144	1510431	1681067	2251826	2444867	3830511	8627465	23977967	4001299	0	0	0	0.9588
34	16527987	15085025	14100900	18299086	212674	212674	0	0	0	105437	257220	265744	264513	287597	285940	320845	366185	324975	407489	449046	402617	577513	431348	619865	600177	610560	741840	638662	889186	777999	861999	991069	951137	1034823	1273261	1318392	1514202	1687282	2245481	2461160	3852200	8573335	23605624	4018275	0	0	0	1.1812
35	16535590	15143088	14125679	18405350	15965	15965	0	0	0	105469	258586	266168	264475	288604	285904	320995	366888	322995	406508	446589	401606	577681	429265	618223	598224	608475	739078	636480	884220	776402	862970	993290	950295	1033309	1274410	1318628	1517832	1694181	2252580	2468504	3861247	8612353	23705894	4061379	0	0	0	0.8755
36	16520211	15191764	14130700	18376137	6860	6860	0	0	0	101620	258589	266285	265434	287998	286318	320105	364684	323489	406243	445403	402665	572931	433244	614601	596959	607947	738131	638389	883206	775672	863616	989341	951996	1035331	1271839	1318303	1518500	1696336	2247823	2457694	3839394	8600267	23756806	4081653	0	0	0	0.8586
37	16562151	15195324	14180342	18286208	1647	1647	0	0	0	102188	263826	271578	269666	291700	289245	322218	366690	326375	408150	448965	404442	575465	436170	617479	599722	609679	739976	641668	883889	780182	864053	992576	955541	1040564	1275298	1322083	1523926	1698762	2249814	2467539	3848136	8591353	23648505	4096602	0	0	0	0.8601
38	16501819	15177335	14163108	18381026	2384	2384	0	0	0	115755	284628	288972	284712	306778	301622	335831	381097	336125	421740	460146	416157	588721	443484	628968	612001	618165	749915	648669	891699	791458	870347	999241	964573	1045200	1282794	1328563	1529609	1710782	2253374	2486345	3868099	8554000	23329227	4094491	0	0	0	0.9065
39	16479303	15218660	14177650	18341977	8082	8082	0	0	0	113659	282867	289153	282734	306478	299523	335191	379815	334063	419406	458207	412094	586539	440666	628216	609393	612061	747561	643505	891352	788032	863735	998574	961937	1039749	1280500	1326219	1529007	1708064	2256294	2484853	3876877	8567213	23348538	4115515	0	0	0	0.9107
40	16474035	15210922	14219304	18289841	31570	31570	0	0	0	124202	300954	303218	295023	315541	307058	340298	384635	338414	421335	458871	416528	582923	446281	624445	608167	610705	743245	647204	883798	790106	863773	993641	961568	1041346	1276608	1321733	1528158	1709583	2245953	2477193	3857780	8538297	23271232	4164286	0	0	0	0.9777
41	16480717	15173689	14193958	18348413	28895	28895	0	0	0	115898	291740	295344	289309	310751	303566	337623	382537	335681	420447	457945	413580	583768	441834	623759	608252	609542	743740	644768	884073	786832	864025	994917	962078	1040848	1277375	1321036	1527855	1710664	2248598	2483907	3863728	8551432	23301241	4168084	0	0	0	0.9558
42	16402726	15255235	14187105	18332243	48363	48363	0	0	0	128725	316995	317006	307329	325668	315920	349652	395757	346244	431770	467221	422966	590094	452093	632935	614624	615142	749055	651959	887067	793730	867122	997934	964809	1043657	1281938	1324515	1528740	1716849	2246055	2486752	3861839	8515516	23056845	4172786	0	0	0	1.0343
43	16356849	15195944	14183119	18224216	265544	265544	0	0	0	128026	322154	320888	309771	328998	319470	352790	395793	346918	431421	466884	424030	588998	452112	629381	615039	614577	748406	651302	883764	794818	865630	995018	966825	1043301	1277851	1321087	1530745	1715823	2241095	2488674	3858289	8470202	22871074	4188974	0	0	0	1.3787
44	16350358	15212706	14203526	18308889	150193	150193	0	0	0	141992	351712	347682	332931	349426	336470	368808	412415	359984	443610	479577	437069	596369	464597	639000	625743	620771	754180	661308	888786	805347	874963	1002825	972381	1054910	1286860	1327748	1538448	1727234	2243511	2504244	3876362	8445893	22605337	4196986	0	0	0	1.2581
45	16288102	15331633	14239776	18352028	14133	14133	0	0	0	176111	384555	376645	358562	372970	355960	391545	435302	376807	466709	501347	454602	620927	479523	661360	646257	638067	777732	678014	910582	827069	888362	1023937	997253	1070924	1308785	1352116	1565229	1757244	2268559	2552644	3927290	8391674	22088692	4128184	0	0	0	1.1282
46	16355359	15304513	14285551	18216856	63393	63393	0	0	0	154289	378574	371897	354447	369403	351553	385028	429004	370573	460356	494937	447898	612322	473530	656519	639136	631117	768981	672538	901192	820440	878478	1015591	990793	1063719	1302853	1344651	1561793	1755773	2268510	2550600	3925330	8412725	22182483	4165246	0	0	0	1.1787
47	16365241	15275979	14256865	18320938	6649	6649	0	0	0	147216	369991	362998	345477	361810	346873	378750	423435	368290	455225	488811	444874	605914	473118	648607	635529	628468	765186	669542	894290	818492	879595	1011235	988307	1065017	1299194	1341962	1554695	1748073	2258367	2532944	3902161	8430034	22338263	4236280	0	0	0	1.0691
48	16247218	15345982	14251416	18261651	119405	119405	0	0	0	147738	379577	372418	353300	366782	351880	383778	426125	370813	455459	489388	449323	606942	475415	648252	636304	628022	762763	671458	893984	819455	880930	1010364	987410	1063753	1295349	1338787	1553222	1748556	2251810	2526304	3887264	8393725	22230512	4249105	0	0	0	1.2597
49	16337737	15322554	14301630	18220723	43028	43028	0	0	0	154032	391202	382551	361468	375873	357788	390158	433930	376601	463250	496972	453192	611458	478809	655240	641996	632702	768479	674519	897806	825054	884964	1014721	994382	1068454	1302025	1346014	1560474	1756851	2258384	2542182	3896088	8382593	22111707	4240725	0	0	0	1.1650
50	16300300	15296205	14306924	18248420	73823	73823	0	0	0	175944	438683	428774	401766	413870	386968	422734	469475	400897	493287	529674	475465	646455	496152	686629	666437	652920	795520	698601	926335	856028	900991	1045272	1026097	1096275	1341105	1386172	1606203	1818260	2307436	2630786	4001634	8259072	21018070	4251862	0	0	0	1.3178
