#Name	E:\SaveData\2016-10-13_16_03_13_1001160050_R0039_A_CL100009724_BGI12084_WESPE_result\\CL100009724\L02\CL100009724_L02_32_1.fq
#PhredQual	33
#ReadNum	63249880
#row_readLen	50
#col	48
#BaseNum	3162494000
#N_Count	4114597	0.130106
#GC%	46.48
#Q10%	98.86
#Q20%	95.72
#Q30%	86.74
#EstErr%	0.532434
#Pos	A	C	G	T	N	0	1	2	3	4	5	6	7	8	9	10	11	12	13	14	15	16	17	18	19	20	21	22	23	24	25	26	27	28	29	30	31	32	33	34	35	36	37	38	39	40	41	Err%
1	21014881	14653934	14840586	12728505	11974	11974	0	0	0	2021	15539	26812	24072	23615	22928	24401	25694	25143	28977	32176	33971	43613	45064	51781	61370	99060	120814	133625	165172	213774	247957	292220	377390	392611	583258	649646	856428	901972	965862	804869	1540300	5729636	40869642	7806493	0	0	0	0.1130
2	18079781	11960257	15950637	17103770	155435	155435	0	0	0	1713	21294	29322	27344	27631	27327	29486	31956	32587	38156	42947	47186	62813	63502	73545	93612	141306	174366	187845	234262	289272	330440	381409	460339	477236	658204	718575	915936	1019960	1230386	1155556	2113291	6745696	38720000	6489945	0	0	0	0.3580
3	17417110	14512115	13716191	17540387	64077	64077	0	0	0	10932	18373	25734	24817	25348	26590	29781	32786	33651	41691	46616	52275	70153	70400	81077	106162	157290	192057	207267	258241	313101	357989	411621	489791	506854	690978	746959	940222	1043951	1273312	1230364	2222598	6882237	38233856	6330729	0	0	0	0.2185
4	17753703	14177318	14005594	17047232	266033	266033	0	0	0	2621	16928	22051	20958	21298	22151	24667	27362	28622	35251	40609	46627	62733	64138	74754	99641	151270	187234	202159	253685	307978	352622	405875	482014	501055	679154	737903	923872	1038873	1287945	1256555	2278676	7002230	38025421	6298915	0	0	0	0.5230
5	17666843	14001367	14670161	16900575	10934	10934	0	0	0	2851	15164	21446	21092	22141	23090	26033	29100	30847	38425	43642	50392	67769	69423	80141	107539	161387	198847	213998	268992	320945	369377	425757	496256	519927	700524	756280	950057	1066729	1337200	1316533	2374624	7166167	37865736	6080515	0	0	0	0.1221
6	17391007	14247246	14423012	17111612	77003	77003	0	0	0	2347	14652	19042	18705	19370	20637	23550	26835	28569	35693	41024	48512	67017	67504	78997	108124	163232	202967	215115	273340	325902	372534	431501	499982	524636	706045	762238	956013	1076568	1367346	1347953	2436160	7284006	37742528	5864233	0	0	0	0.2219
7	17844638	13886789	14853219	16663964	1270	1270	0	0	0	1310	13581	18894	18718	20045	21486	24875	28510	30154	38645	44327	51532	71110	71889	83864	114246	171603	211819	223250	285798	334470	385744	444461	507477	535922	718969	777263	972213	1103486	1416984	1419527	2548261	7453323	37263883	5820971	0	0	0	0.1038
8	17277978	14441717	14048392	17289901	191892	191892	0	0	0	2618	20139	24459	23024	23483	24485	27404	30784	31817	40181	45753	53004	73387	73347	86359	117585	176091	217416	229183	292962	338591	391345	449618	510863	540183	722909	778266	971510	1098640	1429742	1424634	2572188	7497289	37119730	5598999	0	0	0	0.4160
9	17240568	14272398	14352449	17379341	5124	5124	0	0	0	3120	17139	20322	19598	20515	21643	25411	29110	31035	40176	46179	53704	75186	75590	88560	121856	180983	225363	233564	302436	345504	399319	460135	518459	550767	732049	791534	983980	1119124	1466929	1481343	2657145	7641556	36876026	5589396	0	0	0	0.1159
10	17499741	14123424	14632140	16950689	43886	43886	0	0	0	4203	21613	26330	24856	26291	27571	31659	36125	37394	47404	54360	61716	85240	83746	99829	132314	194090	239371	246767	320967	357778	412561	475055	528220	564977	746618	807159	1002397	1145888	1511629	1540646	2747750	7753147	36267860	5542463	0	0	0	0.1929
11	17553063	14016624	14579194	16822025	278974	278974	0	0	0	2994	20789	25758	25149	26584	28134	32287	37023	38108	48602	55876	63190	88060	86227	102381	136520	198233	245701	250517	326748	362337	419765	481404	532216	571832	751547	812693	1005714	1154057	1530758	1571568	2803021	7809267	35843939	5481907	0	0	0	0.5646
12	17517305	14224194	14661678	16805038	41665	41665	0	0	0	2803	17089	22128	22514	24905	27251	32076	37279	39476	51280	59074	66641	94427	90366	109675	145236	208984	258663	260569	341258	372423	434835	497862	543157	586914	770364	830188	1025342	1174611	1565722	1615188	2869823	7928361	35696831	5384900	0	0	0	0.1871
13	17599976	14149661	14783856	16703409	12978	12978	0	0	0	3051	17745	22901	23720	25887	28740	34636	40080	41514	54603	63013	70639	100316	94723	116695	151490	216548	267435	267970	353583	379810	442166	507446	549966	594230	777154	839516	1033029	1183816	1589806	1646958	2926122	8004792	35429921	5336881	0	0	0	0.1464
14	17420541	14104797	14684336	16661937	378269	378269	0	0	0	7312	27120	32265	32046	35050	36930	43183	49940	51053	65188	74103	79765	114189	104602	130927	164583	228003	283205	278684	370194	389481	453367	520647	557813	605571	788686	849102	1041543	1197248	1610858	1674961	2960444	8024031	34791781	5197736	0	0	0	0.7493
15	17457299	14257252	14760562	16660997	113770	113770	0	0	0	10255	30726	35196	34644	37714	39038	45526	52262	53015	67812	77004	83226	119421	109368	136517	170955	237026	293356	287110	383661	398817	466978	534311	568321	619906	805283	865900	1058556	1215892	1643177	1714441	3027785	8117417	34652696	5142798	0	0	0	0.3408
16	17536119	14230664	14814095	16626958	42044	42044	0	0	0	10982	37131	43833	44605	48730	52132	59424	69625	70167	88884	100963	106986	150867	135998	172741	207131	236810	293120	287661	383795	400824	466661	536189	569006	624590	804796	868923	1066951	1227906	1658682	1754316	3082681	8179089	34176595	5189042	0	0	0	0.2571
17	17448613	14252277	14849127	16627797	72066	72066	0	0	0	16331	44975	50338	49558	53704	56693	65430	75701	75030	95067	109524	112685	161391	142640	183480	215573	245726	305545	296557	396906	408390	477753	546884	575626	633145	815160	879598	1075787	1236555	1681354	1776855	3122678	8224905	33889274	5080996	0	0	0	0.3235
18	17330675	14364414	14891528	16581723	81540	81540	0	0	0	24148	47726	52091	51013	56475	58862	67992	78431	77948	98594	113369	115226	167685	146159	187963	221213	251900	311057	301804	404214	413267	484089	554412	579797	639132	823452	885769	1083007	1244821	1698348	1797627	3147278	8269406	33730263	4983802	0	0	0	0.3497
19	17404864	14306559	14943760	16478359	116338	116338	0	0	0	19907	53087	59399	58838	63920	66292	76169	86272	85517	107688	122234	123814	178704	155080	201217	231901	263619	324175	312636	418599	423893	496319	568759	590483	653689	834790	900835	1099021	1264380	1726200	1834342	3199725	8319669	33214423	4997946	0	0	0	0.4203
20	17399576	14309342	14929809	16531254	79899	79899	0	0	0	21094	54042	60637	60619	66230	69671	80018	91815	90445	113477	129630	130788	186971	162527	210264	242918	272843	336309	321875	432415	433583	507230	581280	601775	669777	854238	916177	1117147	1285860	1753029	1879130	3256898	8366539	32829208	4983522	0	0	0	0.3711
21	17358875	14408018	14983296	16496526	3165	3165	0	0	0	41047	66087	68972	66138	71829	74842	85586	98258	95282	120438	136479	136262	196697	168307	220323	250028	280540	346001	329026	443515	441171	517519	591091	609648	678678	864962	929650	1128023	1298672	1776501	1902973	3294463	8418687	32586397	4912623	0	0	0	0.2809
22	17370756	14330563	15059423	16409360	79778	79778	0	0	0	30568	69295	74214	72937	79052	81774	93051	106223	103192	128809	146053	145758	207984	178190	232485	262192	292129	360323	340166	456969	453022	528841	604208	620298	693939	878717	945103	1145866	1319746	1795195	1938991	3342430	8452342	32102462	4887578	0	0	0	0.4113
23	17415446	14298165	15097044	16436664	2561	2561	0	0	0	32659	73204	79251	78165	84831	88610	100761	114726	111349	137535	155952	154407	219928	190404	244993	275796	304354	374033	353194	473986	467300	544968	622226	634459	714644	897828	963719	1168138	1348697	1825375	1985922	3398101	8498222	31629004	4900578	0	0	0	0.3063
24	17311340	14428481	15079084	16385032	45943	45943	0	0	0	35592	76638	82631	81680	89303	92042	104364	119987	115511	144213	162558	160314	229302	193114	253316	282519	312596	384923	359700	485281	473363	553352	630533	640440	717197	905650	973334	1173091	1349564	1843044	2000890	3425565	8523258	31439335	4789737	0	0	0	0.3869
25	17394732	14394089	15130075	16298467	32517	32517	0	0	0	43610	89407	92747	90206	97819	99843	112757	127645	122539	152395	171467	167161	241061	200217	265789	292784	323103	396516	367873	498767	480392	563042	643574	647543	729639	919326	983214	1182478	1358787	1862154	2024171	3455836	8554058	31107409	4752034	0	0	0	0.3940
26	17393249	14347038	15145653	16361754	2186	2186	0	0	0	42875	86200	92127	90450	99128	102182	115892	132781	126607	157787	178293	172635	248739	207716	275088	302297	331031	408072	377017	512964	491435	574980	655482	658488	743709	932680	999498	1202966	1381825	1885993	2058924	3505023	8596182	30776687	4723941	0	0	0	0.3490
27	17271052	14478348	15133921	16319239	47320	47320	0	0	0	49543	102063	105925	102609	111175	113492	127069	144043	137650	168951	189890	184124	261163	220145	289654	314169	342429	420611	388270	524146	502521	587251	668893	670519	758762	946339	1013564	1219591	1399415	1905253	2084846	3533898	8585775	30282547	4746265	0	0	0	0.4558
28	17345366	14439350	15210058	16251358	3748	3748	0	0	0	50695	98345	102407	100850	110398	112811	127757	145894	138442	171428	193457	186401	268744	221751	294562	320623	348925	428590	393352	535805	509324	594761	679011	676613	765333	957516	1022962	1227164	1410801	1923154	2107654	3567579	8634739	30138042	4680242	0	0	0	0.3857
29	17342793	14355841	15191247	16268010	91989	91989	0	0	0	57626	112006	115204	111933	121187	123446	138057	155941	147528	181964	205244	197801	280476	232879	307027	332673	359815	442499	404488	548847	522140	607344	690920	687464	781195	970905	1038095	1244061	1429486	1940734	2135625	3597749	8632093	29632300	4671139	0	0	0	0.5579
30	17254799	14494637	15207220	16291061	2163	2163	0	0	0	60180	113583	116651	113199	123125	125809	141392	160894	151654	188104	210168	203125	288048	238807	317113	340918	366902	452570	412273	559440	530141	617794	702623	698628	795343	986847	1052445	1260531	1445647	1965083	2167423	3630154	8673282	29391600	4646221	0	0	0	0.4244
31	17317958	14452568	15304908	16169415	5031	5031	0	0	0	66686	124779	126616	123428	133198	135136	151677	171772	162663	198769	223149	214261	301349	251363	331388	354976	381981	468286	426732	575722	542414	632317	718568	712046	811351	1003070	1067516	1278931	1466596	1983384	2199281	3666929	8671925	28931519	4635071	0	0	0	0.4591
32	17321229	14407354	15281158	16199937	40202	40202	0	0	0	71844	132681	133219	129161	140547	142407	158598	179529	168947	207239	232691	221972	314321	258740	342734	365444	390229	478461	434280	589727	552144	642388	729696	718365	820098	1013735	1078345	1286877	1475816	1998952	2213449	3688658	8676524	28614368	4607492	0	0	0	0.5358
33	17219529	14484165	15250101	16117537	178548	178548	0	0	0	78970	144783	144594	139242	150347	151107	167308	189246	176634	217026	241744	228111	325252	265006	354554	373921	398610	488712	441849	601628	556864	649938	738895	725320	825513	1020939	1086242	1293188	1479382	2006905	2215754	3687842	8664955	28328434	4512517	0	0	0	0.7836
34	17284920	14460604	15338130	16078487	87739	87739	0	0	0	84884	156754	153971	147474	158849	159865	176072	199399	186113	225028	251347	240172	335880	277487	366461	386690	410984	501008	454737	614727	573424	663999	754459	741581	845890	1040010	1107877	1318949	1509743	2032467	2262722	3737460	8673885	27852231	4559542	0	0	0	0.6677
35	17193801	14428298	15261595	16124475	241711	241711	0	0	0	92375	164981	161816	155096	165330	165024	183714	206082	191790	234259	260020	245541	346603	284567	377370	396660	419711	512902	462981	626632	583121	673251	764648	750452	857357	1049645	1115444	1327174	1517457	2043328	2275326	3750210	8653445	27498327	4495530	0	0	0	0.9340
36	17203699	14538322	15341886	16162459	3514	3514	0	0	0	92691	163252	161362	155794	167094	168733	187083	211975	195907	240606	268273	251941	356350	289763	389027	405086	428382	525272	471806	641629	589884	685647	779370	759483	866530	1065362	1133123	1344914	1534880	2068856	2304825	3794235	8708329	27363127	4475775	0	0	0	0.5629
37	17253404	14500768	15407886	16083222	4600	4600	0	0	0	95885	164541	164077	157215	169555	170993	190898	215693	199987	245799	273286	254033	365077	293758	396453	411486	436265	534433	475302	652223	595156	692792	786749	766996	872635	1075522	1142527	1351618	1540567	2084364	2319030	3808354	8717392	27223873	4400746	0	0	0	0.5735
38	17169318	14411646	15327793	16050199	290924	290924	0	0	0	104222	180602	175368	168662	181031	179930	200182	225954	208569	255270	282386	263675	373806	300444	406109	420499	444236	542744	482433	658770	600763	699444	794783	771345	878574	1081634	1149210	1358486	1545606	2088919	2322304	3799370	8662360	26793109	4358157	0	0	0	1.0589
39	17126443	14514839	15339768	16036768	232062	232062	0	0	0	115016	206841	196725	186470	196952	194439	213692	239791	220888	268040	295830	277851	385362	317446	419162	434863	455238	556405	497757	673048	620310	715769	810674	789668	903104	1099548	1166614	1381171	1574893	2104092	2353799	3831182	8642753	26251976	4420449	0	0	0	1.0170
40	17191092	14508758	15445668	16017598	86764	86764	0	0	0	119572	211408	202491	191598	204007	200375	220987	247158	227293	275584	304265	286379	396289	325111	430955	446163	465691	567935	507993	685051	628758	725645	820860	801578	912875	1114234	1177253	1395706	1590598	2121039	2375171	3852603	8659634	26066923	4403934	0	0	0	0.8056
41	17174578	14473055	15442241	16035341	124665	124665	0	0	0	123539	216349	208069	196994	208866	206223	227696	254093	232824	284214	311886	293033	407971	332379	441918	456562	473718	578633	516160	696031	638454	735572	833284	809603	924689	1124499	1190304	1407503	1602923	2136938	2390920	3862046	8650829	25780644	4369849	0	0	0	0.8825
42	17102550	14576620	15432008	16007149	131553	131553	0	0	0	131460	230972	221605	207842	220675	215974	238102	265308	242225	294358	322572	302838	418600	342224	454310	466625	483648	589771	527532	709960	648529	747130	844406	821611	935818	1136966	1201025	1421402	1616126	2146978	2408086	3875323	8632463	25429572	4366291	0	0	0	0.9274
43	17137716	14529148	15485024	15962791	135201	135201	0	0	0	136088	234973	224701	213215	226378	220654	245179	273330	248561	302679	331813	309240	429710	348312	466485	475056	492523	600810	533593	722447	656005	756679	856375	829226	944276	1146227	1211950	1430949	1627471	2156805	2420545	3895923	8629562	25195256	4321683	0	0	0	0.9494
44	17179360	14514041	15506728	16044474	5277	5277	0	0	0	141857	244371	232884	219309	231835	228165	250974	281436	256025	312348	341378	318198	442190	356569	479189	487054	503451	614216	543077	737187	669307	765439	869438	840732	958315	1165229	1227549	1445347	1638886	2176484	2446523	3922867	8632978	24964018	4299778	0	0	0	0.7670
45	17066585	14614254	15492706	15992827	83508	83508	0	0	0	150882	265583	250133	233282	245458	239064	263181	293056	265262	321468	349625	328645	450088	367834	489185	497146	510510	622918	556011	743738	680382	776468	878284	853537	969460	1174206	1234794	1458483	1652009	2180664	2454043	3919701	8586418	24578366	4326488	0	0	0	0.9316
46	17133053	14603332	15581852	15928633	3010	3010	0	0	0	161376	287116	268031	250607	261265	252836	277063	306174	277736	335567	364396	344383	463223	382098	501339	512155	524654	635505	569702	758821	695897	792136	894880	868416	986825	1191579	1251703	1477129	1675173	2196497	2476577	3932534	8556604	24219461	4297412	0	0	0	0.8514
47	17133024	14565170	15559513	15986464	5709	5709	0	0	0	165734	289055	270449	251909	265001	255912	280450	312037	281030	340449	371189	347224	473033	385500	512112	517988	530574	645578	573651	769378	700057	795874	902093	873638	991883	1197038	1258374	1483929	1676769	2209548	2484273	3946446	8556455	24061036	4268505	0	0	0	0.8662
48	17048438	14674319	15556342	15955375	15406	15406	0	0	0	173416	307281	286816	265901	277844	267411	293435	323869	291121	352530	381472	357601	484903	395880	524731	529720	541314	656939	583770	780312	712478	806765	911464	883521	1002995	1207169	1267158	1494112	1691543	2216229	2496713	3955700	8529536	23727767	4255058	0	0	0	0.9206
49	17129889	14609946	15605160	15865272	39613	39613	0	0	0	185896	328077	302729	280097	291482	278871	304694	337361	302046	365383	394114	368095	497286	405311	536313	540812	551155	668978	595019	794595	723114	817477	924945	895224	1015121	1224447	1279093	1506123	1705458	2226302	2513978	3963522	8488390	23380357	4218402	0	0	0	1.0026
50	17109209	14556053	15598032	15943567	43019	43019	0	0	0	200876	354102	330105	304085	316538	299135	327598	363479	320808	389970	421995	388085	530864	423955	570845	567152	574997	696070	616880	826716	746255	840237	952122	921569	1038286	1254162	1309839	1535934	1737159	2258510	2572468	4029667	8416193	22450371	4319834	0	0	0	1.0776
