#Name	E:\SaveData\2016-10-13_16_03_13_1001160050_R0039_A_CL100009724_BGI12084_WESPE_result\\CL100009724\L02\CL100009724_L02_25_2.fq
#PhredQual	33
#ReadNum	89724431
#row_readLen	50
#col	48
#BaseNum	4486221550
#N_Count	4455122	0.099307
#GC%	43.44
#Q10%	98.22
#Q20%	92.00
#Q30%	78.97
#EstErr%	0.773163
#Pos	A	C	G	T	N	0	1	2	3	4	5	6	7	8	9	10	11	12	13	14	15	16	17	18	19	20	21	22	23	24	25	26	27	28	29	30	31	32	33	34	35	36	37	38	39	40	41	Err%
1	29349620	21526178	18994217	19676131	178285	178285	0	0	0	10566	37854	49669	56725	72537	90686	182594	228068	226001	318931	380027	348013	601049	394183	671418	632638	762020	879682	777559	1182971	930787	1166856	1321937	1265393	1388149	1793226	1866096	2120855	2328295	3371646	3292850	5322946	12523425	38496664	4453830	0	0	0	0.4902
2	25040924	17290954	20126157	27215430	50966	50966	0	0	0	29592	93422	121581	137684	171784	195179	306013	375283	344453	451824	533638	440133	757971	480597	803057	726621	844634	984979	831255	1265453	967065	1221892	1372863	1265931	1424217	1794828	1860667	2103075	2296164	3355507	3231133	5245566	12596568	36919276	4123560	0	0	0	0.5120
3	23894537	20623221	17019710	28067644	119319	119319	0	0	0	33480	89286	112058	124734	154931	176003	287985	356138	326540	437113	514378	427158	738568	465941	788984	715971	828414	967514	814833	1246245	956352	1192046	1350587	1250152	1390329	1766150	1828895	2061122	2250649	3293943	3195697	5186840	12576279	37286308	4413489	0	0	0	0.5679
4	24524861	20270176	17521178	27406412	1804	1804	0	0	0	24764	76750	100214	114604	142439	164315	273888	340569	314446	422064	500371	416368	727845	454505	778237	706201	819924	963943	804948	1244319	951129	1185000	1349199	1249184	1377147	1760802	1824456	2050023	2233086	3290521	3161887	5148405	12616735	37784102	4350237	0	0	0	0.4125
5	24439741	19623009	18477993	27125276	58412	58412	0	0	0	27004	86836	109630	122613	151758	173756	287019	354158	326610	435567	513577	432240	737427	471175	789848	717488	827694	968222	816835	1243082	962347	1192030	1349036	1252823	1391101	1761962	1824428	2057777	2251427	3286758	3184717	5166533	12583853	37206548	4602140	0	0	0	0.4942
6	23883084	20017975	18254798	27512629	55945	55945	0	0	0	28406	88986	110337	123190	151298	171596	285202	353652	323943	434723	509464	429564	736748	465625	789010	717274	826225	965036	814737	1246028	960167	1186591	1348380	1254414	1382646	1763158	1823738	2052965	2241825	3278540	3183409	5166155	12611330	37377223	4466901	0	0	0	0.4918
7	24626951	19477052	18833809	26772861	13758	13758	0	0	0	30758	92026	115628	129510	159066	179641	293487	360038	329584	440757	515420	434005	738380	470206	790048	721340	825502	969426	814616	1242655	964825	1185331	1347037	1256816	1381864	1758739	1820853	2055999	2242073	3270829	3190790	5164760	12612401	37263527	4542736	0	0	0	0.4551
8	23548395	20277025	17494168	28235916	168927	168927	0	0	0	28995	95006	117172	129727	158410	178331	292964	359636	329017	442185	515809	435118	739237	472581	791582	723388	822483	965361	812347	1237478	962075	1177289	1339850	1250109	1374284	1748706	1808429	2045745	2233404	3245929	3188478	5161667	12598032	37117293	4657387	0	0	0	0.6284
9	23505270	19986115	17895619	28333978	3449	3449	0	0	0	28721	88439	111410	125115	154018	174588	290049	352763	329469	434497	508638	434666	725703	477304	779207	722537	809565	963019	808070	1222421	968889	1168502	1337405	1246337	1373177	1739178	1807754	2040800	2236314	3235461	3203348	5182822	12638448	37295331	4707017	0	0	0	0.4352
10	23740779	19832830	18223456	27507981	419385	419385	0	0	0	38527	100872	123474	135476	164181	183444	297730	364377	332541	441870	515445	436541	732585	475548	782218	724591	811809	965161	808628	1224701	966785	1166833	1331864	1246059	1365252	1734185	1801715	2032234	2224836	3222308	3179189	5141715	12556265	37010694	4665393	0	0	0	0.9192
11	23969811	19893382	18322234	27526276	12728	12728	0	0	0	34782	103954	128525	141209	171615	189901	307488	373128	340531	449788	523341	444453	739194	482803	789486	727465	817632	967339	813863	1226562	969602	1169694	1337561	1251020	1370429	1741174	1806165	2038561	2238222	3225481	3204319	5173027	12619333	37019233	4774823	0	0	0	0.4746
12	23944753	20061761	18334412	27382506	999	999	0	0	0	33789	102357	125589	138546	168709	188545	307132	371867	343502	451198	523274	448703	734926	491452	789186	734525	814970	971099	817814	1223171	974448	1172470	1343115	1249387	1376275	1739144	1803746	2042812	2246484	3221965	3209333	5175095	12603546	36929341	4855917	0	0	0	0.4589
13	24051986	19934219	18331219	27295902	111105	111105	0	0	0	38559	114816	136353	148736	178813	196639	315392	378701	347391	455401	528142	452096	738102	496506	792618	736828	814315	968976	818231	1220498	978353	1169888	1339131	1249654	1378217	1734589	1802346	2042677	2246713	3214541	3209975	5170626	12588100	36677941	4933462	0	0	0	0.5989
14	24004477	19980531	18393097	27342710	3616	3616	0	0	0	36489	108354	131727	145988	176456	194247	314276	380303	347692	459172	530205	453435	745181	492959	795988	739503	815750	971442	820383	1222635	979167	1168841	1339692	1252113	1371781	1739523	1802540	2039102	2240174	3217019	3208296	5175569	12614056	36777209	4913548	0	0	0	0.4739
15	23945506	20096441	18443802	27238257	425	425	0	0	0	38685	113045	137305	149999	179903	198827	317445	382594	349224	460893	531829	453977	743984	495312	795583	740532	812608	972294	817254	1218773	980431	1163782	1336525	1253718	1368824	1731925	1796954	2037049	2239352	3204001	3218309	5182773	12626731	36657919	5015647	0	0	0	0.4774
16	23871433	20029602	18422811	27112932	287653	287653	0	0	0	64921	178086	209111	222569	261360	277262	319224	383533	345131	455201	520704	448610	723048	486448	773060	726541	791822	949412	803302	1190082	966906	1142879	1314418	1236445	1353505	1711393	1777987	2020150	2225185	3169252	3210834	5172106	12580702	36329383	5096206	0	0	0	0.8902
17	23924113	20076971	18524649	27134297	64401	64401	0	0	0	63326	177278	205436	219723	257681	273003	319173	380359	348292	455114	518738	452398	722311	496555	775029	733021	797431	956818	811531	1194266	977565	1150672	1324082	1242630	1363658	1716617	1784605	2027679	2239970	3173047	3229174	5189529	12594363	36302899	5186057	0	0	0	0.6382
18	23805112	20286856	18479707	27114625	38131	38131	0	0	0	65320	179670	210246	224238	261382	276360	320601	383351	346223	456508	520048	450665	721973	491550	774179	730182	791829	952444	806696	1190419	975147	1142963	1315867	1242601	1356671	1712347	1780262	2028090	2233816	3170721	3223781	5182254	12602734	36364861	5200301	0	0	0	0.6141
19	23788224	20248246	18584756	27100922	2283	2283	0	0	0	68486	189256	218381	231169	267773	283797	327062	388346	354652	461351	526105	461399	720726	504395	777917	738575	792632	955618	811400	1188190	983325	1146755	1319679	1246426	1364684	1715247	1780676	2031563	2246050	3159372	3241060	5196043	12591928	36099351	5332759	0	0	0	0.5882
20	23879482	20169714	18595444	27062227	17564	17564	0	0	0	74290	195876	224448	237462	276889	288332	333188	396899	355119	466995	528318	458779	724869	498777	778370	736328	790396	954138	807695	1184529	978726	1138281	1314839	1241394	1350385	1708138	1774125	2024563	2238065	3155215	3239473	5189791	12604129	36100872	5337174	0	0	0	0.6170
21	23793052	20254845	18613381	26946138	117015	117015	0	0	0	78631	207003	234835	246322	283443	294600	338158	401747	359040	469289	531928	459900	724970	501334	774949	737398	788062	952773	806001	1180108	981937	1134774	1312067	1241942	1348799	1706436	1769446	2019840	2237740	3142657	3242482	5197843	12575430	35932711	5392821	0	0	0	0.7421
22	23782703	20226812	18729876	26834247	150793	150793	0	0	0	88208	227970	252960	261062	298695	305594	350408	414568	365319	477812	537434	466108	729316	503133	780007	739786	785784	951895	804549	1175423	982222	1129349	1308646	1240320	1350008	1698357	1769490	2016772	2234433	3131327	3248628	5196847	12567445	35749094	5434669	0	0	0	0.8079
23	23903614	20142223	18771896	26898799	7899	7899	0	0	0	89588	230815	257240	266660	303389	312179	358677	421267	374616	485767	544427	477844	735868	518221	787750	752675	794101	962823	817038	1182432	994461	1142532	1320206	1250972	1362890	1707366	1777415	2035253	2259635	3133705	3275933	5234577	12556102	35436084	5556024	0	0	0	0.6592
24	23808663	20256893	18836436	26799557	22882	22882	0	0	0	92670	241095	262755	272818	308203	315150	359997	420930	378328	483826	543808	478733	730161	523234	781826	750975	790004	957141	817278	1174228	995898	1137043	1314991	1247111	1365054	1704712	1772631	2033506	2261664	3129261	3276310	5231415	12557601	35361521	5629671	0	0	0	0.6850
25	23851673	20215679	18856657	26681933	118489	118489	0	0	0	86525	231000	256075	267083	303055	311645	358455	418556	376134	485059	544039	479403	733301	521089	788342	752112	794382	958034	816894	1177954	997405	1141062	1315240	1253249	1364098	1707600	1777217	2033021	2257930	3126823	3277713	5227067	12534949	35317240	5616191	0	0	0	0.7805
26	23792765	20163924	18867318	26739497	160927	160927	0	0	0	94059	244274	268375	277162	312871	319645	365808	426619	377778	489741	547721	481220	733357	521687	786288	751644	790506	959707	816293	1174507	995854	1133635	1311160	1249210	1359310	1702463	1771542	2029316	2257624	3121929	3279494	5230325	12536945	35189855	5655580	0	0	0	0.8464
27	23680010	20342149	18860884	26778888	62500	62500	0	0	0	96077	252989	276861	283350	318116	324081	368574	429347	383779	493825	552870	486600	735327	527297	788667	756194	792311	961084	820756	1174903	1001375	1137768	1316443	1252036	1363521	1703697	1773602	2035405	2260929	3124575	3283221	5226451	12523428	35131296	5705176	0	0	0	0.7480
28	23724189	20362854	18895379	26732262	9747	9747	0	0	0	112289	260363	283539	288743	324087	328779	375743	436451	387284	498588	555673	491742	739150	534406	792008	761489	794543	965992	824577	1175794	1006330	1142318	1317537	1261000	1370446	1709014	1776041	2039900	2269472	3123156	3297824	5238547	12509647	34958543	5763669	0	0	0	0.7066
29	23602644	20172966	18807183	26746959	394679	394679	0	0	0	136198	285253	305687	307471	341193	343006	387953	446345	397765	508049	561454	499011	743421	538417	793539	765845	795960	964193	827408	1173348	1008807	1138685	1311608	1257721	1365539	1699651	1767240	2034250	2264124	3102005	3285820	5219503	12422748	34555868	5774667	0	0	0	1.1745
30	23672753	20356717	18879701	26794963	20297	20297	0	0	0	129161	276271	299919	303391	337841	340229	386396	448126	395899	508167	562694	502032	743492	541400	796220	769890	797313	968638	829113	1174288	1015889	1141166	1321074	1264470	1369669	1710064	1776942	2040008	2281118	3115260	3310475	5250707	12492988	34660466	5843358	0	0	0	0.7479
31	23761751	20327372	19005604	26603440	26264	26264	0	0	0	114601	289402	308076	312077	345621	348069	391807	452932	401849	511006	566895	504876	741891	544741	797913	771586	795907	968205	831646	1172551	1017155	1139386	1317378	1262526	1374397	1711505	1776563	2047937	2289007	3116019	3331459	5281877	12490365	34440241	5930701	0	0	0	0.7614
32	23745280	20281402	18954658	26676764	66327	66327	0	0	0	111487	285650	302348	307258	340429	342819	387405	446068	398707	506353	560798	500153	735950	543381	790607	765928	789188	961916	828067	1163087	1013150	1135331	1312715	1260126	1369918	1705252	1770471	2044405	2282582	3106906	3314888	5250049	12485331	34581915	5957466	0	0	0	0.7963
33	23688397	20382931	18938402	26579521	135180	135180	0	0	0	120963	306269	321364	321379	354053	352791	397377	457890	407060	515869	569588	509991	742675	551815	798954	774791	795087	965379	834684	1164659	1020372	1138313	1317630	1265923	1376062	1706130	1772070	2046354	2289008	3103061	3326626	5259886	12452974	34250984	6001220	0	0	0	0.9016
34	23649856	20305695	18969716	26491568	307596	307596	0	0	0	135741	328304	341787	340099	370732	369087	413774	473975	419596	529618	582530	524427	755368	564250	809109	787243	802383	976613	846236	1172273	1032351	1147778	1322336	1274350	1385728	1714758	1779040	2057218	2300601	3098297	3351674	5287283	12378412	33716898	6026966	0	0	0	1.1305
35	23691483	20417466	19001231	26592267	21984	21984	0	0	0	131883	329271	342572	340410	372133	369329	414626	473653	417447	528936	579916	520737	751499	561674	807005	784807	798974	972207	842591	1170678	1033339	1143048	1319665	1274893	1383587	1713716	1780675	2057437	2305209	3108459	3360597	5306614	12438086	33871848	6094926	0	0	0	0.8107
36	23717336	20436576	19014592	26546590	9337	9337	0	0	0	127618	329526	343508	341744	371163	367426	411876	471627	418504	524208	576804	521016	743775	563853	801681	782100	799295	969587	843857	1163766	1032428	1143908	1317308	1272844	1386731	1710403	1779218	2055470	2310238	3103471	3351850	5282085	12425606	33928791	6141809	0	0	0	0.7938
37	23748588	20449103	19067850	26456693	2197	2197	0	0	0	127586	334490	348564	345626	375734	373522	415516	474054	421650	527856	579932	527165	747559	569401	806393	787967	798657	974503	845429	1167011	1037934	1146116	1321223	1278719	1388923	1712903	1782457	2062972	2317199	3104745	3361876	5297732	12412021	33789894	6158905	0	0	0	0.7934
38	23683834	20436921	19047409	26551483	4784	4784	0	0	0	147793	361190	371610	365644	394816	388682	432305	491911	435241	544618	594957	540134	764608	579717	821028	800149	810337	988367	857940	1177318	1049308	1156391	1333061	1293813	1398932	1723344	1792260	2069311	2332714	3110294	3389940	5328373	12372173	33342395	6158973	0	0	0	0.8392
39	23676443	20455894	19052002	26528933	11159	11159	0	0	0	142694	360053	370475	363725	394073	386455	432173	489840	431076	545102	595447	533711	761714	575072	817281	798151	805690	981592	852464	1173614	1045729	1148884	1330294	1287835	1391402	1720457	1788315	2069839	2330295	3110327	3393710	5335001	12386568	33374139	6190075	0	0	0	0.8413
40	23658825	20455998	19134883	26431475	43250	43250	0	0	0	155636	386417	389343	379059	404854	394310	439722	496333	437256	545499	595845	539149	757170	579849	813033	797222	801936	977692	853477	1164431	1046352	1146366	1322760	1287883	1395364	1718006	1781827	2069349	2330958	3098037	3385238	5305378	12364526	33252950	6267954	0	0	0	0.9056
41	23671421	20425068	19111819	26475914	40209	40209	0	0	0	144933	370482	378651	370794	399077	389969	434837	491827	432886	544524	591747	537639	754738	577961	812417	795747	800607	979199	852496	1166330	1045613	1144945	1323483	1284379	1393066	1718223	1783408	2071187	2330872	3103003	3389478	5318878	12371918	33298518	6280390	0	0	0	0.8837
42	23605385	20491011	19082080	26476656	69299	69299	0	0	0	160529	404633	408371	395018	419941	406932	451169	509567	446620	557222	606232	550249	769715	588478	823654	806972	808746	986725	862314	1173444	1056143	1150376	1329793	1292446	1400105	1722220	1789171	2074875	2336201	3101763	3399455	5326398	12322083	32939329	6278243	0	0	0	0.9623
43	23504092	20436797	19074977	26332674	375891	375891	0	0	0	160603	408932	412379	399420	424190	411355	453973	511728	448869	558460	604717	550236	765551	590745	820598	804958	806466	983576	861432	1166417	1057656	1148458	1326870	1292530	1400819	1720398	1785954	2075666	2340723	3093617	3402324	5319444	12260087	32670625	6308764	0	0	0	1.3094
44	23502549	20459390	19111089	26439258	212145	212145	0	0	0	177511	450420	447425	429179	449302	432636	476086	532316	466079	574401	621631	567335	777019	606043	833560	818643	817729	992289	874468	1174151	1071100	1159911	1335816	1307206	1414249	1731511	1796781	2091814	2360744	3098462	3431020	5351073	12223585	32299091	6321700	0	0	0	1.1822
45	23427074	20587720	19177793	26510226	21618	21618	0	0	0	225898	491427	487363	461189	481904	460917	506733	563311	488201	605403	650435	593304	811812	629432	865399	849163	841835	1025211	898838	1204884	1102389	1179853	1365587	1335840	1441899	1766210	1831805	2129654	2404817	3141357	3499700	5440938	12144390	31563266	6212449	0	0	0	1.0492
46	23496498	20576114	19226801	26337021	87997	87997	0	0	0	191984	483394	477563	456330	474550	453501	497717	555230	480631	595578	640957	582806	799022	618230	855282	836794	830739	1011048	888438	1191145	1092085	1170693	1356415	1330074	1429828	1756357	1823239	2121596	2401530	3135253	3500951	5436417	12177234	31711840	6271983	0	0	0	1.0941
47	23524703	20550747	19216715	26423253	9013	9013	0	0	0	184459	469710	464853	444819	465256	445637	487773	543744	475095	587832	633954	578971	788023	616653	846392	831875	825935	1003893	888171	1182666	1088645	1167304	1349419	1324986	1427254	1748880	1814647	2112665	2392112	3122317	3470570	5394758	12206129	31942787	6387234	0	0	0	0.9849
48	23341526	20630154	19193149	26387276	172326	172326	0	0	0	183934	482322	477598	454199	471879	450859	492847	547965	480287	588992	635549	583530	786917	621087	846522	833454	826274	1001720	889499	1179703	1087018	1170393	1347858	1325082	1428815	1747196	1809313	2112382	2389238	3110821	3462427	5379278	12158609	31783186	6405352	0	0	0	1.1803
49	23461010	20615662	19275477	26311705	60577	60577	0	0	0	192936	497879	490881	464681	482905	457872	501642	559240	486251	599285	643684	589036	795648	625758	854154	840929	828430	1009031	894418	1186685	1096645	1172555	1355562	1330875	1435017	1755422	1820651	2121288	2400165	3120073	3482080	5395491	12148951	31634622	6393112	0	0	0	1.0786
50	23437916	20570260	19276326	26336343	103586	103586	0	0	0	220075	559221	551342	516123	530453	499064	544119	604721	517040	641362	689510	619567	842682	648998	898639	875433	859217	1046435	925078	1226676	1140235	1201410	1398377	1381733	1477925	1811614	1886443	2190746	2496622	3199713	3627519	5568269	11968580	30053668	6402236	0	0	0	1.2240
