#Name	E:\SaveData\2016-10-13_16_03_13_1001160050_R0039_A_CL100009724_BGI12084_WESPE_result\\CL100009724\L02\CL100009724_L02_28_2.fq
#PhredQual	33
#ReadNum	54718779
#row_readLen	50
#col	48
#BaseNum	2735938950
#N_Count	2679511	0.097938
#GC%	44.74
#Q10%	98.15
#Q20%	91.56
#Q30%	77.92
#EstErr%	0.804489
#Pos	A	C	G	T	N	0	1	2	3	4	5	6	7	8	9	10	11	12	13	14	15	16	17	18	19	20	21	22	23	24	25	26	27	28	29	30	31	32	33	34	35	36	37	38	39	40	41	Err%
1	17222815	13008929	12443510	11936046	107479	107479	0	0	0	6069	23260	30946	35193	46123	57882	116035	146219	144667	205587	246019	222768	390574	250034	435968	404830	491774	564480	494528	761892	587863	742778	839426	796421	875443	1128386	1172718	1323810	1444154	2083310	2061926	3331916	7503300	23071605	2573396	0	0	0	0.4997
2	15046232	11072185	12792144	15779553	28665	28665	0	0	0	20146	61365	80049	90217	114343	128847	198385	249265	222116	298579	351154	284051	504456	302190	532448	469107	554425	638240	533997	829739	614452	784669	877808	807243	901877	1144644	1177687	1316718	1425302	2081026	2025842	3268227	7517440	22011054	2273006	0	0	0	0.5402
3	14314528	13294241	10712636	16326271	71103	71103	0	0	0	19843	53468	68409	76964	97700	110437	182009	230809	203572	285551	335671	272352	492703	288412	522452	461802	542690	627441	524781	824042	608588	768509	869140	802731	881150	1132453	1165674	1296703	1402078	2064645	2000031	3236087	7504672	22394222	2299885	0	0	0	0.5806
4	14705301	12965230	10847366	16199793	1089	1089	0	0	0	16341	49880	64973	74003	94531	108064	179520	225790	203720	279921	330106	272304	480692	292873	514132	458975	535149	623928	519378	806410	609133	759966	862134	796122	876844	1119102	1155370	1293895	1398562	2038408	2004597	3236862	7515679	22431209	2489117	0	0	0	0.4406
5	14683583	12539034	11399102	16062375	34685	34685	0	0	0	17485	54016	68914	77666	97269	112047	184493	229317	211256	281090	333471	278802	479399	302729	513273	464933	531771	624207	522150	802676	613674	758689	861927	795824	882245	1117087	1155020	1294472	1409063	2032451	2011859	3239533	7496688	22328189	2500409	0	0	0	0.5134
6	14351783	12688236	11406042	16239816	32902	32902	0	0	0	18210	54984	68315	76742	95393	109045	180369	224420	205279	278541	327815	273455	475964	296307	509066	460000	529802	622260	517778	802283	610826	756696	860059	795446	874977	1115433	1153207	1290101	1402105	2030881	2007324	3236669	7515293	22422612	2488220	0	0	0	0.5055
7	14722462	12341255	11899671	15747734	7657	7657	0	0	0	20501	58449	74080	82704	102480	116815	189732	232266	215031	283998	333884	280352	475938	305495	507444	465315	526911	622972	520658	792763	613983	753356	858066	793536	878649	1110157	1151850	1292305	1409012	2014943	2023028	3252273	7503154	22242315	2606707	0	0	0	0.4773
8	14066835	12808790	11150881	16592244	100029	100029	0	0	0	19166	59292	72310	81024	99423	113030	185934	228849	209588	282148	330777	276119	476181	300283	508852	462393	526190	622127	517578	797288	611656	749553	857181	790905	871338	1106566	1145006	1284533	1397942	2013901	2004605	3236809	7498782	22301783	2579638	0	0	0	0.6396
9	14001514	12653676	11369425	16692222	1942	1942	0	0	0	16496	52192	66546	75227	93836	107623	181032	223984	207195	277561	326904	275574	469835	300292	506055	461963	524775	620797	517207	792240	611657	749710	854573	789353	874681	1105059	1145623	1285439	1402685	2017723	2019284	3247247	7517158	22315528	2683783	0	0	0	0.4437
10	14112413	12554322	11528467	16270675	252902	252902	0	0	0	21973	60248	74737	83680	102644	115923	188985	233945	212889	286944	335382	281105	480303	302696	512708	465973	526360	621580	516796	793646	614352	746328	853663	790240	868369	1104758	1140978	1281590	1394179	2005345	2006718	3228826	7474451	22105036	2632527	0	0	0	0.9283
11	14204518	12599619	11534899	16371920	7823	7823	0	0	0	22137	65128	80414	89055	109478	121562	197401	241076	219413	291321	339249	284169	482346	308329	514199	469537	527443	623814	518881	792691	616546	748599	856476	792901	871534	1105196	1142440	1284980	1399015	2005874	2020159	3243655	7504563	22143010	2678365	0	0	0	0.4960
12	14164405	12716421	11496025	16341526	402	402	0	0	0	21712	63983	78931	87767	107937	120559	196938	239303	220747	291616	339775	287396	478914	312570	513528	473728	527796	625908	522455	790001	621096	749417	855878	795454	874552	1104795	1142836	1287325	1403055	1995277	2022604	3244997	7503250	22089746	2726531	0	0	0	0.4799
13	14229274	12633831	11497861	16290724	67089	67089	0	0	0	24861	72174	86031	94745	114180	126375	202011	244850	223172	295168	342230	290960	480842	316422	515286	474871	526082	626131	523991	787969	623148	747933	854438	795234	872411	1101843	1139357	1284285	1405900	1991375	2028279	3239651	7488777	21939306	2771402	0	0	0	0.6207
14	14211456	12638247	11534437	16332683	1956	1956	0	0	0	23937	68162	83342	92295	112518	125670	201424	245699	223168	296865	343121	290891	485398	314324	517247	476744	526863	627200	523531	792044	623007	746474	856531	795832	870445	1102715	1142488	1283274	1402338	1992106	2024626	3238683	7507270	22000980	2759611	0	0	0	0.4964
15	14174990	12717536	11566709	16259283	261	261	0	0	0	25422	71384	86648	96383	116188	127973	204476	248150	224907	298208	344616	292453	483220	316682	517081	476364	525268	626939	522248	787715	626075	744623	854177	796061	867167	1101652	1138191	1283238	1402442	1985586	2029301	3246973	7506399	21923178	2821130	0	0	0	0.5022
16	14155669	12646713	11577837	16164189	174371	174371	0	0	0	42461	112723	132700	141708	168012	177542	206816	249286	223027	295402	338494	288538	469272	312547	503034	467356	512235	611642	514622	768412	616551	730404	839424	785854	859969	1085666	1124413	1271741	1393269	1964036	2024818	3233906	7479703	21728907	2869918	0	0	0	0.9176
17	14177980	12667798	11647700	16184997	40304	40304	0	0	0	41792	111340	130723	139509	164869	175641	205306	246255	224257	294865	337873	291800	470398	318020	503707	472699	515087	617690	519069	773480	622834	733681	845118	789519	864658	1087712	1129730	1278953	1401975	1968522	2035519	3245835	7487917	21713889	2918233	0	0	0	0.6686
18	14099587	12819543	11616505	16159856	23288	23288	0	0	0	42938	114067	132835	142924	167918	177156	207439	249880	223516	296139	338306	290003	470106	316205	503861	471014	511517	614368	515535	770003	621315	730803	842838	790334	860357	1088364	1127220	1277481	1400645	1966680	2033983	3242358	7489891	21748770	2918722	0	0	0	0.6439
19	14126050	12777359	11683217	16130795	1358	1358	0	0	0	44729	120137	137685	146804	171859	181927	211300	251116	229330	299559	340429	296923	470761	323809	506349	476998	513532	616757	520057	765304	627813	732737	844556	791973	866615	1089921	1131751	1279081	1408116	1963296	2041890	3250005	7481417	21583735	2999150	0	0	0	0.6176
20	14166148	12723936	11669741	16148221	10733	10733	0	0	0	47997	124236	142845	151320	177570	186139	215024	257381	228772	302562	342936	295577	473358	319041	505346	476875	509086	614446	516337	766180	625656	727920	841630	788694	858970	1084754	1126315	1274522	1401994	1958112	2043261	3247590	7482731	21589799	3003070	0	0	0	0.6476
21	14117352	12799659	11647953	16083292	70523	70523	0	0	0	50697	129834	147698	155209	180548	188012	217716	258890	231247	304149	343800	297022	472472	322298	505075	476634	507685	615134	516470	763523	623756	725065	838515	788373	857905	1082440	1122603	1273840	1402448	1952975	2043224	3247649	7472069	21491810	3041471	0	0	0	0.7683
22	14146956	12774122	11698770	16007656	91275	91275	0	0	0	57423	143353	159606	165920	191074	195337	224996	266842	235233	308837	349081	301000	473527	322670	506619	478215	507304	614888	514583	761655	626859	723058	835789	787768	855335	1079269	1118196	1271150	1401267	1943571	2044252	3251411	7465675	21382121	3063620	0	0	0	0.8370
23	14223878	12698959	11712204	16079839	3899	3899	0	0	0	57675	145864	161833	169944	193777	199876	229892	271021	241780	315657	353718	307785	478293	332290	511870	484769	512113	621419	522922	763400	635915	730922	843613	795228	865153	1084300	1126831	1280535	1412730	1949052	2060943	3269354	7456012	21193259	3135135	0	0	0	0.6883
24	14162442	12783828	11736465	16021961	14083	14083	0	0	0	60074	151482	166790	172492	196863	201671	231960	270927	242851	313647	352039	308055	474658	335739	507801	484188	509880	617847	523265	758661	634164	727548	838562	794750	866436	1083250	1120804	1278990	1417421	1943036	2061244	3263901	7457623	21163778	3172299	0	0	0	0.7162
25	14209896	12739570	11753958	15944558	70797	70797	0	0	0	56273	146209	161414	168643	193781	199422	230724	270642	241246	314352	352818	308649	477205	334694	510105	485717	509811	619037	524491	761585	635783	729397	841786	795956	865004	1085871	1125116	1281395	1415190	1943105	2061910	3259634	7448947	21125650	3166420	0	0	0	0.8087
26	14191425	12687581	11768109	15972048	99616	99616	0	0	0	61304	154732	170370	175392	199995	205169	234518	275786	243981	317621	355487	309834	476950	335362	511863	486109	509748	618949	522831	757241	634852	726179	838100	794297	862747	1079423	1122971	1277572	1415081	1938389	2063632	3260503	7443735	21047487	3190953	0	0	0	0.8819
27	14124912	12791845	11773463	15990780	37779	37779	0	0	0	61753	159789	175231	179411	203258	207862	237863	277492	246550	318951	357591	313358	478778	338859	513692	487791	509813	619779	525442	759130	640450	726895	842262	796652	864457	1083040	1124321	1281722	1416872	1938768	2064612	3259833	7436059	21014205	3218459	0	0	0	0.7795
28	14177026	12789078	11808492	15939484	4699	4699	0	0	0	70970	164826	178700	182419	207336	210625	241292	280978	251178	322364	360646	316596	480746	342541	514216	492477	513169	622961	529785	759599	643982	729887	842751	799625	869956	1086390	1124716	1284934	1420453	1938546	2071852	3264932	7429788	20914604	3248240	0	0	0	0.7361
29	14109392	12686668	11759054	15928633	235032	235032	0	0	0	85791	180671	194136	195378	217217	219725	250064	288899	255491	328066	364053	321982	482371	346611	516709	494178	513538	624542	530450	756915	644849	728417	838569	798288	865823	1080086	1120351	1281537	1419587	1923294	2061809	3251073	7375476	20675581	3252220	0	0	0	1.1983
30	14157747	12801829	11798301	15950183	10719	10719	0	0	0	80970	174738	188835	191990	215148	217204	249618	288364	255709	329623	364803	322262	483042	348346	516538	497737	514356	624898	532246	759587	648201	729006	843950	801101	870855	1084173	1124322	1285134	1428195	1935151	2080424	3272910	7410226	20743567	3294831	0	0	0	0.7770
31	14213313	12773519	11877032	15838803	16112	16112	0	0	0	74876	185234	196639	198922	220748	221831	253377	293525	257605	331870	366771	324620	483565	349617	517992	497359	511465	625073	531627	756350	648261	727659	840811	803623	871937	1086003	1124669	1289254	1431303	1932312	2088793	3287089	7416236	20610677	3344974	0	0	0	0.7995
32	14233295	12731308	11836689	15876471	41016	41016	0	0	0	72378	181545	192961	196029	218260	220213	249485	288672	256014	327463	364226	322912	479128	348383	513156	493361	510100	622263	530724	751147	646773	726548	839094	801801	868423	1081292	1120820	1287524	1430846	1931298	2079838	3268394	7411779	20686881	3358032	0	0	0	0.8343
33	14186232	12796389	11826528	15828394	81236	81236	0	0	0	78531	195310	205011	205360	227403	226899	256418	296985	261918	332816	369727	327237	481946	355110	517655	498405	511755	623061	533940	752274	652505	727290	840125	804918	873870	1083214	1121694	1287736	1433441	1927956	2086168	3274725	7387583	20497395	3381162	0	0	0	0.9383
34	14196789	12734793	11837409	15768508	181280	181280	0	0	0	86389	208098	217283	216442	237188	236655	265421	305505	269828	342060	376611	336655	489323	363045	526338	507569	517254	631158	538777	757300	657864	732379	844218	808809	879116	1086283	1126297	1293133	1438813	1923680	2100322	3285398	7345909	20189821	3396558	0	0	0	1.1562
35	14198039	12777214	11865509	15864310	13707	13707	0	0	0	86513	209105	217987	218147	238928	236265	266782	306246	268851	341700	374859	335252	486588	360420	522052	505172	514528	628985	539342	755507	658648	730826	843920	808077	876119	1087620	1125005	1294905	1443735	1925671	2108646	3295898	7376923	20274384	3441466	0	0	0	0.8515
36	14181257	12810654	11871739	15849434	5695	5695	0	0	0	83201	211047	216928	217746	237585	236613	265450	303594	269837	339275	374592	335590	483505	362761	519423	503726	512800	626258	539040	749550	657369	729545	842538	809873	880244	1086096	1123197	1292680	1445739	1923797	2096567	3283038	7374525	20318342	3461013	0	0	0	0.8336
37	14206073	12822574	11909572	15779216	1344	1344	0	0	0	83196	214152	221243	219403	239842	239299	267518	306372	271866	342377	375914	339004	485105	364369	520583	507629	515689	628685	541238	751151	661605	733905	842622	813257	880758	1086038	1126353	1296245	1446954	1928585	2105312	3291502	7363957	20227399	3478308	0	0	0	0.8333
38	14169414	12799049	11891492	15856676	2148	2148	0	0	0	94824	230310	235491	233497	251992	249702	279408	316974	279280	353128	385211	347416	496727	371209	532260	516425	521284	635186	547898	759615	670690	738250	849951	819411	886497	1091796	1132760	1303306	1455662	1929156	2118693	3303783	7336010	19969667	3473162	0	0	0	0.8787
39	14131585	12847154	11901666	15831515	6859	6859	0	0	0	92812	229199	236103	231732	251657	247861	278067	316381	276785	351448	385102	343103	494098	368002	529254	513868	516702	632210	544885	756315	667567	732602	849610	817412	879910	1089825	1131314	1302617	1454136	1928499	2125270	3308559	7349551	19988125	3491339	0	0	0	0.8827
40	14127132	12845173	11944862	15774471	27141	27141	0	0	0	101471	245279	247879	241780	258058	253306	282577	320773	281447	353340	384806	348107	492091	372172	526167	514574	515592	630586	543794	750573	669923	733247	844427	817361	882921	1087819	1125009	1299278	1456121	1919528	2115416	3294229	7329335	19914945	3537707	0	0	0	0.9498
41	14145201	12821429	11918884	15808557	24708	24708	0	0	0	94223	236690	241724	237139	255509	250589	278956	318283	277928	350459	383411	345087	490641	370509	528082	512583	515186	629875	544100	749828	666367	731148	844598	817798	880868	1087976	1127663	1300975	1456354	1923755	2118620	3300101	7338952	19945130	3542964	0	0	0	0.9271
42	14083737	12889638	11902582	15800863	41959	41959	0	0	0	104883	258688	258513	251362	268692	261610	290560	327957	286453	360300	391415	354268	497221	378316	533974	520321	520257	635049	549043	754809	674060	732438	847857	820751	885721	1091506	1128886	1304948	1461226	1920534	2123176	3299427	7308970	19728263	3545366	0	0	0	1.0061
43	14046194	12824031	11901236	15719101	228217	228217	0	0	0	104712	260805	262287	255272	271709	263982	291577	328177	288265	360326	391287	354505	494908	378871	531434	518357	517952	632330	549059	750360	673596	735083	846048	820654	884690	1089271	1126932	1303289	1462171	1914583	2124450	3296106	7273483	19572715	3561316	0	0	0	1.3522
44	14058444	12820947	11904876	15805805	128707	128707	0	0	0	116090	288115	284663	273787	288341	277194	306481	342954	298443	370473	401902	364687	502878	387714	540160	527172	523996	640536	558805	754769	682338	738744	851690	826760	891731	1095424	1131075	1308266	1472474	1922147	2137834	3310249	7250782	19352535	3568863	0	0	0	1.2292
45	14007031	12919672	11933687	15846645	11744	11744	0	0	0	143921	312665	308588	293545	308732	294292	324262	360656	312871	389082	419532	380595	525500	401377	557740	547098	539267	657295	573314	773501	700661	753517	870652	846115	908898	1114545	1152883	1335015	1499528	1940777	2177259	3353819	7202889	18912234	3514410	0	0	0	1.0932
46	14067107	12889502	11955325	15752590	54255	54255	0	0	0	124972	308661	303245	290782	303824	290208	318874	356008	307767	384727	415325	374368	514300	395648	552748	538282	532484	650337	565912	765379	694134	744085	863203	840776	902083	1109995	1147015	1328885	1492639	1938268	2176690	3353179	7223440	19009579	3546702	0	0	0	1.1440
47	14070586	12864840	11951116	15826686	5551	5551	0	0	0	118985	299995	296787	282273	298218	284646	312674	350811	304802	378149	408972	372508	509177	394463	545166	536413	529438	646182	565234	760067	692469	746004	857967	838413	902633	1105236	1140841	1326430	1488494	1931378	2161273	3333560	7238208	19144320	3611042	0	0	0	1.0325
48	13962149	12922921	11933855	15795306	104548	104548	0	0	0	120414	308781	302160	288752	301320	288614	316426	353447	308986	380087	409840	375014	509229	397115	546605	536067	529997	644843	566388	758248	692381	743599	858916	838182	902563	1102357	1140061	1320345	1489093	1924737	2159037	3321446	7210139	19052371	3616671	0	0	0	1.2282
49	14033934	12919003	11983069	15746573	36200	36200	0	0	0	125901	318763	311285	295233	307682	293676	321567	359332	311676	386272	414855	378338	514112	401073	551285	540434	531838	649188	568390	762171	697221	747039	860402	844478	906105	1108647	1145523	1328943	1496312	1930242	2166761	3327088	7206604	18958234	3615909	0	0	0	1.1267
50	14021183	12891221	11981929	15761822	62624	62624	0	0	0	143774	356231	349650	329051	339715	319564	349682	388903	330798	413377	442875	395788	543769	413641	579955	562680	550022	671913	588099	784978	722582	762915	886597	871103	929938	1142711	1179729	1367887	1549826	1972392	2241279	3420778	7099338	18028886	3625729	0	0	0	1.2768
