#Name	E:\SaveData\2016-10-13_16_03_13_1001160050_R0039_A_CL100009724_BGI12084_WESPE_result\\CL100009724\L02\CL100009724_L02_29_1.fq
#PhredQual	33
#ReadNum	91792668
#row_readLen	50
#col	48
#BaseNum	4589633400
#N_Count	6063822	0.132120
#GC%	45.97
#Q10%	98.87
#Q20%	95.68
#Q30%	86.51
#EstErr%	0.533591
#Pos	A	C	G	T	N	0	1	2	3	4	5	6	7	8	9	10	11	12	13	14	15	16	17	18	19	20	21	22	23	24	25	26	27	28	29	30	31	32	33	34	35	36	37	38	39	40	41	Err%
1	30972139	20787667	21670130	18345738	16994	16994	0	0	0	2409	21414	37406	33097	33298	31792	34295	35608	35515	40660	45390	47889	62469	64864	73876	90081	145006	177723	196376	242849	315833	365114	427673	551493	574235	850028	941194	1232419	1287566	1371611	1204374	2313442	8216841	59651384	11020450	0	0	0	0.1103
2	26682733	17025498	23180929	24673557	229951	229951	0	0	0	2094	30029	42038	39106	39217	39563	42496	45853	46631	55515	62697	69683	92919	93548	108712	139868	210551	257573	278576	349417	427443	489061	566376	676686	700672	965113	1049871	1330266	1479795	1781267	1732239	3164419	9740941	56185971	9226511	0	0	0	0.3623
3	25696183	20670785	20020937	25315536	89227	89227	0	0	0	15107	26080	37117	35438	36700	38242	43097	47679	49491	60774	68064	78222	104083	104585	120370	159023	233613	285612	307262	384177	464311	528587	607445	718128	744963	1011126	1091023	1367094	1517610	1855934	1838621	3318097	9950105	55423779	9031882	0	0	0	0.2144
4	26201265	20164398	20365057	24666683	395265	395265	0	0	0	3197	24559	31916	30366	31020	32494	35793	39845	42569	52528	60070	68836	93898	95538	110539	149590	225682	277522	300363	376957	456707	521943	600990	704501	736582	996306	1078041	1349736	1512508	1874415	1883603	3405159	10136815	55115711	8941104	0	0	0	0.5336
5	26124767	19880391	21354463	24416793	16254	16254	0	0	0	3908	22249	31627	30707	31577	33760	38289	43066	45733	57117	65266	75054	102349	103243	120196	161026	241874	298155	317819	401163	477373	546953	628182	730833	764674	1027068	1109332	1388279	1555998	1955051	1969741	3554261	10380696	54851148	8612647	0	0	0	0.1238
6	25711721	20194852	20988523	24781739	115833	115833	0	0	0	3268	21507	28744	27756	28705	30668	35346	40120	42776	54269	62398	72713	100075	101700	118201	162008	244637	302522	322354	409640	483348	555212	639814	736706	771746	1036773	1118689	1396016	1569711	2000556	2021873	3647167	10562023	54635982	8291812	0	0	0	0.2285
7	26360516	19688404	21609683	24132099	1966	1966	0	0	0	1626	20294	28184	28064	29887	31937	36973	42979	46345	57800	67081	78454	108097	108997	127339	173165	257343	318025	335657	429698	498990	573378	659517	751895	794398	1058352	1141877	1418480	1617969	2073194	2130751	3814500	10814467	53888962	8226027	0	0	0	0.1065
8	25559879	20493359	20420880	25035043	283507	283507	0	0	0	3537	30008	36411	34433	35673	36272	41136	46357	48525	60876	68948	80456	111402	111337	130101	177502	265138	328069	341552	439748	505965	582513	669552	757647	796814	1061571	1145792	1418092	1606342	2088783	2134939	3850198	10872541	53697753	7893178	0	0	0	0.4243
9	25518951	20249540	20854901	25161398	7878	7878	0	0	0	4070	24809	29449	29165	30243	33002	38519	43975	46988	60595	69718	81910	114360	113981	134782	184686	272874	339179	351639	454436	516976	595259	684598	766772	814262	1079892	1164866	1441012	1641115	2147531	2220129	3981027	11081724	53327711	7863536	0	0	0	0.1186
10	25887416	20018159	21231706	24589961	65426	65426	0	0	0	5570	31907	38262	37398	39405	41311	47658	54320	56253	71903	81922	93017	130083	126448	151368	200442	291926	361651	370185	479175	533832	617619	710029	784021	837808	1102594	1189607	1472345	1680691	2216301	2309223	4112822	11250784	52419400	7779962	0	0	0	0.1976
11	25940942	19900625	21165136	24364549	421416	421416	0	0	0	3808	30617	38363	37603	39411	41728	48353	55305	57477	73328	84243	95913	133311	130619	156500	207095	298065	369335	375530	491013	539434	624800	718904	786720	848425	1110497	1196837	1478813	1693228	2242946	2353658	4186655	11324076	51819722	7678920	0	0	0	0.5855
12	25920655	20173996	21279684	24357170	61163	61163	0	0	0	3442	24959	32678	33324	36823	40357	48416	55980	59656	77899	88875	100771	143094	137189	165807	219355	313662	389300	391838	512561	555757	645386	740203	805227	870788	1136800	1221703	1506460	1725394	2298871	2417035	4295180	11508734	51586854	7541127	0	0	0	0.1904
13	26032848	20067742	21456739	24216506	18833	18833	0	0	0	3837	25688	33559	34990	38760	42797	51362	59503	62477	82699	95589	105920	150909	143371	175535	227977	324740	403023	401513	530518	565319	658053	754368	814320	882259	1148360	1236759	1519569	1739737	2332374	2468676	4365876	11612990	51218098	7462310	0	0	0	0.1488
14	25770912	20020388	21320808	24125752	554808	554808	0	0	0	10049	39849	47288	47325	51593	55210	64051	74494	76231	97804	111907	120900	172781	157702	196412	248667	343174	423565	416715	553898	581943	678414	775634	827022	896583	1165226	1252745	1532401	1758621	2364945	2504225	4420083	11633814	50264768	7271821	0	0	0	0.7586
15	25844853	20219939	21424051	24135924	167901	167901	0	0	0	14539	45119	51195	51286	55079	58361	68209	77562	79304	101813	116505	124812	178216	164732	204999	257744	354925	438445	430636	571043	596223	694340	796452	841646	919699	1187849	1277442	1561504	1784900	2409266	2565376	4519081	11772600	50067351	7186514	0	0	0	0.3467
16	25953910	20160828	21497041	24123544	57345	57345	0	0	0	15159	53693	64319	65358	71434	76657	89165	102945	103884	132618	151302	159789	226810	203946	258115	311194	354483	438914	430618	570151	594383	694204	796106	841940	926360	1192014	1280671	1568636	1806616	2433798	2623703	4595817	11872533	49381641	7246347	0	0	0	0.2559
17	25826886	20203729	21574983	24086317	100753	100753	0	0	0	22539	64612	72615	72077	79894	83914	96990	112062	111842	142647	162835	168521	241220	213394	273703	325112	368928	457112	443538	592260	608596	710528	813695	851599	938222	1206662	1299093	1582409	1818214	2467192	2656899	4652425	11929548	48960770	7090248	0	0	0	0.3216
18	25674864	20363581	21618160	24019394	116669	116669	0	0	0	32994	68819	75899	74550	82222	87336	101285	116720	115898	147513	168576	171775	249965	218133	282199	332761	377552	466281	450245	605286	615343	720042	824289	857501	947201	1218053	1311009	1593279	1830089	2493133	2681135	4698165	11999617	48713664	6947470	0	0	0	0.3501
19	25767400	20263786	21701228	23889251	171003	171003	0	0	0	28022	76787	86360	86161	93912	98379	112473	129250	126695	160194	183628	185566	268205	232268	301494	349477	393315	486899	465118	626323	630262	736352	843583	874639	969330	1239422	1331597	1618364	1861896	2534996	2742007	4768481	12072596	47955361	6952253	0	0	0	0.4258
20	25748226	20269523	21707269	23953885	113765	113765	0	0	0	29870	77991	88097	88857	98131	102948	118719	136247	134586	169533	192187	195110	280015	244104	314932	362664	406787	503399	480644	644443	647381	755845	862277	891441	993563	1262953	1354332	1646702	1895670	2577627	2804461	4854917	12149567	47383142	6929761	0	0	0	0.3720
21	25711068	20402144	21775518	23899421	4517	4517	0	0	0	57843	95891	100671	96144	105598	110209	125949	145072	141737	178362	202563	203709	293179	252120	328103	375926	420015	519875	492135	661790	657787	768250	879997	902527	1006952	1278552	1374724	1667069	1913751	2606381	2842381	4914358	12221717	47019313	6827501	0	0	0	0.2835
22	25729623	20314266	21880648	23757723	110408	110408	0	0	0	42854	99565	107294	106087	115734	120211	136312	157333	153583	191555	216935	217068	309598	265548	347234	393602	435122	538588	507780	683964	675135	790539	899972	919878	1029917	1302849	1397997	1692067	1946881	2646988	2893304	4976891	12261237	46310533	6792105	0	0	0	0.4077
23	25811595	20276497	21915697	23785279	3600	3600	0	0	0	45402	105683	114376	114271	124758	129371	147406	169423	164103	204354	231972	231654	326259	282491	365144	411675	452955	559864	528017	706342	696838	810023	924277	942776	1060447	1329655	1426106	1725740	1987898	2685539	2964510	5057355	12326776	45628950	6806658	0	0	0	0.3083
24	25645352	20440871	21910029	23729468	66948	66948	0	0	0	49776	109598	118744	117932	128831	134353	153447	175980	170737	212533	240216	236514	340526	287934	378763	423003	466053	574609	534516	724322	703451	823269	939558	948747	1065836	1343231	1439701	1733767	1994262	2714954	2981672	5095830	12370664	45343266	6649125	0	0	0	0.3881
25	25780529	20386036	21977448	23601599	47056	47056	0	0	0	61374	127308	134105	131685	143136	147182	166198	188176	180397	225100	253953	247793	356836	299184	394906	437652	479004	591807	549914	741762	715112	837421	955939	961061	1080422	1359990	1454631	1748139	2006045	2739293	3013679	5142033	12408633	44870943	6594799	0	0	0	0.3956
26	25793255	20319488	21986480	23690432	3013	3013	0	0	0	60089	122988	132294	130519	143567	149211	169846	193928	186458	233420	263363	256097	370036	308212	409183	450247	492730	607954	560881	760810	730854	856453	973981	976040	1100102	1382556	1478348	1774029	2035348	2777121	3068067	5211028	12476718	44397769	6549408	0	0	0	0.3494
27	25600757	20499406	21992196	23629386	70923	70923	0	0	0	69251	145910	152550	149808	161840	164967	185466	212008	202308	249440	280917	272494	386554	325105	426875	468678	508855	625628	577229	778789	749354	869878	992812	992984	1123005	1398287	1496420	1798684	2067729	2802363	3104917	5244911	12467799	43683676	6584254	0	0	0	0.4590
28	25725077	20429670	22097930	23534522	5469	5469	0	0	0	71318	141403	148398	146307	160626	165044	187205	213561	204019	253669	285919	275767	395952	330091	438169	478000	518082	639068	585570	795429	754874	883337	1005808	1002325	1133927	1415713	1516347	1812665	2080410	2832067	3138045	5298034	12533943	43463360	6482747	0	0	0	0.3872
29	25704014	20319100	22069022	23562572	137960	137960	0	0	0	81613	161213	166134	162088	176275	180130	203080	230085	217826	269205	301479	291563	414226	345957	456707	494441	534172	656821	602460	815458	771657	902582	1028136	1018759	1156659	1437276	1534550	1839685	2108314	2854937	3176328	5334815	12525740	42732544	6471793	0	0	0	0.5643
30	25607158	20511709	22103276	23567409	3116	3116	0	0	0	84809	162919	167593	164110	178495	183751	206856	235428	222979	276378	310571	299299	425691	355339	469674	507333	545290	671730	612732	832425	786476	917851	1042631	1032719	1175320	1457118	1557601	1861817	2136296	2891238	3221251	5395077	12583041	42380939	6436775	0	0	0	0.4250
31	25698835	20449521	22236381	23400477	7454	7454	0	0	0	93585	179636	182270	177773	193134	196286	221903	251682	238611	292946	328388	317226	446831	372953	491759	528019	566411	695511	633927	855033	807382	938005	1065690	1055508	1202062	1483102	1582286	1892781	2166486	2920136	3270507	5443450	12584168	41694759	6415008	0	0	0	0.4596
32	25681128	20391540	22213727	23448602	57671	57671	0	0	0	100760	190004	192213	187802	203907	207222	231902	262793	248487	305145	341964	327135	463017	382946	508241	542147	579295	709930	644139	874374	817507	951976	1082948	1065613	1214227	1497747	1595802	1906405	2180252	2942502	3290506	5468791	12596503	41242301	6378494	0	0	0	0.5353
33	25542967	20482246	22158810	23350451	258194	258194	0	0	0	112081	207259	209046	202208	218959	220638	245666	278271	259250	318903	356139	337437	481904	392780	524008	556515	591501	726125	654951	892872	825586	962214	1094792	1073082	1220331	1507788	1606313	1910405	2181400	2959354	3294287	5471471	12568832	40826964	6245142	0	0	0	0.7838
34	25641860	20441269	22281660	23297580	130299	130299	0	0	0	120191	224058	222048	213932	230418	231051	257407	290429	271785	333592	369881	353811	495565	409796	542160	573259	608332	745402	674186	912642	850910	984315	1118147	1097552	1255287	1537660	1637078	1948468	2228411	2993169	3359907	5540898	12589388	40134304	6306930	0	0	0	0.6708
35	25507498	20413474	22178908	23332256	360532	360532	0	0	0	129773	236784	232953	223816	239648	240416	266639	300475	280097	343123	381008	361930	509893	419519	557625	586805	621184	760926	686866	926132	862649	998616	1132976	1109879	1266676	1552859	1651077	1964537	2241445	3007158	3376383	5556933	12566272	39621434	6217630	0	0	0	0.9435
36	25520711	20578259	22301380	23387272	5046	5046	0	0	0	130724	231991	231097	223581	241667	243820	272272	308410	286561	351821	392405	371393	524674	428118	571729	599581	635732	777567	696477	948953	874694	1012839	1153780	1122590	1281073	1577308	1673105	1984567	2261820	3045874	3423128	5624659	12642947	39441819	6198846	0	0	0	0.5601
37	25621547	20515004	22378307	23271339	6471	6471	0	0	0	133809	233603	232740	227001	245242	246835	276932	314136	291578	359433	399002	375025	537010	432029	583083	607980	644049	790394	702652	964233	880347	1022954	1165108	1132578	1290665	1589024	1690881	1996965	2273403	3071552	3440560	5645884	12663523	39233971	6092016	0	0	0	0.5692
38	25480232	20371475	22266720	23237040	437201	437201	0	0	0	146319	257358	251307	241479	261624	260308	290647	327591	303353	372036	412681	386738	549833	444236	598178	621115	654064	801851	712629	975613	889651	1034069	1175243	1139690	1299689	1597478	1697295	2006027	2286123	3072156	3444245	5635084	12578482	38603810	6027465	0	0	0	1.0715
39	25418941	20519896	22309097	23199814	344920	344920	0	0	0	163374	294314	282336	266978	283209	280169	311634	348950	320405	392203	432840	408755	567473	466164	618770	644249	671258	823007	737611	994660	918171	1056940	1198783	1166767	1333391	1626481	1722788	2042440	2323515	3097291	3495086	5669960	12552078	37817912	6117786	0	0	0	1.0223
40	25528779	20524504	22456392	23155877	127116	127116	0	0	0	168492	301380	291269	274867	292790	289232	321063	358895	330214	402690	443577	419567	583745	478340	635226	659333	687261	839623	750868	1014711	931190	1073390	1217094	1183001	1350505	1645341	1742213	2062834	2346440	3123057	3523805	5705219	12573161	37559727	6085432	0	0	0	0.8027
41	25499644	20469739	22438892	23198528	185865	185865	0	0	0	173697	308898	297978	282966	302382	297432	331605	371121	340407	415258	456304	431118	597551	489283	650551	672953	698381	856131	762271	1031895	943783	1086684	1231304	1198337	1365389	1662681	1755299	2077775	2363285	3143089	3542237	5725806	12559565	37142491	6040896	0	0	0	0.8841
42	25413115	20598803	22420978	23164874	194898	194898	0	0	0	185451	330902	317005	299498	317560	311529	345791	385465	353293	430162	471487	443986	614630	504033	668473	688820	712355	870109	778406	1047707	962122	1102144	1250273	1213770	1383803	1679215	1773781	2097468	2379941	3159260	3565698	5737555	12533393	36647909	6034776	0	0	0	0.9276
43	25452381	20549769	22521607	23067968	200943	200943	0	0	0	191921	336010	321557	304761	325167	319927	354021	397736	360493	442433	485037	456157	630721	513077	684369	702548	726647	889614	788677	1066049	970465	1113419	1264872	1224572	1394083	1694868	1789178	2111117	2395342	3183105	3588882	5764636	12532645	36296021	5971598	0	0	0	0.9495
44	25501994	20532185	22528251	23222765	7473	7473	0	0	0	200776	347551	331341	314069	334960	327681	364214	408935	371116	454811	498227	464586	649309	525281	703433	716863	741617	906320	803497	1088836	987590	1130919	1286038	1244624	1412272	1718284	1811898	2133838	2420700	3213518	3622746	5805706	12537539	35960400	5945700	0	0	0	0.7605
45	25330344	20682730	22517424	23138584	123586	123586	0	0	0	211074	377238	356805	334918	353297	343662	379516	424964	385111	469385	510429	482559	657018	541344	713861	732306	753648	918978	819014	1098339	1004337	1146506	1297224	1257793	1432455	1732297	1823588	2154468	2439570	3211253	3635814	5799500	12470780	35420412	5979619	0	0	0	0.9260
46	25442006	20654936	22639508	23051973	4245	4245	0	0	0	227047	408873	382610	358695	375109	365392	399334	444260	402962	487725	531187	500580	679155	561053	736145	754346	773914	936567	839534	1118293	1027676	1168779	1319699	1279040	1459357	1758108	1847006	2178256	2470127	3235759	3667740	5817566	12436612	34899753	5940164	0	0	0	0.8431
47	25443330	20615893	22602430	23122865	8150	8150	0	0	0	232610	409738	384731	359646	380557	367440	405340	451585	406961	497546	540465	506064	692925	564509	749375	763610	779652	952342	844773	1134386	1034695	1176579	1330146	1287252	1461890	1768950	1856016	2184085	2476289	3252660	3679749	5831230	12439522	34676131	5905069	0	0	0	0.8560
48	25308301	20765902	22606043	23089729	22693	22693	0	0	0	244575	434992	408264	380605	397903	384645	424059	470678	422847	514672	556811	523064	708428	580132	768148	778825	794538	965845	860065	1148453	1051603	1191740	1345712	1303953	1478222	1784057	1872764	2204890	2490719	3261707	3695848	5838621	12391297	34205980	5885313	0	0	0	0.9110
49	25430745	20657718	22656661	22988958	58586	58586	0	0	0	260319	464995	430324	400509	418116	402878	439298	486881	438205	529828	575037	536792	727715	594443	786272	796980	809326	985184	876524	1171663	1066643	1207184	1363471	1321340	1494944	1804369	1889483	2223401	2508844	3276863	3717578	5858886	12343712	33694339	5831736	0	0	0	0.9920
50	25407893	20580717	22684722	23055824	63512	63512	0	0	0	282037	505017	469253	435017	452914	432673	472967	526362	463506	567989	615513	567953	775275	622184	835537	834167	845035	1025788	909099	1216599	1101110	1240345	1405436	1360002	1530947	1848359	1932847	2266094	2560171	3327395	3794167	5941204	12227930	32365873	5972391	0	0	0	1.0676
