#Name	E:\SaveData\2016-10-13_16_03_13_1001160050_R0039_A_CL100009724_BGI12084_WESPE_result\\CL100009724\L02\CL100009724_L02_28_1.fq
#PhredQual	33
#ReadNum	54718779
#row_readLen	50
#col	48
#BaseNum	2735938950
#N_Count	3669502	0.134122
#GC%	44.23
#Q10%	99.04
#Q20%	96.30
#Q30%	87.88
#EstErr%	0.475101
#Pos	A	C	G	T	N	0	1	2	3	4	5	6	7	8	9	10	11	12	13	14	15	16	17	18	19	20	21	22	23	24	25	26	27	28	29	30	31	32	33	34	35	36	37	38	39	40	41	Err%
1	18965908	12199332	12478677	11064437	10425	10425	0	0	0	1429	12448	21343	19357	19122	18139	19997	20876	21151	24160	27422	28716	38022	39227	45417	55419	88578	108929	118529	150154	192082	222657	263326	340624	354898	522415	571727	732642	748412	798594	727039	1388096	4758198	35808742	6400467	0	0	0	0.1100
2	16405816	9875669	13325547	14973513	138234	138234	0	0	0	1187	17197	24712	22965	23052	22967	24672	26593	27424	32180	36848	41223	54415	55405	64027	81900	123044	151200	164150	204986	251724	290783	335282	403568	418246	576689	626082	785568	864373	1029589	1012462	1850438	5651530	33795967	5488097	0	0	0	0.3627
3	15792834	11949169	11373356	15549663	53757	53757	0	0	0	9447	14752	20909	20047	20816	21840	24620	26439	28200	34402	38701	45145	59461	60213	68748	90742	134823	164459	177240	221292	270564	308621	356990	423560	438788	597247	642937	802081	881561	1067422	1060881	1919244	5781242	33405687	5425901	0	0	0	0.2119
4	16054209	11728761	11631946	15065458	238405	238405	0	0	0	1828	13616	18210	17269	17266	18027	19985	22082	23773	28795	33632	39093	52596	54506	62714	84723	128167	157885	172274	215315	264266	302136	349573	415828	431853	586333	634663	792547	877266	1077391	1079359	1959636	5885496	33213716	5428555	0	0	0	0.5344
5	15984739	11531267	12198786	14993473	10514	10514	0	0	0	2484	12140	17675	17121	17797	18694	21226	23910	25564	31753	36156	42378	56714	57763	67724	90153	136497	168040	180529	226540	274471	314464	363579	426873	445042	601629	651298	810541	901726	1120789	1124839	2035967	6028591	33092521	5265077	0	0	0	0.1205
6	15721179	11760390	11985536	15180163	71511	71511	0	0	0	2245	11967	15818	15237	15942	16555	19031	21739	23247	29529	34247	40282	55195	56630	65353	90481	136926	169725	181995	230177	276096	318726	366311	429404	448367	605991	651490	814089	911147	1144327	1146667	2079380	6134622	32995657	5092673	0	0	0	0.2277
7	16111635	11495713	12298509	14811780	1142	1142	0	0	0	813	10909	15105	15303	16005	17138	20148	22867	25064	31498	36536	42674	58160	60018	69714	95506	142283	176308	188270	239398	282711	326233	375024	436235	458108	614252	662717	826731	934760	1182296	1203927	2169825	6285923	32587191	5087987	0	0	0	0.0995
8	15571070	11911022	11615091	15447866	173730	173730	0	0	0	2058	16462	20134	18877	19134	19996	22488	25048	26084	32957	37478	43732	60468	61170	70465	97186	146056	180442	190751	243323	286244	329697	379844	435912	458773	614912	663022	823946	926852	1192433	1204950	2182805	6320228	32483143	4907979	0	0	0	0.4257
9	15571008	11731201	11883232	15528704	4634	4634	0	0	0	2277	13770	16227	15495	16467	17189	20323	23402	24955	32057	37211	44111	61065	61740	72260	99929	149228	185063	195041	250521	290633	336480	386494	439325	465215	620663	671118	833701	944032	1221163	1249809	2255370	6452767	32287507	4921537	0	0	0	0.1107
10	15785182	11672248	12099328	15122448	39573	39573	0	0	0	2957	17499	21238	20315	21241	22053	25421	28633	30170	38100	43877	49636	68883	68402	80816	108726	158244	196476	204385	262186	298628	346334	397420	446747	476848	631552	682372	846044	964677	1260531	1299058	2325816	6554670	31788059	4891192	0	0	0	0.1893
11	15779200	11593542	12054315	15040976	250746	250746	0	0	0	1985	16400	20548	20026	21319	21966	25747	29022	30491	38824	44323	50722	70277	70226	82964	111092	161251	201103	207753	266399	300973	349263	401250	448769	481239	633020	682216	847906	970616	1273621	1319570	2362077	6609578	31441879	4853618	0	0	0	0.5743
12	15786025	11746610	12111343	15037447	37354	37354	0	0	0	1690	12795	16849	17336	19098	20759	24950	29117	30984	39834	46392	53110	74284	72648	87101	117335	168013	208445	213925	277408	310367	359487	412118	457046	490947	644823	695777	860730	985161	1303097	1349844	2417656	6724228	31352921	4785150	0	0	0	0.1800
13	15896985	11708883	12133798	14967578	11535	11535	0	0	0	1761	13117	17288	17938	19680	22041	26181	30355	32463	42713	48839	55288	79084	76355	91469	122164	174029	216210	218308	287356	315090	365819	420614	459598	495400	648923	701214	867426	994041	1323359	1377013	2462244	6795016	31138702	4750146	0	0	0	0.1362
14	15747562	11675618	12064351	14896906	334342	334342	0	0	0	5138	20832	24686	24632	26746	28403	33122	38041	39277	49767	57475	62990	89276	83520	102877	131373	183171	226480	225807	298053	322048	373271	428661	465118	502911	658196	709166	874193	998795	1337620	1397278	2490930	6813805	30608363	4652416	0	0	0	0.7492
15	15756433	11779830	12181252	14899438	101826	101826	0	0	0	7403	23582	26682	26141	28033	29526	34769	39531	40369	51757	58728	64685	91915	86637	105825	135722	189180	233658	232930	305660	328526	382455	437894	473894	514055	668516	721415	886452	1014403	1362560	1428599	2540681	6905999	30523655	4615116	0	0	0	0.3317
16	15800773	11753620	12226371	14904038	33977	33977	0	0	0	7066	26678	32941	33155	36283	38716	44778	51783	52627	67008	76758	82663	116300	106454	134171	163218	187899	233765	232917	305983	328488	382885	439663	472760	516094	666909	721159	890004	1028109	1378329	1463146	2592461	6974166	30127607	4671859	0	0	0	0.2313
17	15784079	11728793	12262585	14883406	59916	59916	0	0	0	11268	32735	37323	37113	39896	42732	48689	56706	56788	72133	82985	86914	123925	111449	140797	170095	195664	243204	239837	317247	335197	390966	448734	477091	523937	676861	731575	896341	1033552	1394947	1481524	2620382	7018646	29901290	4580320	0	0	0	0.2953
18	15679332	11856132	12265738	14847717	69860	69860	0	0	0	16971	34806	38982	38021	41108	43613	50870	58391	58424	74264	84758	88474	127340	113929	144709	173793	199807	247654	243310	322876	338466	395611	454528	480772	526840	682513	735732	900552	1037525	1409918	1497321	2645117	7068516	29771210	4502198	0	0	0	0.3225
19	15701744	11785798	12336591	14788355	106291	106291	0	0	0	13376	38570	43687	43421	46882	49103	56371	64695	63971	80182	91844	94726	135442	120793	154044	182084	207262	257270	250244	333956	345217	403511	462350	486925	538118	691873	745491	912811	1057312	1432994	1528439	2689047	7120584	29351547	4518346	0	0	0	0.4014
20	15739759	11734238	12363395	14812687	68700	68700	0	0	0	14046	38594	44116	44390	48613	51203	58789	67867	67450	85470	97312	99943	142431	126424	160913	189545	215002	266215	259083	341928	351867	412634	472101	495684	549343	703804	758408	928173	1074723	1460033	1565530	2737839	7182193	29023507	4514906	0	0	0	0.3389
21	15720152	11834110	12395887	14766012	2618	2618	0	0	0	29540	48138	50848	48219	52236	54684	63674	71530	70949	89323	101616	104087	148206	130310	167059	195674	219743	272592	264199	351445	359229	420372	480012	501429	557128	712424	766964	939095	1082849	1477929	1586187	2772200	7229099	28838192	4458980	0	0	0	0.2452
22	15738429	11802337	12430074	14681586	66353	66353	0	0	0	20662	49390	54490	52880	57416	59446	68179	77896	76740	95504	108218	110224	156711	138439	177483	204720	228494	283188	272455	362791	367589	429081	491024	510108	569682	721311	778231	952409	1101186	1494728	1615965	2812625	7270311	28434695	4448155	0	0	0	0.3677
23	15809371	11765328	12441257	14700674	2149	2149	0	0	0	21321	51531	56728	55987	61278	64028	73033	83983	82557	102251	115519	117629	164902	146506	187111	214419	237912	293409	282659	373943	378750	440951	503636	522021	584810	736697	794660	971075	1123950	1523251	1656461	2862370	7319968	28041500	4469824	0	0	0	0.2625
24	15729629	11847622	12437010	14663607	40911	40911	0	0	0	23320	53670	58698	58516	63987	66617	76047	86751	85298	106071	120511	120859	171642	149620	192629	218927	244091	301312	286438	382816	382117	448165	510991	525298	589161	744600	799390	973533	1124916	1534519	1666663	2883490	7350830	27904035	4372340	0	0	0	0.3426
25	15787196	11824647	12479886	14598637	28413	28413	0	0	0	29723	64111	67506	65401	70701	72272	82071	93851	90394	112486	127646	126394	180210	154965	201948	227638	251184	310466	292772	393362	388137	453884	520359	531685	594028	752543	808836	982736	1132652	1550608	1686321	2907825	7387160	27632895	4345596	0	0	0	0.3461
26	15765838	11815525	12500452	14635105	1859	1859	0	0	0	28387	60140	65393	64374	70791	72862	83648	95949	93151	115741	132085	130338	185567	159664	207867	233346	258294	318647	300004	402933	396667	463180	528425	539882	606173	763580	818766	997315	1150920	1570518	1713689	2950005	7431649	27373005	4333965	0	0	0	0.2963
27	15672123	11906956	12474388	14623582	41730	41730	0	0	0	32940	71922	76317	74366	80450	81897	92231	105303	101165	124468	140411	138913	195233	168938	217391	244013	266724	327891	307667	412632	405566	472091	538689	546974	617015	774314	829615	1010819	1167891	1585790	1738112	2972122	7445282	26953841	4358056	0	0	0	0.4005
28	15742355	11896928	12500476	14575849	3171	3171	0	0	0	33502	68455	73386	71641	78245	81093	91576	104951	101059	126069	141432	140314	199800	169788	223241	246414	272007	334016	312969	419942	409061	477328	546519	552554	622976	781369	837809	1015869	1173289	1605533	1758078	3004732	7486120	26852668	4301803	0	0	0	0.3264
29	15738004	11808294	12504350	14585776	82355	82355	0	0	0	38716	78989	81931	79538	86429	87767	99756	113004	108777	134333	150985	147680	208671	178057	232048	256516	279156	343766	320895	429935	418748	488690	556552	560995	635214	793452	851642	1030784	1190507	1617726	1783320	3033359	7501551	26412668	4304267	0	0	0	0.4990
30	15701969	11883252	12527566	14604156	1836	1836	0	0	0	40078	79249	81902	80511	87522	90071	102159	115761	111401	137078	154123	152080	213909	182769	238086	262390	285881	350935	326644	438221	425639	496057	565282	569488	646182	805123	861868	1042600	1206613	1640947	1809500	3063553	7546241	26225396	4281684	0	0	0	0.3574
31	15749766	11845946	12601800	14516950	4317	4317	0	0	0	44617	86646	89806	87256	95169	97041	109142	123859	118184	146143	163639	160601	224099	193014	249391	272777	295481	363734	337590	451917	436275	506721	575750	579197	658883	818232	876543	1059394	1223450	1657435	1836925	3098453	7560890	25832108	4284100	0	0	0	0.3870
32	15755746	11806006	12573639	14548962	34426	34426	0	0	0	47671	92012	93787	91885	99570	101452	114270	130388	123694	152353	170175	166729	233287	197226	258914	280090	302710	371820	344468	460840	443288	512767	585294	586683	668228	826386	886388	1066178	1229251	1670153	1852521	3117686	7575809	25567540	4262840	0	0	0	0.4587
33	15669675	11867736	12535909	14487207	158252	158252	0	0	0	53452	101652	102801	99437	107030	108046	120584	137273	129209	159076	177699	171619	241795	202247	265671	286520	307514	379452	349095	469409	447575	519287	591261	590969	669928	831522	890106	1072006	1234106	1679750	1857619	3122531	7569742	25335133	4179411	0	0	0	0.7109
34	15723488	11836361	12612258	14467047	79625	79625	0	0	0	57019	109688	108873	105377	112566	113223	126936	143169	135437	165501	184459	179495	250369	211954	274525	297048	317199	389395	357854	479252	459064	532989	605210	603305	688795	848962	908333	1092421	1260009	1700007	1893416	3167982	7599950	24927611	4231761	0	0	0	0.5886
35	15634948	11836180	12551653	14477018	218980	218980	0	0	0	62828	114971	114945	110262	117264	118778	132210	148477	139974	170851	190352	184487	256342	217031	283300	304409	323707	398830	367060	489074	466119	539547	613678	608950	696441	856181	916113	1098364	1266543	1711689	1905403	3176597	7589565	24632918	4176539	0	0	0	0.8627
36	15678056	11909091	12607314	14521374	2944	2944	0	0	0	61876	113468	113236	109166	118734	120259	134013	152055	143441	175612	195389	189261	265060	221349	291564	311610	331297	407515	371454	500525	473469	548673	624072	616452	704362	870938	926864	1113691	1277387	1732480	1932234	3220788	7649215	24537893	4160433	0	0	0	0.4699
37	15705894	11897396	12652482	14459144	3863	3863	0	0	0	63851	113672	113899	110191	120181	121043	136127	154638	145189	179717	200166	191045	270812	223305	297325	316068	336760	413832	375386	508138	476869	553719	630541	621469	708160	874682	936447	1118569	1283968	1747685	1941458	3237312	7665722	24429170	4097800	0	0	0	0.4773
38	15621602	11818862	12585320	14428757	264238	264238	0	0	0	70948	125471	123885	118969	128310	129245	143594	161642	150678	185043	206856	196818	277179	230142	303292	322393	342423	419897	380696	514884	481252	559458	636736	624824	714943	879624	939817	1123015	1290106	1750694	1948931	3227129	7626395	24061955	4057297	0	0	0	0.9826
39	15607419	11868993	12591440	14438861	212066	212066	0	0	0	78523	145179	140243	132078	140053	138878	154769	172743	160359	194908	216342	208415	286225	241869	314544	334500	352781	431590	393864	526017	496486	571844	648399	642215	734623	897581	955374	1144106	1314902	1762819	1978921	3260503	7627257	23583762	4124041	0	0	0	0.9316
40	15661279	11884883	12669270	14426188	77159	77159	0	0	0	80567	147872	143051	135463	144082	142701	158932	177856	164654	201774	223041	213949	294150	248725	323058	341577	359217	440328	399664	537329	503406	581986	658511	650239	743557	909283	966029	1156692	1327929	1783035	1996818	3282181	7652576	23436914	4114474	0	0	0	0.6978
41	15651721	11848886	12664601	14440842	112729	112729	0	0	0	82779	150331	146146	139361	148175	147052	163993	183556	169693	206765	228526	219405	303027	254124	332202	349512	365973	448278	407835	543203	512138	587619	666914	658278	751698	917054	975235	1167318	1338476	1794932	2011142	3292486	7646030	23208318	4088476	0	0	0	0.7760
42	15600442	11919213	12648295	14433375	117454	117454	0	0	0	88583	161861	155741	148210	155896	153437	171077	191717	176674	215264	237174	226925	310356	261531	340005	358163	373622	456446	416357	553166	519574	597206	676336	667229	761899	928723	983494	1177767	1353302	1805480	2026162	3310619	7646102	22908259	4086968	0	0	0	0.8136
43	15606541	11895053	12678759	14416363	122063	122063	0	0	0	91600	162991	157014	149110	159525	157642	175360	195370	180813	222114	243732	232487	318506	265651	349553	364489	381882	466469	421518	564782	524585	601920	685695	673012	766835	935119	994493	1186692	1359623	1819261	2042048	3329937	7655976	22712525	4048387	0	0	0	0.8326
44	15641443	11883893	12699128	14490046	4269	4269	0	0	0	94713	168636	161928	154467	163914	161624	180490	201917	185562	227479	249915	238287	326763	271682	358181	374050	387765	475070	429281	574461	534233	613579	695560	682218	780247	949203	1005492	1200577	1372449	1835050	2065216	3357001	7668328	22532037	4037135	0	0	0	0.6348
45	15567990	11953205	12683113	14439855	74616	74616	0	0	0	100358	183074	174599	164282	173907	170498	188271	210081	193358	235352	257210	246996	333987	280451	366015	381508	396181	481914	439221	581679	543349	622149	703741	692092	788227	958738	1012838	1210876	1386389	1839766	2075065	3356468	7642543	22191183	4061797	0	0	0	0.7971
46	15625659	11938708	12745004	14407047	2361	2361	0	0	0	108232	199641	189312	176405	184218	180426	199075	221269	202454	245518	267555	257503	344781	293062	377558	393033	407317	493970	449638	591648	556786	633375	716773	706926	805747	973835	1027424	1225624	1405496	1855508	2092665	3370459	7627364	21896653	4039168	0	0	0	0.7062
47	15615121	11921744	12738079	14439058	4777	4777	0	0	0	110591	198601	187658	176838	187431	181295	200991	224289	205222	248917	272062	260203	351054	293884	384000	397847	409847	500008	454194	599732	559583	637333	722846	710306	807362	979690	1033984	1232026	1406372	1865557	2103360	3384913	7641196	21763712	4021098	0	0	0	0.7151
48	15546034	11995300	12728391	14435545	13509	13509	0	0	0	115897	211697	200193	187966	197029	191513	210936	234153	212992	258488	281458	269085	361411	301592	394633	408423	419112	510178	461963	610547	569683	647544	731532	717747	818042	988155	1043841	1242871	1419546	1871515	2117428	3395781	7619240	21474334	4008745	0	0	0	0.7657
49	15619065	11938589	12768381	14356707	36037	36037	0	0	0	124205	227496	213007	198007	206366	200087	220084	242948	220283	266617	291151	275897	371470	311503	405161	417486	426844	519717	470793	621239	579286	655408	743137	727612	830003	1002307	1053139	1253914	1432452	1884736	2138015	3409510	7601294	21165324	3976244	0	0	0	0.8439
50	15619797	11890477	12759437	14411118	37950	37950	0	0	0	134286	247319	231751	215063	224625	215137	236535	261319	235114	287520	311508	294138	395769	325180	430098	437880	448737	541616	490605	646378	600527	677672	767317	753514	851585	1029208	1081315	1284212	1466811	1916651	2191027	3480314	7541544	20365721	4062833	0	0	0	0.9062
