#Name	E:\SaveData\2016-10-13_16_03_13_1001160050_R0039_A_CL100009724_BGI12084_WESPE_result\\CL100009724\L02\CL100009724_L02_31_1.fq
#PhredQual	33
#ReadNum	66035163
#row_readLen	50
#col	48
#BaseNum	3301758150
#N_Count	4371178	0.132389
#GC%	46.47
#Q10%	98.86
#Q20%	95.67
#Q30%	86.50
#EstErr%	0.534650
#Pos	A	C	G	T	N	0	1	2	3	4	5	6	7	8	9	10	11	12	13	14	15	16	17	18	19	20	21	22	23	24	25	26	27	28	29	30	31	32	33	34	35	36	37	38	39	40	41	Err%
1	21907855	15276105	15638491	13200195	12517	12517	0	0	0	1860	15000	26117	23736	23060	22001	23867	24990	24992	28522	31798	33371	43727	45251	51772	62298	101310	123439	137363	169888	220756	256880	302174	390204	406790	604578	673629	892655	940831	1000353	837251	1603319	5954111	42746420	8178333	0	0	0	0.1091
2	18979715	12443884	16728843	17715930	166791	166791	0	0	0	1518	21453	30124	28414	28218	28095	30034	32642	33025	39243	44650	49577	65300	66747	76752	98314	148229	181193	195715	245715	301817	346986	401046	480226	497035	687164	749566	956951	1068974	1290972	1218967	2232243	7063697	40355615	6772155	0	0	0	0.3635
3	18277776	15096056	14354837	18240971	65523	65523	0	0	0	11598	18565	27063	25542	26725	27504	31123	33909	35612	43474	49046	55886	74246	74651	85968	112365	166298	202773	218157	273171	330467	376668	433173	512945	532262	721879	782294	983424	1097297	1337653	1305232	2353917	7200799	39826408	6581546	0	0	0	0.2166
4	18603511	14754157	14669635	17722882	284978	284978	0	0	0	2398	17517	23110	21731	22304	22988	25573	28680	30202	36843	42895	49386	66212	68284	78446	105792	160384	197775	212867	266660	324459	371278	426768	504810	525109	710970	770551	971192	1090655	1351816	1329766	2411446	7319221	39634264	6527833	0	0	0	0.5340
5	18524397	14542741	15395265	17560866	11894	11894	0	0	0	2987	15993	22636	22270	23134	24262	27726	30867	32536	40499	46553	53498	72535	73182	85293	113967	171235	210813	225623	283467	339965	388973	447760	520561	545188	734396	793135	994951	1119588	1401607	1400937	2523534	7482028	39475849	6275721	0	0	0	0.1238
6	18231379	14804442	15114888	17802020	82434	82434	0	0	0	2477	15280	20490	19852	20564	21535	24890	28270	30350	38222	43819	51517	71081	71979	83282	114244	173161	214395	228545	289440	344751	395411	454403	526742	551243	741972	799597	1002574	1128310	1435650	1432586	2590618	7599716	39349164	6036599	0	0	0	0.2261
7	18721080	14421905	15573250	17317592	1336	1336	0	0	0	1167	14130	20010	20172	21323	22476	26866	30324	32542	41087	47706	55487	75791	76939	90062	121512	181609	225631	237732	304884	354996	409412	468640	536850	566563	756368	815890	1020377	1157144	1484597	1513195	2708356	7778450	38839221	5976318	0	0	0	0.1052
8	18152596	14977239	14725026	17974447	205855	205855	0	0	0	2561	21028	25728	24792	25006	25947	29110	32573	34388	42858	49250	56808	78733	78336	91713	125115	187533	231247	242602	312576	360931	415699	477566	541710	570260	759263	821186	1018183	1151787	1498823	1516051	2735393	7812378	38703355	5728819	0	0	0	0.4258
9	18099112	14818079	15057175	18055221	5576	5576	0	0	0	2991	17803	21403	20608	21368	22891	26682	31045	32874	42743	49730	58041	80505	80819	94786	129776	193619	239609	249506	322795	366773	425082	488782	548171	580845	771242	834006	1031517	1176363	1535720	1576003	2828444	7967336	38463394	5696315	0	0	0	0.1172
10	18359541	14645869	15340035	17642323	47395	47395	0	0	0	4112	22822	27671	26728	27806	29373	33898	38182	40059	50854	57626	65466	91816	89797	107030	142217	207092	256770	263363	340669	381790	439680	505512	560098	597773	789534	853460	1054204	1203572	1587547	1641362	2924513	8078611	37821708	5625053	0	0	0	0.1970
11	18405284	14547024	15284198	17497950	300707	300707	0	0	0	2742	21650	27038	26070	27827	30034	34091	38991	40393	52106	59676	67906	93986	91968	109920	146319	211748	262148	267747	347725	385576	444562	511623	563551	604727	793778	856363	1059572	1213362	1601157	1672777	2976774	8137135	37405357	5548057	0	0	0	0.5800
12	18385922	14747862	15375368	17481424	44587	44587	0	0	0	2538	17799	23396	24085	26236	29118	34577	39792	42320	54939	63240	71420	101009	97180	117791	156087	223482	276786	278213	365863	396691	462042	528857	577827	622819	813770	876634	1078266	1234561	1646081	1723675	3061478	8258373	37227600	5436031	0	0	0	0.1905
13	18464397	14693344	15503262	17360662	13498	13498	0	0	0	2735	18251	23951	25075	27662	30544	36150	42663	44733	58001	67183	75238	107178	101515	124880	162508	229956	286472	285833	377278	405399	471418	540741	582485	630735	823598	886682	1086683	1247548	1668287	1756348	3117557	8331297	36966904	5378177	0	0	0	0.1476
14	18285370	14635499	15404225	17308966	401103	401103	0	0	0	7212	28507	33824	34049	36767	39436	46114	53428	54269	69779	80018	85550	122967	111865	140410	176783	245011	303630	296595	395362	415814	483625	555493	593135	644467	836483	898113	1099943	1259571	1692261	1790446	3158665	8343684	36273498	5227286	0	0	0	0.7607
15	18320079	14797802	15481602	17314317	121363	121363	0	0	0	10364	32364	37043	36159	39202	41625	48629	55028	56386	72820	82101	89425	128088	117717	146258	184495	253494	313142	306890	408177	427190	497248	569485	605288	657936	852051	915363	1117997	1281553	1725256	1833134	3229929	8446337	36134855	5160771	0	0	0	0.3466
16	18409960	14746913	15553504	17283414	41372	41372	0	0	0	10900	39112	46522	47084	51864	55227	63704	73434	74558	94380	108256	112959	160755	146078	184567	220407	252857	313881	308292	408127	427514	497513	569773	603320	662751	853932	918435	1124899	1295928	1743885	1876687	3288737	8510537	35647559	5199357	0	0	0	0.2558
17	18320244	14773375	15594031	17274892	72621	72621	0	0	0	16433	46600	52582	52272	56186	60201	69696	80031	80619	101702	116518	120325	172417	152534	195989	231551	263554	326352	317110	424148	435925	509866	582550	613015	672532	866915	933001	1135668	1303831	1768253	1902661	3332061	8553531	35333504	5082409	0	0	0	0.3215
18	18204735	14897735	15633271	17216176	83246	83246	0	0	0	24264	49733	54530	53886	59120	62554	72100	83539	82348	105120	120233	123460	178150	155628	201850	236991	269745	334261	321761	432326	441781	516687	591338	618014	680758	874770	941657	1143214	1310042	1783585	1921630	3366110	8601264	35160558	4978910	0	0	0	0.3487
19	18269418	14828593	15685482	17127481	124189	124189	0	0	0	20065	55270	62728	61790	67443	70514	81181	92595	91404	115029	130608	133498	190553	166229	214742	249707	280927	347953	333542	448350	453516	528511	605498	629329	694308	888992	955231	1160001	1334773	1814519	1961769	3416682	8650923	34632329	4970465	0	0	0	0.4273
20	18261231	14828938	15697458	17165346	82190	82190	0	0	0	21277	56609	63800	64039	70321	73905	84575	97373	95676	120827	138025	139837	200411	174150	224013	260225	291837	360119	343807	461832	463599	543958	619223	640903	710436	905981	972487	1179382	1358571	1844122	2006513	3481417	8709022	34223890	4950811	0	0	0	0.3720
21	18239861	14922940	15737660	17131357	3345	3345	0	0	0	41056	68762	72705	70371	75753	78818	90439	104420	101915	128680	145767	145557	210069	180256	235594	269417	301916	372457	353305	475951	472322	553247	630697	647441	722289	917741	985238	1194718	1373590	1867602	2034723	3520916	8757702	33953547	4876837	0	0	0	0.2833
22	18253144	14853008	15812536	17036872	79603	79603	0	0	0	30746	71988	77750	76696	83297	86371	98656	112814	109948	137462	155563	155701	222065	190320	248497	281270	313281	385896	365170	489635	487463	566827	646885	661664	738151	935340	1003966	1213172	1394935	1892733	2075997	3574430	8795162	33430097	4845612	0	0	0	0.4082
23	18305611	14804932	15861709	17060318	2593	2593	0	0	0	32541	76372	83096	82021	90407	93432	106359	122132	118641	146884	166354	165749	234642	202208	261543	295472	324978	402387	378606	507456	500421	583889	665793	675308	760706	957265	1025425	1237286	1426587	1927640	2125051	3635805	8838079	32931894	4850141	0	0	0	0.3088
24	18168881	14958322	15842473	17016805	48682	48682	0	0	0	35939	79711	86171	85711	93601	97119	110931	126877	122372	152887	173538	170803	244703	206691	272156	303354	333590	412365	384431	521135	505710	592242	675731	682532	767087	963608	1035227	1245347	1430518	1945285	2142376	3663426	8860453	32728221	4734633	0	0	0	0.3903
25	18259068	14940984	15884175	16916758	34178	34178	0	0	0	43607	92174	96568	94985	102754	105649	119650	136049	130048	163080	183349	177269	257436	214474	284489	313893	345165	424498	393146	534849	515149	602341	686465	691082	777422	977139	1046513	1256971	1440170	1963515	2166894	3697801	8891421	32380179	4694791	0	0	0	0.3962
26	18278879	14867983	15900166	16985925	2210	2210	0	0	0	43187	89256	95674	94375	104342	108111	122768	139933	133915	167782	188880	184953	266325	222289	293132	323676	355262	437191	402833	548550	525692	613645	700214	703334	791771	993698	1063373	1276274	1462416	1991017	2208267	3750547	8936328	32030567	4663376	0	0	0	0.3507
27	18149388	15013459	15890786	16930617	50913	50913	0	0	0	49741	105234	110797	108076	116217	119951	134188	152447	145384	179949	201178	196215	279266	233893	306460	335666	366368	450199	415449	560730	538746	625141	714697	716511	807565	1006422	1077917	1292795	1487066	2007083	2236927	3776067	8930966	31516371	4682568	0	0	0	0.4597
28	18224688	14979461	15976110	16850963	3941	3941	0	0	0	51072	101947	106714	105594	115821	118530	134774	152988	146978	181736	205366	198978	285650	237282	313651	342626	372638	458174	420760	573030	544250	634495	725055	722064	817308	1018844	1087853	1304953	1496082	2031606	2256163	3816467	8978387	31364682	4608704	0	0	0	0.3872
29	18221878	14867855	15955926	16890697	98807	98807	0	0	0	57977	115974	120340	117717	127180	129282	146077	166176	157304	193220	218302	210143	298339	249202	328013	356558	385335	472225	433199	586753	555216	650236	737396	735065	831057	1033073	1105455	1321874	1515460	2054720	2288573	3846802	8975163	30817497	4599453	0	0	0	0.5641
30	18141728	15018267	15980509	16892432	2227	2227	0	0	0	60629	117316	121538	118606	129041	132989	148563	169687	161860	198862	223137	215564	306936	255480	337305	365223	393513	484739	441915	597948	566434	659211	751344	745682	845356	1050288	1120887	1336533	1534477	2076510	2319587	3885530	9015797	30575011	4569438	0	0	0	0.4258
31	18201965	14977416	16079988	16770704	5090	5090	0	0	0	67226	128803	132225	128848	138895	141432	159242	181725	171229	211840	236405	227934	320521	267577	353826	379294	407667	500721	457286	617213	581935	677484	768254	760544	864653	1068216	1139790	1360670	1557113	2097567	2353679	3918787	9025763	30071927	4553782	0	0	0	0.4597
32	18208749	14927939	16048266	16808592	41617	41617	0	0	0	71986	137155	138582	136061	147075	149253	167044	190084	179094	220300	246271	235294	332865	276223	366960	389940	418621	512351	464872	630503	589667	686302	777318	768029	875236	1079283	1150860	1370119	1568085	2113827	2374327	3943131	9028860	29740125	4517843	0	0	0	0.5364
33	18085962	15004871	16032308	16724204	187818	187818	0	0	0	80510	150137	150913	145670	157758	158889	177402	201122	187596	231064	256941	243248	347149	282247	377606	398690	426744	522695	471420	643367	597831	692759	788374	773888	880276	1085619	1159372	1373883	1570706	2124522	2375549	3942677	9013101	29430563	4427057	0	0	0	0.7883
34	18168229	14985296	16127269	16660336	94033	94033	0	0	0	85693	161705	160989	154153	166104	167717	185855	209323	197966	240468	266994	255634	357058	296145	390791	414131	439558	536476	486913	656558	612856	710113	806277	791576	903710	1109453	1178883	1403543	1605328	2151587	2420466	3992286	9026885	28931919	4466017	0	0	0	0.6726
35	18084869	14948231	16032801	16709074	260188	260188	0	0	0	92841	169988	168654	161006	173776	172862	193734	217918	203441	248741	274140	262621	368221	303547	401758	423859	448704	549845	495217	671409	624329	719078	816422	801811	913550	1120116	1191504	1414804	1614289	2164041	2435553	4009211	9005738	28545616	4396631	0	0	0	0.9462
36	18075199	15076524	16124166	16755580	3694	3694	0	0	0	92798	167209	167346	162074	174892	176454	196111	223064	206956	255160	284041	267331	379487	309066	413531	433864	458673	561411	502918	686540	630511	731585	832007	811768	926757	1135761	1207610	1430216	1630432	2194461	2470063	4056560	9063642	28409717	4381453	0	0	0	0.5617
37	18146090	15028055	16189874	16666435	4709	4709	0	0	0	95976	169309	168803	163795	177814	179050	200810	227048	210140	260065	288513	270532	388155	312562	422063	440403	466053	571871	508727	697552	637727	738932	839030	817112	931493	1147047	1219061	1442577	1639145	2210934	2486714	4075149	9078888	28240108	4307296	0	0	0	0.5721
38	18045702	14913131	16105243	16656152	314935	314935	0	0	0	104639	185452	181105	175286	187805	187935	210163	237961	218021	269755	299439	279447	398049	321325	430429	449071	472871	579973	514546	705429	642814	746324	848548	824365	939215	1152242	1223548	1446053	1647399	2214466	2490480	4068607	9019966	27784677	4262823	0	0	0	1.0737
39	18011970	15017668	16132127	16625551	247847	247847	0	0	0	115513	212220	203992	193675	204977	203093	225358	251562	231577	283582	311896	296375	409806	337018	447017	466014	485652	595269	532407	720393	662420	764467	866913	843667	962385	1174535	1243931	1472334	1676553	2232071	2522700	4095063	8994022	27226169	4322690	0	0	0	1.0233
40	18076607	15034854	16243569	16588206	91927	91927	0	0	0	119302	216554	210515	199758	212845	208434	232192	260549	238751	291218	322290	302984	421538	346049	457979	475191	496879	606862	544249	734003	673648	774033	878698	855281	973740	1189252	1258356	1488230	1690787	2252167	2544032	4116006	9016976	27032311	4301577	0	0	0	0.8050
41	18062741	14992314	16226001	16620840	133267	133267	0	0	0	123482	222226	216575	204930	218610	216130	240131	269231	245895	299323	330782	311178	432517	354740	470709	485302	507356	618138	550212	746244	683211	785245	890910	865312	986370	1200451	1269299	1499219	1702692	2263652	2559089	4131390	8999997	26732047	4269301	0	0	0	0.8859
42	17987287	15086833	16218671	16601434	140938	140938	0	0	0	132600	238225	228120	216921	230942	225671	250560	278565	255254	311368	340747	322546	444937	364595	482103	497331	516564	629305	563745	757793	695063	797104	903204	876242	1000225	1214242	1281416	1513349	1719806	2277940	2577666	4146746	8981860	26361294	4260176	0	0	0	0.9311
43	18037613	15041831	16290634	16521047	144038	144038	0	0	0	137099	242224	231823	221406	236631	231193	256119	286880	262379	319394	351451	328926	456754	370391	496754	508829	525602	642619	570301	772356	704996	806335	914881	886181	1006516	1227777	1294023	1526018	1726620	2294710	2594345	4166161	8980372	26103229	4209830	0	0	0	0.9515
44	18064278	15033961	16301686	16629970	5268	5268	0	0	0	143244	251347	240821	227825	243584	238280	264854	297151	269395	329643	360629	336482	469930	379518	508943	519763	536333	655639	582030	788358	715669	817473	930104	899091	1024787	1242963	1310912	1541537	1744972	2314524	2620380	4192334	8983290	25857771	4190319	0	0	0	0.7649
45	17946426	15135692	16294196	16570120	88729	88729	0	0	0	151093	272343	257937	243303	255556	250111	274621	307026	278194	339874	370469	348635	475992	391402	516782	532256	545827	664749	594054	794848	728268	829555	938536	912788	1035287	1252847	1319575	1553277	1763754	2315963	2630994	4191500	8935127	25458635	4215256	0	0	0	0.9295
46	18007967	15123737	16385955	16514564	2940	2940	0	0	0	162675	294584	277447	259694	272378	264090	290447	321716	291484	354413	383924	364824	490374	406377	534819	546848	559398	682249	608766	810722	744504	848236	956007	928969	1054395	1271079	1334837	1575348	1783654	2331689	2649508	4201713	8907898	25085557	4181600	0	0	0	0.8471
47	18011199	15086401	16365521	16566182	5860	5860	0	0	0	166254	294931	278037	261502	274275	266317	293291	327805	295074	359139	391833	366905	502467	409137	544180	553543	566006	689431	613248	821967	748744	850016	962911	933672	1058292	1280669	1343818	1583912	1787021	2347595	2663952	4221297	8908839	24903610	4159613	0	0	0	0.8593
48	17915340	15194792	16364928	16543892	16211	16211	0	0	0	174384	313846	295362	275930	289012	279380	307127	339535	306220	372561	403089	380008	515127	420101	557155	566168	575210	701342	622901	832530	762950	860856	975871	945069	1070241	1291223	1353257	1595575	1801202	2352074	2674246	4224128	8875281	24563967	4146024	0	0	0	0.9148
49	18012825	15127321	16409659	16444293	41065	41065	0	0	0	185929	335780	312177	289365	302604	291670	318630	353870	316321	384985	417096	389990	528035	430806	571535	577803	587887	714764	636243	847246	773860	875928	989600	957639	1082750	1306380	1366466	1607185	1812522	2363765	2690088	4236057	8838437	24196011	4104674	0	0	0	0.9949
50	17993463	15060014	16415261	16521095	45330	45330	0	0	0	201227	362888	340522	315153	328269	312973	344654	380755	336411	413208	445549	411523	562099	449719	604708	605924	614317	745001	658738	883294	799517	897591	1018074	986016	1110705	1339872	1398551	1637824	1849095	2396979	2746122	4292238	8763745	23237310	4199262	0	0	0	1.0712
