#Name	E:\SaveData\2016-10-13_16_03_13_1001160050_R0039_A_CL100009724_BGI12084_WESPE_result\\CL100009724\L02\CL100009724_L02_29_2.fq
#PhredQual	33
#ReadNum	91792668
#row_readLen	50
#col	48
#BaseNum	4589633400
#N_Count	4399493	0.095857
#GC%	46.14
#Q10%	97.88
#Q20%	90.29
#Q30%	75.32
#EstErr%	0.905375
#Pos	A	C	G	T	N	0	1	2	3	4	5	6	7	8	9	10	11	12	13	14	15	16	17	18	19	20	21	22	23	24	25	26	27	28	29	30	31	32	33	34	35	36	37	38	39	40	41	Err%
1	28368789	23040860	20361403	19845259	176357	176357	0	0	0	12451	47018	61347	71659	92743	117716	237148	297541	294206	415099	497425	441255	779494	489888	866209	786509	946539	1085291	935660	1453648	1085514	1381280	1556505	1450806	1599936	2050794	2111683	2351457	2545298	3622825	3668181	5817304	12300398	36241640	3903844	0	0	0	0.5473
2	24362441	19070399	21514348	26796981	48499	48499	0	0	0	39074	116326	151369	171872	216974	248035	386310	482981	435983	576546	682319	546287	971760	578360	1024780	886212	1041504	1197331	989667	1544374	1116395	1439917	1602378	1442568	1634450	2047072	2104646	2323093	2498210	3591078	3565092	5669334	12206376	34578076	3637420	0	0	0	0.6057
3	23278413	22333033	18708158	27360916	112148	112148	0	0	0	39119	104962	133497	151098	191668	220084	361834	456982	407480	559265	660848	528246	961614	554360	1019328	876986	1033947	1192088	978854	1550886	1115272	1417696	1600374	1444791	1601183	2039429	2090804	2300611	2464627	3572843	3523033	5616214	12195811	35208634	3506052	0	0	0	0.6429
4	23882481	22030149	19156142	26722143	1753	1753	0	0	0	32876	98367	128059	147122	186639	214598	358884	450249	409056	553473	657511	532771	947940	564957	1010777	880885	1019908	1184831	974076	1530126	1117781	1408581	1590557	1441165	1597888	2028221	2077799	2291415	2465164	3539347	3548715	5628540	12198388	35131395	3842854	0	0	0	0.5119
5	23741609	21484462	19848677	26661016	56904	56904	0	0	0	31521	97912	126012	144188	184193	212016	360256	452070	411502	557611	660464	537236	951393	569965	1016978	885827	1028086	1194536	980042	1538110	1124559	1411172	1598922	1447606	1603582	2029547	2084749	2298628	2471004	3547861	3540922	5614480	12172694	35103390	3746730	0	0	0	0.5709
6	23229633	21860408	19581416	27066649	54562	54562	0	0	0	35829	104708	131057	148300	185692	213162	357943	446628	407937	550469	651458	532156	942935	567226	1005960	881372	1015768	1187649	971253	1526619	1121713	1402547	1590628	1444814	1592132	2025473	2076552	2294333	2465860	3538014	3543821	5622475	12201093	35235779	3718751	0	0	0	0.5724
7	23840243	21364706	20210457	26364123	13139	13139	0	0	0	39208	112566	141963	159477	200728	226723	373852	461654	421081	561687	662561	544151	944563	580828	1007368	892173	1016730	1187627	978008	1519271	1127526	1399507	1587581	1441296	1597242	2015769	2071105	2295029	2472314	3518730	3557823	5628788	12185857	34872655	3976088	0	0	0	0.5473
8	22967771	22098617	18972517	27588395	165368	165368	0	0	0	34235	107110	135030	151741	190170	217752	366343	456945	412313	562355	660430	538298	952408	571154	1012344	891418	1016122	1190452	969865	1526167	1126682	1391312	1586389	1442764	1581445	2016098	2067282	2285986	2452417	3524745	3536550	5606811	12193929	35074541	3777697	0	0	0	0.7003
9	22931516	21807419	19402873	27647612	3248	3248	0	0	0	32692	99995	127960	145404	183921	212185	362563	450614	410690	555137	653688	539827	937336	575790	1001926	888810	1007247	1185683	971086	1511495	1128218	1391652	1582689	1443203	1584957	2012141	2068106	2289033	2465639	3516820	3552407	5627689	12222485	35129971	3920361	0	0	0	0.5131
10	23172439	21574812	19709259	26920433	415725	415725	0	0	0	40315	112752	141107	159069	198119	224410	375122	464655	418893	566370	663596	545621	943544	580735	1005719	893212	1003246	1184961	970576	1505108	1126611	1384392	1577275	1434603	1579346	1997305	2054473	2274593	2456293	3487750	3533828	5595535	12134725	34720539	4022545	0	0	0	0.9853
11	23333876	21640746	19742971	27062186	12889	12889	0	0	0	43399	123839	153129	171293	210976	237737	388551	477169	431383	574910	673062	554196	950471	591269	1009424	900399	1008933	1190840	974131	1505849	1136493	1386169	1581383	1437789	1583534	2001866	2061109	2279336	2465759	3490380	3551063	5614638	12188309	34839480	3991511	0	0	0	0.5670
12	23230187	21868529	19756932	26936378	642	642	0	0	0	43018	123555	151524	170659	210929	235930	389599	474441	434720	575954	670047	560579	944877	602244	1005871	906559	1006316	1193913	977967	1499238	1144992	1387085	1581354	1443478	1588980	2001429	2059625	2284570	2471680	3478253	3558270	5614054	12174467	34743626	4082223	0	0	0	0.5530
13	23320382	21765019	19812764	26786597	107906	107906	0	0	0	49352	138887	165097	183310	222058	247606	400853	486433	443752	582484	677782	564997	947404	607050	1009843	909978	1005727	1194742	979397	1496657	1146522	1384889	1577642	1443316	1587858	1993149	2052760	2284318	2474536	3471794	3563858	5611717	12142217	34489826	4146951	0	0	0	0.6918
14	23270627	21770541	19838895	26909125	3480	3480	0	0	0	46739	131388	159936	179310	220366	245136	399535	488703	442442	584523	682854	565975	955097	604131	1016063	911235	1008240	1195665	978595	1503755	1147766	1381689	1582767	1443059	1582051	1994594	2057047	2279412	2468362	3469478	3560735	5610592	12175891	34617847	4098210	0	0	0	0.5721
15	23171161	21947545	19914633	26758918	411	411	0	0	0	50076	138007	166547	184737	225623	250252	405702	492350	445497	588966	681665	570999	950903	608701	1012134	913620	1001915	1197795	979876	1495330	1151743	1375997	1578574	1446221	1581160	1992760	2051072	2280247	2473330	3458961	3569782	5615973	12180699	34471160	4203883	0	0	0	0.5785
16	23119322	21859968	19932569	26591874	288935	288935	0	0	0	84426	218927	256809	276756	329768	349004	406102	490787	437399	580916	665815	557437	921724	597258	981910	894003	973597	1165906	958369	1457556	1135668	1350208	1550120	1425787	1560029	1964415	2026566	2259009	2451593	3422531	3551738	5593047	12122944	34203261	4282348	0	0	0	1.0063
17	23131941	21892120	20043692	26658679	66236	66236	0	0	0	82884	216849	252446	272374	324077	345791	404306	485011	441070	577237	663544	565276	920046	608940	982139	903926	978203	1172489	967824	1459637	1146732	1358735	1559889	1434025	1569553	1973305	2032686	2268942	2466098	3429401	3570071	5611883	12137353	34189572	4354118	0	0	0	0.7590
18	22961096	22178133	20014338	26600793	38308	38308	0	0	0	84747	220927	257711	278099	329426	349514	407678	491437	439869	582180	668431	563967	923641	601932	985589	902773	975039	1169970	963978	1459178	1146536	1350846	1554972	1433569	1560450	1972270	2028718	2265306	2466647	3430149	3567494	5603382	12153299	34250218	4314418	0	0	0	0.7360
19	22997384	22118305	20140196	26534561	2222	2222	0	0	0	89852	234188	268797	286593	338033	357860	416357	497968	451069	588443	670406	574513	922199	618878	983677	910760	974587	1175667	972113	1453017	1155951	1355520	1557037	1440288	1574205	1967513	2030927	2274265	2473786	3417631	3582986	5610109	12127022	33981326	4456903	0	0	0	0.7146
20	23036154	22047280	20083745	26607959	17530	17530	0	0	0	95379	240927	275614	293842	346593	362742	422789	505797	449417	594617	674686	570166	925946	611480	986646	907787	969158	1170738	964070	1449918	1153334	1343695	1550533	1434602	1557160	1963814	2026053	2265238	2467993	3408761	3577390	5601430	12141690	33998632	4466501	0	0	0	0.7429
21	22915525	22201964	20075764	26483357	116058	116058	0	0	0	98525	249513	283048	301052	350769	367516	427056	507715	451614	594665	675366	572235	923323	613718	982032	908670	967303	1169685	963470	1440323	1151499	1340257	1546518	1433710	1557471	1957717	2020970	2262931	2466989	3401798	3578834	5601122	12123126	33839244	4546826	0	0	0	0.8601
22	22955801	22164114	20177996	26344574	150183	150183	0	0	0	110364	274864	305436	321275	370185	382186	440066	523050	459771	606724	682731	578150	926948	616551	985939	909911	963542	1165660	960153	1437156	1153624	1331985	1541987	1429765	1548233	1951484	2012049	2254768	2461794	3386137	3581138	5601902	12105278	33683810	4577869	0	0	0	0.9315
23	23031367	22086830	20194208	26473138	7125	7125	0	0	0	114034	281608	313312	328965	377739	391037	449855	531471	470693	615156	691921	592473	932372	633878	993946	923836	972461	1177400	975213	1441072	1168316	1345048	1552520	1442367	1569391	1960238	2023880	2272336	2484477	3390362	3608406	5621587	12086275	33358308	4693590	0	0	0	0.7912
24	22886968	22282203	20194845	26405170	23482	23482	0	0	0	117162	291206	321339	333633	383739	393394	450896	530297	471447	611001	687034	594365	921699	638502	985679	920695	967313	1170930	974224	1428539	1169544	1340009	1548474	1440661	1569143	1955881	2018415	2273497	2485572	3379582	3607622	5617492	12091160	33346649	4732391	0	0	0	0.8174
25	22981110	22210967	20221398	26264085	115108	115108	0	0	0	110271	280284	310657	326229	376802	389573	448546	529329	469951	611978	687553	594632	927597	638381	991976	924906	970158	1174740	977247	1435810	1172081	1344110	1548054	1443515	1568010	1959689	2018607	2275776	2483602	3382082	3601942	5616191	12071302	33292731	4723248	0	0	0	0.9043
26	22941360	22122803	20237147	26326458	164900	164900	0	0	0	121241	298520	328673	341738	390694	398215	458511	539661	475643	619297	694548	597290	929100	637114	990408	923731	962919	1171857	971178	1429882	1170622	1336592	1544745	1439685	1562113	1952809	2011797	2265069	2483303	3377404	3606060	5610853	12066017	33167662	4752817	0	0	0	0.9843
27	22805652	22349037	20251163	26325978	60838	60838	0	0	0	121976	307220	335319	347197	393225	403577	462224	543603	481127	623450	698188	603158	931426	644193	992991	931197	968326	1175656	978943	1430319	1178019	1339473	1547868	1446130	1566772	1955332	2016176	2271768	2491170	3375978	3607613	5610888	12055705	33097616	4798007	0	0	0	0.8808
28	22883883	22340321	20330631	26231891	5942	5942	0	0	0	135787	318791	345200	355450	403673	410740	469968	549857	485537	629252	703010	610132	933708	651927	997104	933984	970863	1177899	983319	1432002	1185222	1341573	1551619	1453373	1572340	1958460	2016117	2277445	2495435	3373404	3617024	5616583	12029625	32962740	4837563	0	0	0	0.8411
29	22754392	22162379	20238213	26256574	381110	381110	0	0	0	162490	348741	371582	376553	422612	427144	486051	564357	495646	638625	711055	616579	940220	657489	996897	940339	969057	1177101	983163	1424357	1184143	1338465	1541899	1445030	1566594	1947878	2007723	2264994	2487852	3344100	3599523	5582232	11950328	32597760	4842979	0	0	0	1.2939
30	22765260	22403777	20311787	26295543	16301	16301	0	0	0	153241	337130	364093	371429	418255	424241	483240	562760	494016	638505	711003	618214	937974	659867	999725	943788	969151	1181234	986969	1426987	1189838	1340831	1551463	1456831	1571685	1956388	2018391	2276930	2500949	3359827	3621559	5622018	12006379	32710427	4911029	0	0	0	0.8841
31	22866308	22372381	20416011	26111434	26534	26534	0	0	0	147027	355973	377634	383979	430282	433180	492252	570582	501251	643079	715870	623315	937081	663851	1000071	943727	967411	1178001	988553	1423779	1193271	1338685	1547615	1457354	1574622	1955552	2013809	2282113	2507866	3356379	3636725	5635613	12000358	32493076	4996198	0	0	0	0.9115
32	22855971	22287469	20362440	26218630	68158	68158	0	0	0	143967	352168	372613	378407	424006	427390	485763	565050	496705	638243	707774	619511	927251	663456	990217	940448	960414	1174130	985357	1417590	1191822	1336351	1541604	1452258	1570094	1949520	2009449	2279142	2504365	3351994	3624439	5612533	12005384	32620258	5004837	0	0	0	0.9468
33	22741663	22440228	20347587	26128412	134778	134778	0	0	0	155350	377421	394255	398315	441221	441290	498134	577198	508030	648887	717500	629190	934551	672775	998486	947406	967137	1174997	987684	1412980	1196311	1338561	1543415	1455785	1577247	1946222	2005207	2280447	2509125	3344551	3628695	5613825	11962132	32332960	5040600	0	0	0	1.0534
34	22756447	22362254	20396255	25974647	303065	303065	0	0	0	167974	401920	415942	416315	458259	457927	515685	590802	521238	663325	731869	645172	944049	685963	1008573	959847	974302	1185317	1001649	1419758	1210302	1341874	1550262	1465417	1583230	1953905	2009486	2286962	2517873	3338183	3647157	5625490	11892608	31836178	5064790	0	0	0	1.2729
35	22784395	22406260	20412682	26166932	22399	22399	0	0	0	170674	406547	420008	420154	462167	459040	517125	594348	520898	662692	728195	642067	942529	682241	1004953	958754	969722	1182540	996007	1414095	1208645	1338250	1548703	1466097	1579125	1953671	2012477	2286370	2526293	3348451	3659911	5641925	11933289	31983512	5128794	0	0	0	0.9725
36	22715653	22514466	20421748	26131344	9457	9457	0	0	0	164624	406302	418781	419546	461565	456937	515642	590187	520303	657976	724381	642671	935465	686167	1000118	957588	967147	1180502	998508	1408753	1209220	1342108	1545338	1466256	1584206	1949989	2010493	2286641	2525295	3340142	3646054	5621950	11927615	32061645	5153096	0	0	0	0.9536
37	22782066	22513961	20486935	26007416	2290	2290	0	0	0	165294	413315	426051	425214	464995	461514	519727	593532	523672	662322	729323	648440	939843	690888	1003614	961405	969991	1181926	1003669	1410738	1213293	1343960	1548768	1468142	1588375	1954780	2014704	2295073	2530110	3340102	3659736	5630429	11917830	31922028	5167575	0	0	0	0.9550
38	22717600	22458610	20471732	26141901	2825	2825	0	0	0	185488	443710	451050	448553	489476	481566	539555	614757	539634	681855	746027	661378	957890	701782	1021417	976905	979483	1195800	1014225	1421699	1226245	1352774	1559106	1481503	1594110	1964309	2017385	2301067	2542347	3343218	3675473	5643424	11864245	31509264	5163123	0	0	0	1.0028
39	22647194	22569362	20480023	26084587	11502	11502	0	0	0	181661	441506	452241	445697	487401	477575	537491	613785	534005	679731	742245	656801	952881	696365	1018164	972093	973202	1191679	1008563	1418261	1225886	1339769	1554318	1481771	1587752	1962052	2015967	2298422	2541907	3342559	3680088	5651006	11886356	31538023	5193943	0	0	0	1.0069
40	22651059	22566839	20560228	25970337	44205	44205	0	0	0	200669	472639	473119	464819	501776	489912	547740	621012	541846	682037	744620	663897	947630	704395	1010228	972132	970829	1186937	1008984	1404936	1223754	1339745	1545283	1476427	1588079	1954704	2007598	2297092	2538891	3326210	3666034	5625507	11850249	31437963	5260770	0	0	0	1.0779
41	22672336	22486175	20504665	26089191	40301	40301	0	0	0	187105	458137	463333	457500	495004	484186	542367	617031	537661	680789	741714	659451	946246	699839	1012054	970726	969975	1186985	1007276	1407415	1220770	1335875	1547594	1476280	1584445	1956920	2010093	2296816	2540164	3330978	3672645	5638246	11860587	31490269	5265891	0	0	0	1.0549
42	22548231	22646828	20493059	26036747	67803	67803	0	0	0	207057	494554	496302	482872	517664	502406	563047	635804	551623	693415	756869	671884	957404	710390	1021242	979688	976048	1193646	1013417	1410037	1231053	1341398	1551503	1481229	1590606	1955473	2012706	2299147	2546563	3327702	3671436	5628795	11813153	31165278	5273454	0	0	0	1.1346
43	22514181	22548826	20486952	25865943	376766	376766	0	0	0	207067	502745	501321	488454	522467	506553	563689	636335	553604	695083	757017	672285	952915	715047	1016610	979814	972055	1188491	1014907	1403393	1232106	1339307	1544803	1482314	1590031	1951192	2005161	2295023	2545904	3315175	3674173	5619470	11752836	30916600	5301955	0	0	0	1.4780
44	22529262	22530344	20495207	26030594	207261	207261	0	0	0	228326	553764	544370	523075	554130	533350	588129	660584	573048	714386	771218	690235	963689	729494	1029000	993271	980833	1199082	1027749	1407503	1245661	1349872	1552208	1490077	1601617	1959299	2011014	2305041	2563475	3320314	3688881	5631720	11715841	30573374	5311777	0	0	0	1.3584
45	22430750	22716616	20545118	26081170	19014	19014	0	0	0	276923	599276	588696	561337	591209	564423	622368	695510	599535	747387	804691	717721	999900	752315	1063066	1023797	1004613	1228043	1051669	1435515	1275784	1369871	1581931	1521281	1625270	1991500	2039522	2339679	2597659	3344931	3748239	5692662	11613234	29876768	5227329	0	0	0	1.2377
46	22507823	22681964	20617085	25896214	89582	89582	0	0	0	247771	593119	579740	554497	583383	554794	613212	685874	588019	737825	794218	707059	986494	743656	1050905	1010887	992060	1213173	1039486	1421952	1263673	1356688	1570496	1513121	1613939	1978654	2033906	2332390	2593545	3346445	3744934	5690501	11659052	30027887	5279731	0	0	0	1.2877
47	22544403	22637486	20571004	26030354	9421	9421	0	0	0	236515	576322	564715	542069	571574	548037	603265	676819	584976	727084	784663	704724	975868	742685	1040817	1007647	990439	1207025	1040318	1415756	1263917	1359276	1565001	1509690	1612258	1976096	2026876	2326997	2589200	3330796	3728059	5663614	11684086	30237114	5368949	0	0	0	1.1762
48	22369785	22735378	20552441	25966186	168878	168878	0	0	0	238403	593333	579249	553676	579211	554015	610191	681154	589561	730271	786283	710355	976383	746854	1039966	1007378	990690	1204540	1041459	1410451	1265237	1355435	1562446	1508239	1613591	1971316	2022708	2322405	2588933	3320938	3710689	5639181	11635678	30100454	5383117	0	0	0	1.3670
49	22483610	22729052	20640727	25876846	62433	62433	0	0	0	248213	608346	593655	565721	593554	563891	620929	690639	596217	739083	797372	715986	983028	751302	1047760	1015842	993900	1213524	1047034	1419187	1273056	1360258	1566468	1515503	1619953	1979886	2031410	2331833	2594879	3328050	3727829	5653230	11623230	29941330	5378137	0	0	0	1.2753
50	22452668	22677490	20629227	25927771	105512	105512	0	0	0	286411	686102	668616	627173	652022	610715	668448	746925	628403	789782	844915	744372	1035678	772051	1097952	1053629	1015650	1248776	1073527	1455735	1314179	1378876	1605178	1557938	1645368	2025627	2080835	2385720	2666907	3387221	3837978	5767943	11445106	28480674	5400724	0	0	0	1.4387
