#Name	E:\SaveData\2016-10-13_16_03_13_1001160050_R0039_A_CL100009724_BGI12084_WESPE_result\\CL100009724\L02\CL100009724_L02_27_2.fq
#PhredQual	33
#ReadNum	118050341
#row_readLen	50
#col	48
#BaseNum	5902517050
#N_Count	5945107	0.100722
#GC%	43.91
#Q10%	98.15
#Q20%	91.69
#Q30%	78.18
#EstErr%	0.802094
#Pos	A	C	G	T	N	0	1	2	3	4	5	6	7	8	9	10	11	12	13	14	15	16	17	18	19	20	21	22	23	24	25	26	27	28	29	30	31	32	33	34	35	36	37	38	39	40	41	Err%
1	38438502	27259745	25726256	26392652	233186	233186	0	0	0	13767	47572	62327	72027	92775	116836	236750	295490	297695	417569	499085	460541	797584	526826	891752	847397	1020852	1179795	1044071	1586365	1252623	1571088	1774857	1695859	1867304	2399288	2492835	2829672	3096078	4415177	4476348	7238147	16063966	50490225	5646612	0	0	0	0.4876
2	33124664	22961351	27114413	34782325	67588	67588	0	0	0	41229	126712	163499	186656	232940	265427	411014	504053	466684	607795	718815	594852	1018263	652332	1081669	984931	1142593	1333473	1121567	1707621	1307512	1655448	1854634	1705329	1935201	2419342	2510177	2827128	3079421	4418496	4407029	7128791	16040191	48190563	5141366	0	0	0	0.5243
3	31613647	27240615	22985735	36052002	158342	158342	0	0	0	45089	117136	147390	163520	204258	232198	378750	470521	427737	579503	684511	566159	999179	615332	1065008	960974	1124970	1312668	1101948	1701008	1289010	1625386	1835247	1692268	1881882	2394463	2476923	2773136	3010356	4366124	4323783	7021876	16018592	49063343	5221751	0	0	0	0.5728
4	32347765	26763191	23228155	35708882	2348	2348	0	0	0	34106	105987	138136	156359	197125	224868	373253	464820	428361	576784	680232	569349	985881	621816	1057888	960830	1113762	1301118	1097259	1680239	1287895	1608211	1825151	1682892	1876453	2377365	2454472	2766802	3008005	4326684	4337078	7028400	16040642	49081239	5578531	0	0	0	0.4274
5	32180030	25862253	24396354	35533427	78277	78277	0	0	0	36547	115252	145371	164123	204336	233747	383616	474699	437971	585805	690863	581413	997177	634756	1069652	973879	1125372	1312538	1110221	1689434	1304187	1619472	1833739	1695717	1886264	2384448	2469144	2771175	3019686	4328305	4343238	7020432	16006034	48766475	5556976	0	0	0	0.5040
6	31428749	26310804	24357142	35877283	76363	76363	0	0	0	38488	118875	147801	164614	203248	231437	380491	471926	435283	583582	685863	579348	990601	633304	1062614	969888	1116112	1309217	1102244	1681253	1299212	1609604	1823072	1694803	1876403	2378299	2461046	2765391	3014341	4315258	4350937	7031674	16040776	48795101	5611872	0	0	0	0.5028
7	32314033	25584349	25288552	34845600	17807	17807	0	0	0	42300	121366	152433	171714	211192	239663	389108	476444	440461	585700	688842	580521	989221	636776	1059039	974663	1111398	1310840	1100019	1680388	1303178	1606769	1826842	1689825	1875943	2374061	2456932	2765621	3011923	4308179	4343061	7022734	16022577	48908476	5554325	0	0	0	0.4608
8	30848757	26649879	23567763	36752936	231006	231006	0	0	0	40149	124771	152782	170279	208641	234523	385845	473038	437618	581549	686557	579901	985273	634876	1056412	972047	1105627	1306507	1095967	1672221	1299211	1595396	1815729	1682845	1861790	2361590	2444498	2747773	2994059	4285222	4334885	7009788	16009694	48846443	5625829	0	0	0	0.6391
9	30658716	26334191	24090136	36962896	4402	4402	0	0	0	39168	120357	151076	169292	208534	236075	387549	476126	442464	586164	686711	587462	981672	647239	1056089	979639	1104840	1306009	1099391	1662480	1309307	1593352	1812912	1687601	1867677	2358625	2442936	2752430	3011689	4278941	4372637	7046203	16051493	48611533	5920266	0	0	0	0.4465
10	30917161	26135324	24470038	35966031	561787	561787	0	0	0	51325	139363	169604	186812	227982	252677	406936	495568	454157	601277	702912	597197	996575	651804	1064301	985028	1105146	1310830	1100507	1663312	1310392	1590682	1811537	1684033	1860786	2350532	2432630	2741225	2995560	4252425	4354552	7003755	15945183	48122110	5869839	0	0	0	0.9446
11	31102868	26280345	24554371	36096185	16572	16572	0	0	0	47371	141169	172795	191054	233048	258417	413255	503130	460675	609593	708139	601511	1002157	654905	1072046	992208	1108907	1317641	1107413	1664929	1316627	1593640	1817609	1694856	1861735	2357111	2440787	2751646	3007172	4266487	4361954	7031336	16021141	48414824	5836481	0	0	0	0.4872
12	31009129	26550714	24508262	35981044	1192	1192	0	0	0	46185	137240	168437	186790	227744	254911	412833	500896	463280	606132	706786	606694	994197	666525	1067902	995670	1108168	1318687	1112440	1657835	1323435	1594560	1819120	1692252	1870954	2351811	2443996	2758354	3019787	4258109	4375228	7036708	16001215	48289387	5974881	0	0	0	0.4700
13	31100068	26420404	24507349	35872687	149833	149833	0	0	0	52647	155318	184020	201440	241240	266630	423696	510252	471047	615934	711402	614273	998536	674384	1069633	1001981	1106893	1319905	1111554	1657095	1326626	1590544	1815458	1693489	1872800	2348924	2437364	2756228	3023219	4247055	4376901	7027945	15972929	47962487	6060659	0	0	0	0.6147
14	31020868	26471831	24567209	35985585	4848	4848	0	0	0	50283	146241	177923	196443	238486	264413	423752	511862	469770	618775	716505	614310	1003691	671407	1075202	1001024	1108138	1323044	1113471	1661471	1328222	1591093	1817805	1696430	1866253	2350488	2439278	2755568	3016929	4244095	4381199	7025243	16002372	48107883	6036424	0	0	0	0.4865
15	30943947	26646625	24659842	35799334	593	593	0	0	0	53230	153890	184434	202398	244139	268803	428830	516394	473883	621736	716300	616677	1003537	676220	1076395	1006034	1104462	1320083	1113342	1654321	1332164	1585684	1818066	1693797	1866786	2347710	2435269	2750585	3022736	4228252	4393404	7041674	16007174	47894155	6197184	0	0	0	0.4907
16	30914987	26527936	24634283	35591772	381363	381363	0	0	0	88152	241165	280655	299831	353732	373194	431876	519520	468330	615186	705857	607962	977815	664966	1049170	986980	1077967	1291928	1092219	1617091	1316917	1559335	1786540	1676747	1843591	2317200	2407019	2728122	3002149	4189761	4377766	7016229	15947728	47472745	6283533	0	0	0	0.9081
17	30974923	26567089	24786218	35638928	83183	83183	0	0	0	88051	238683	275932	295158	347166	370786	431102	515291	474002	614724	705010	615491	975513	679133	1052112	997072	1083715	1303247	1103040	1623175	1330172	1570757	1798237	1685373	1859141	2328558	2416940	2743958	3021385	4194789	4403052	7037180	15960903	47449524	6378786	0	0	0	0.6527
18	30820461	26876677	24744961	35558640	49602	49602	0	0	0	90220	244242	283375	301184	354458	374641	435122	521685	473059	620274	705996	612855	977315	674107	1051783	994319	1078478	1299151	1098730	1617096	1325299	1557588	1789535	1684602	1852066	2319880	2412469	2741215	3015410	4195512	4399947	7035630	15972050	47503186	6388260	0	0	0	0.6311
19	30882007	26785285	24891430	35488809	2810	2810	0	0	0	94134	258289	295040	312534	363266	386408	445186	530318	483001	625160	713980	628718	978815	690280	1052816	1005154	1082147	1305125	1110236	1612827	1340560	1566441	1795889	1689200	1866552	2325086	2412726	2749708	3035217	4184280	4423259	7052049	15948082	47102493	6582555	0	0	0	0.6069
20	30982979	26693889	24893778	35456651	23044	23044	0	0	0	101526	265996	303728	322666	374887	391842	453908	537604	485395	632800	720263	626052	985628	684715	1057073	1005156	1074690	1302504	1101091	1612052	1334784	1553805	1788685	1687505	1846962	2317918	2407490	2739915	3024135	4176033	4418446	7040610	15960209	47125135	6566089	0	0	0	0.6360
21	30909409	26818146	24891092	35277327	154367	154367	0	0	0	106863	278106	314634	331860	382282	397819	459643	544912	489435	636883	719492	630285	983187	687667	1055922	1005152	1073046	1298793	1098933	1604277	1335777	1548802	1785545	1684651	1845999	2310336	2403029	2738018	3025437	4164447	4422000	7047350	15934637	46889129	6661626	0	0	0	0.7591
22	30922210	26794138	25010567	35124775	198651	198651	0	0	0	121151	308456	342401	354582	404213	413939	476355	562134	497513	649860	731671	636057	991199	690625	1063231	1009868	1072704	1299546	1101279	1602907	1336605	1543600	1781728	1683714	1839957	2306343	2396158	2734659	3019883	4152064	4421364	7046712	15917276	46652755	6689181	0	0	0	0.8284
23	31063187	26672175	25077660	35227062	10257	10257	0	0	0	124323	316022	348287	362576	413483	426220	488656	572614	512726	661536	742916	653808	998574	713235	1073001	1027795	1084488	1312617	1117867	1609505	1358572	1560933	1796524	1700350	1863770	2321259	2414035	2755366	3051261	4159807	4465757	7085596	15897350	46178214	6871041	0	0	0	0.6824
24	30951769	26845441	25135814	35087175	30142	30142	0	0	0	127611	327812	358357	369369	418691	429755	491165	573610	517698	658895	741318	658338	992382	716342	1066736	1027683	1080820	1310240	1118232	1600429	1356598	1559003	1790088	1699658	1864514	2318287	2407516	2755706	3052818	4149378	4466242	7080110	15887828	46132888	6914082	0	0	0	0.7080
25	31041739	26772331	25170055	34903007	163209	163209	0	0	0	120334	315626	348061	362774	414214	426561	488278	572241	514665	661670	743411	657818	997942	716678	1072627	1027800	1085785	1313791	1121583	1605929	1361394	1559654	1791850	1700908	1868127	2320566	2411707	2754768	3053967	4154562	4462406	7074169	15862172	46044821	6898273	0	0	0	0.8108
26	31000474	26687196	25201136	34949215	212320	212320	0	0	0	130659	335827	366279	377342	428317	436954	499796	583598	519789	669535	748530	660170	1000302	717912	1075653	1032337	1078984	1309823	1117997	1601490	1359020	1554525	1791067	1702172	1857500	2316573	2407797	2753954	3055750	4146119	4466740	7075553	15856626	45858812	6944519	0	0	0	0.8732
27	30848812	26935874	25200319	34981083	84253	84253	0	0	0	133362	346352	376886	387480	434993	443794	506411	588907	527414	673824	754595	670879	1006505	727067	1079404	1038773	1084555	1315439	1127310	1607476	1369334	1558159	1791623	1704718	1868748	2318400	2409280	2758669	3059911	4145113	4473075	7069353	15837020	45759916	7011343	0	0	0	0.7766
28	30927035	26933621	25272959	34904921	11805	11805	0	0	0	154756	357670	387466	395197	443944	451315	513842	596147	533726	683861	760357	678234	1009763	734282	1083523	1048551	1090237	1322688	1131228	1605065	1378204	1564054	1799748	1713197	1875031	2325687	2411001	2763256	3072537	4142659	4490519	7091256	15816213	45542886	7070436	0	0	0	0.7339
29	30765887	26699759	25163027	34894265	527403	527403	0	0	0	185674	392272	417164	419402	465456	469408	529961	612562	546298	694782	769737	685863	1016442	743478	1085665	1050771	1088605	1319817	1135070	1601089	1379248	1560611	1790753	1711017	1868495	2314544	2399119	2757304	3061563	4118522	4472317	7047417	15708991	45022545	7080976	0	0	0	1.2098
30	30851134	26945219	25273837	34955478	24673	24673	0	0	0	175661	382454	409899	414981	463959	466895	530310	613404	543927	695582	771020	689833	1016079	746652	1091729	1055997	1092537	1327872	1138565	1604015	1390054	1564164	1799218	1721898	1879111	2325865	2414367	2767223	3076753	4133046	4501132	7091724	15788474	45182777	7158491	0	0	0	0.7759
31	30960777	26907173	25437268	34710545	34578	34578	0	0	0	158924	399553	422497	427944	475091	477099	538532	624021	552872	702199	777709	695611	1017683	753304	1094847	1059084	1093819	1328411	1143226	1599984	1391949	1564043	1800552	1725412	1883793	2328383	2411071	2779446	3093109	4134511	4530627	7129131	15786265	44830842	7284219	0	0	0	0.7934
32	30946928	26829791	25382716	34803941	86965	86965	0	0	0	154957	394138	418380	422981	467988	471666	533449	614081	547448	694779	768797	690548	1008411	749587	1084453	1053216	1083821	1319031	1138205	1593556	1387830	1557983	1791261	1719520	1878174	2319307	2408314	2769229	3091801	4127716	4509926	7092592	15772974	45024728	7302529	0	0	0	0.8289
33	30867622	26974410	25352896	34671544	183869	183869	0	0	0	167755	423026	442538	443036	487417	486713	548696	630788	561322	708268	781163	703564	1016049	763503	1093561	1064186	1090440	1328197	1148522	1596163	1396128	1564661	1795882	1726848	1884999	2324757	2410190	2778391	3098113	4122197	4522297	7101030	15721069	44585107	7349896	0	0	0	0.9411
34	30835856	26873495	25399607	34521426	419957	419957	0	0	0	186403	454518	471472	467976	510014	508962	570689	651597	578983	728090	799777	721794	1034330	779376	1110926	1082510	1103507	1340610	1162645	1606478	1414936	1574977	1807071	1738868	1898048	2334915	2417074	2786203	3114098	4116177	4551831	7124807	15635808	43860738	7384176	0	0	0	1.1792
35	30863251	27004404	25453858	34699709	29119	29119	0	0	0	184035	456582	473095	470334	512720	507642	569791	650914	574988	727295	798074	719900	1031327	775710	1104942	1078351	1097898	1336966	1156240	1603656	1416513	1571287	1804736	1739116	1896670	2332350	2418555	2793927	3120317	4130508	4565395	7154168	15713387	44073300	7460533	0	0	0	0.8481
36	30858370	27069218	25460515	34649970	12268	12268	0	0	0	178214	458216	473156	468794	509937	507810	568332	648107	577753	720267	794974	721491	1022453	781412	1100721	1076503	1096011	1331547	1160425	1595664	1413932	1571602	1802675	1738678	1900972	2332801	2417809	2792872	3121171	4119761	4546132	7117149	15689127	44178753	7502852	0	0	0	0.8309
37	30934831	27074502	25543999	34494016	2993	2993	0	0	0	179089	465948	480301	477261	518668	514649	574361	653214	584137	729492	799737	726672	1028621	786642	1106821	1083150	1100840	1339505	1165733	1598924	1422286	1577229	1809090	1746068	1907138	2337356	2424161	2800059	3132094	4122010	4562858	7135007	15660913	43967562	7529752	0	0	0	0.8328
38	30819709	27060117	25528550	34636205	5760	5760	0	0	0	206234	503387	514171	504466	546161	537436	598917	679186	601397	753304	820232	745468	1051943	802442	1129577	1102968	1116536	1358641	1180830	1613882	1437875	1586574	1826262	1764100	1920144	2349829	2432930	2812470	3151668	4132560	4596933	7159951	15608796	43371069	7526242	0	0	0	0.8810
39	30793844	27126599	25527136	34588221	14541	14541	0	0	0	198694	501197	512506	502754	542405	533411	595440	677986	597589	750120	817611	739895	1048748	796585	1126944	1097349	1107533	1350276	1174135	1611567	1435347	1578277	1818321	1761173	1908690	2347605	2431932	2812123	3148498	4131396	4603137	7172656	15637501	43414147	7552252	0	0	0	0.8823
40	30780489	27109395	25617055	34486080	57322	57322	0	0	0	217512	533963	537418	522079	559229	547468	605744	684878	605440	752182	820749	747514	1044147	803491	1122791	1097876	1105833	1344901	1176845	1597236	1437727	1578066	1811494	1757882	1912484	2339066	2425901	2812671	3149521	4120248	4585341	7141622	15591558	43248123	7654019	0	0	0	0.9479
41	30795342	27058535	25592221	34551538	52705	52705	0	0	0	202493	517468	524301	515904	550772	539278	599377	681561	600643	752111	818241	742463	1041431	798823	1120592	1097464	1103791	1345948	1173532	1598257	1435545	1576168	1811147	1756576	1911052	2342508	2424969	2811972	3151589	4118857	4592502	7154044	15597474	43333033	7655750	0	0	0	0.9273
42	30675051	27196633	25563959	34521491	93207	93207	0	0	0	225473	564952	564313	547508	580876	564491	624491	703273	620352	769379	836734	761898	1058211	814103	1133647	1111043	1112363	1356296	1187161	1607514	1449947	1581666	1819487	1766140	1921378	2346844	2430292	2818565	3164265	4123457	4602233	7146319	15537624	42843531	7661308	0	0	0	1.0104
43	30569504	27087508	25550947	34341058	501324	501324	0	0	0	224070	570996	571516	552956	586650	569709	630292	706979	621762	771051	836619	762896	1054128	818759	1131637	1110967	1113219	1353253	1187997	1598505	1450356	1580208	1814470	1769353	1921520	2344202	2423417	2816517	3163052	4111207	4601121	7142829	15464139	42479937	7692728	0	0	0	1.3617
44	30552361	27123268	25604827	34485054	284831	284831	0	0	0	248630	626658	620938	594461	624191	599438	659651	735374	645863	796449	859234	783423	1073840	838519	1148753	1130243	1125306	1368187	1207054	1610884	1471266	1599514	1828265	1785364	1936903	2359976	2445367	2836680	3185932	4121129	4640585	7168617	15414954	41964889	7708973	0	0	0	1.2371
45	30468085	27321880	25662696	34570398	27282	27282	0	0	0	311955	684323	673804	640683	668386	637975	702614	778798	678151	837571	901137	821539	1115779	869405	1193789	1168835	1160031	1409547	1235731	1652085	1511636	1625522	1867990	1827159	1967657	2407331	2484422	2884913	3247502	4169364	4727367	7270302	15314730	40991709	7583317	0	0	0	1.1011
46	30582163	27271791	25746192	34333023	117172	117172	0	0	0	269113	673814	663117	630241	660321	630061	689013	767149	667064	824763	888458	808003	1100244	855838	1181249	1156297	1144644	1394383	1224067	1636509	1502118	1608096	1852914	1817217	1957065	2389774	2474422	2873366	3239885	4169323	4721096	7265174	15363316	41181364	7653691	0	0	0	1.1488
47	30613394	27241033	25716882	34466975	12057	12057	0	0	0	257356	656312	648063	619105	646077	618466	678720	755563	660321	813977	876781	804031	1086952	857170	1168138	1148448	1139284	1382815	1223532	1623813	1494080	1608735	1847474	1808536	1960244	2386822	2462176	2863443	3229356	4147634	4690893	7218791	15382980	41491257	7780939	0	0	0	1.0391
48	30392439	27336579	25673655	34416069	231599	231599	0	0	0	258527	677262	663835	630301	655780	628517	684876	760437	666938	817337	879928	810315	1088335	861151	1166308	1150773	1139526	1383887	1227143	1621146	1494593	1610087	1846652	1810296	1955452	2381063	2456196	2861428	3227390	4128887	4677239	7193611	15313909	41284459	7805158	0	0	0	1.2404
49	30532766	27324412	25788568	34324534	80061	80061	0	0	0	272178	695416	681175	647305	670370	638925	696656	775214	676621	828949	892995	819452	1100145	867700	1178400	1160079	1146292	1390998	1232596	1629830	1507391	1614632	1854300	1822135	1966798	2390697	2469658	2872576	3243348	4147299	4696781	7215342	15309745	41066417	7791865	0	0	0	1.1357
50	30495581	27263661	25784954	34369874	136271	136271	0	0	0	307223	780900	766428	718971	739655	693865	757328	839234	718468	887411	950293	858218	1162673	901249	1240294	1208304	1187286	1444245	1276769	1684403	1564584	1651584	1910112	1883922	2019950	2462173	2548793	2960139	3352829	4244139	4861396	7391242	15093361	39064562	7782067	0	0	0	1.2856
