#Name	E:\SaveData\2016-10-13_16_03_13_1001160050_R0039_A_CL100009724_BGI12084_WESPE_result\\CL100009724\L02\CL100009724_L02_32_2.fq
#PhredQual	33
#ReadNum	63249880
#row_readLen	50
#col	48
#BaseNum	3162494000
#N_Count	2986103	0.094422
#GC%	46.76
#Q10%	98.01
#Q20%	91.08
#Q30%	77.16
#EstErr%	0.848677
#Pos	A	C	G	T	N	0	1	2	3	4	5	6	7	8	9	10	11	12	13	14	15	16	17	18	19	20	21	22	23	24	25	26	27	28	29	30	31	32	33	34	35	36	37	38	39	40	41	Err%
1	19654812	15592005	14245901	13638087	119075	119075	0	0	0	7466	29690	38782	43994	57126	71244	143948	180932	178983	252392	300073	270791	473102	301883	525309	486361	582461	671705	587560	900296	690683	868841	983708	932032	1023056	1318069	1366097	1541813	1685214	2452058	2391069	3835400	8870792	26080568	2987307	0	0	0	0.5075
2	16751905	13059053	15224413	18182571	31938	31938	0	0	0	21583	67267	87740	99904	128449	145349	232375	291223	261460	349747	414085	333937	594484	354906	627299	549684	649995	748440	622122	972071	711307	914204	1024647	931562	1048443	1326884	1369082	1528131	1655053	2446700	2325378	3750317	8857993	25111488	2664633	0	0	0	0.5345
3	15983428	15484569	13211620	18493106	77157	77157	0	0	0	24499	68477	86128	96740	121354	137473	224701	283524	252590	346221	407499	331343	588062	349240	624648	547936	641734	743121	617233	965227	712660	900511	1011725	926662	1028134	1310626	1352299	1506394	1630917	2411263	2307857	3716472	8831872	25220411	2847170	0	0	0	0.5985
4	16432918	15299458	13451565	18064675	1264	1264	0	0	0	20503	61163	79339	90246	114665	130667	218625	273995	248902	338973	399849	324009	579681	345952	618964	546355	636096	739406	612517	957100	710833	890967	1011641	928393	1020690	1306257	1345178	1499561	1621962	2394991	2296847	3703667	8856062	25532016	2792544	0	0	0	0.4597
5	16241594	14914219	13969819	18086286	37962	37962	0	0	0	22229	67014	84713	96172	119245	135814	226680	279019	256273	342006	404293	333331	580774	358272	618431	552232	634782	744413	615702	954066	718025	892129	1012763	928485	1027336	1302484	1342944	1502621	1629161	2378488	2306281	3703561	8824332	25307789	2910058	0	0	0	0.5321
6	15879868	15197565	13789638	18346472	36337	36337	0	0	0	20848	64403	81131	90342	114166	130211	219926	275132	250113	338177	399726	328361	577541	352949	617729	547498	633930	740031	613771	953614	714689	892232	1009638	930475	1022458	1304201	1345086	1502092	1628764	2391460	2308177	3713288	8833395	25382740	2885249	0	0	0	0.5182
7	16316728	14840597	14199507	17884102	8946	8946	0	0	0	22630	66564	85055	95803	119323	135523	226632	281443	254118	343607	403921	333459	581871	355845	619127	552034	633550	742016	615451	952166	719009	889345	1009780	927661	1020617	1302118	1341727	1497597	1627074	2381841	2311754	3710414	8841489	25313167	2927203	0	0	0	0.4864
8	15722384	15387293	13349945	18679377	110881	110881	0	0	0	23473	72705	89104	99777	123109	138682	230888	284603	260246	346042	404094	338096	574412	364034	613493	555279	627843	740348	612785	940690	719703	880445	1005079	925085	1017979	1290307	1333509	1490778	1625475	2354298	2318445	3713748	8825531	25178779	3020135	0	0	0	0.6572
9	15736582	15169900	13639395	18701736	2267	2267	0	0	0	21022	64525	82249	93283	117199	133094	225322	278101	254409	342279	400845	334040	574305	359872	612849	554201	625839	740511	612521	941992	719599	882911	1004429	925297	1017679	1292663	1337130	1494084	1628795	2364012	2317309	3720913	8849129	25264168	3061037	0	0	0	0.4694
10	15897018	15002036	13884689	18188470	277667	277667	0	0	0	29386	79390	97124	107498	132200	146309	240570	293379	267479	351147	410887	344250	579890	372528	616468	562549	626377	742575	613619	935745	724145	876394	1001900	925020	1016330	1282013	1327743	1490042	1622875	2332544	2322711	3709956	8785036	24921321	3084813	0	0	0	0.9424
11	16010099	15039058	13912512	18279234	8977	8977	0	0	0	28593	81460	100470	111290	135315	150356	245419	298097	269493	357611	416149	346255	584794	371814	623545	563937	631201	744516	616422	942763	725984	883510	1005222	928186	1017210	1288058	1333187	1493805	1626034	2345122	2326156	3716901	8820746	25020106	3091176	0	0	0	0.5255
12	15930567	15211996	13931481	18175411	425	425	0	0	0	27393	80343	98197	109115	134310	149200	243172	297160	271389	357357	416348	350710	583441	377801	622175	567504	630088	747854	619210	939965	733793	881282	1007843	929374	1020243	1290763	1331013	1494732	1631751	2339776	2329348	3719851	8812099	24958724	3146131	0	0	0	0.5087
13	16021259	15114798	13971982	18068684	73157	73157	0	0	0	31399	90227	107211	116885	141138	155441	250866	303446	275622	363815	419730	354510	585469	381464	623397	570170	628219	745828	620271	937556	733800	880150	1005287	929950	1020072	1286920	1330315	1492149	1631475	2333758	2329559	3717063	8801964	24804678	3176919	0	0	0	0.6437
14	15986278	15119816	13992986	18148449	2351	2351	0	0	0	30169	85861	104260	115209	140490	154313	250889	303304	275323	364252	420558	353811	589661	379240	626579	571093	631414	749137	619666	942439	733083	882242	1006413	931902	1016138	1289876	1329797	1491436	1626707	2333351	2330053	3717386	8811124	24857087	3183266	0	0	0	0.5270
15	15894833	15256590	14046066	18052064	327	327	0	0	0	32219	89455	107500	119180	143883	157446	254237	306530	275820	366377	422837	355318	589122	380833	626720	572133	628612	748724	621137	940286	736192	874473	1006287	932302	1016134	1286050	1329321	1490132	1626420	2322480	2336651	3721171	8815104	24778662	3239805	0	0	0	0.5323
16	15885509	15176853	14053531	17934490	199497	199497	0	0	0	53785	140427	164738	176334	207971	219098	255357	306573	272985	361073	412294	347778	570541	375146	608480	560145	610521	732618	607707	916033	726126	859508	986967	918998	1004271	1269009	1311517	1477629	1615792	2301928	2325390	3709794	8787812	24559968	3296070	0	0	0	0.9508
17	15890339	15193403	14121586	17996723	47829	47829	0	0	0	53323	139598	163161	174862	204950	217860	253939	303597	274606	361262	413955	354523	572359	383731	609440	567184	614080	738345	613973	917940	734262	865395	994384	926284	1010069	1273713	1318862	1485357	1627678	2303286	2341339	3723298	8785989	24529079	3350368	0	0	0	0.7092
18	15774305	15391233	14104110	17953341	26891	26891	0	0	0	54694	143504	165859	177694	208494	219926	255239	306873	274441	362390	415210	352367	572376	379158	610912	564512	612852	734592	610156	917529	732758	860490	992373	925358	1004348	1271129	1316099	1481741	1626402	2300350	2337295	3715318	8792914	24578214	3349422	0	0	0	0.6825
19	15819145	15335361	14199615	17894190	1569	1569	0	0	0	57100	151516	173264	184581	214914	225726	262030	311714	280632	366543	416987	359696	572875	388135	611086	570330	614136	737773	618670	913598	739539	864570	993516	928181	1011699	1271544	1316559	1486421	1632483	2291161	2349123	3723167	8778496	24398936	3431610	0	0	0	0.6596
20	15841955	15287750	14159652	17948210	12313	12313	0	0	0	61184	156131	179630	189766	220169	229568	266020	318323	281698	371541	419838	358610	576277	385536	614188	570890	610593	736182	612186	912629	736214	859169	988212	925553	1001894	1269686	1315356	1478667	1625876	2288563	2350422	3725449	8778942	24381079	3441526	0	0	0	0.6896
21	15754849	15399897	14148594	17868599	77941	77941	0	0	0	64603	163788	185047	195041	225168	233248	269742	320825	282969	372446	422086	360658	574356	386966	612895	571421	608750	734089	613310	908045	738625	855679	988685	925355	1003594	1267461	1308124	1485082	1625656	2279810	2353843	3726150	8758531	24269668	3480223	0	0	0	0.8063
22	15796331	15348813	14237266	17765685	101785	101785	0	0	0	72747	179950	198847	206668	237220	241923	278366	328087	288978	379445	426254	363240	577719	389996	614242	572751	606064	734849	611757	906469	737884	851091	985587	923590	1000092	1262703	1304629	1478952	1626243	2272628	2353492	3725419	8749209	24147808	3513196	0	0	0	0.8751
23	15834292	15293459	14240150	17877350	4629	4629	0	0	0	74025	182999	202891	210826	242078	248197	284200	334915	295813	385771	433522	372764	582600	399757	619773	583234	612269	742040	620497	909138	749440	859705	991907	931479	1012403	1268923	1315864	1490927	1641177	2274127	2374274	3745791	8732232	23937019	3582674	0	0	0	0.7345
24	15750287	15436595	14247238	17799449	16311	16311	0	0	0	76200	191892	207733	215278	244632	251259	285471	334677	298403	383559	431228	374393	575763	404429	613838	581787	610514	737614	620046	902553	747966	858048	989913	930379	1014943	1264834	1308993	1488565	1642799	2268523	2374077	3743527	8731580	23891747	3636406	0	0	0	0.7630
25	15811941	15370552	14285873	17704525	76989	76989	0	0	0	71621	183031	202099	211714	240562	248699	284268	333945	295837	384694	432411	374935	579357	402912	618421	583614	612020	740584	621059	907299	750085	859490	991845	932010	1011398	1268617	1311475	1489468	1639111	2268362	2371437	3737595	8725442	23859258	3628216	0	0	0	0.8468
26	15773941	15322351	14282409	17758445	112734	112734	0	0	0	77578	194442	213099	220882	249772	254215	289614	340728	299805	390328	435252	376834	581055	403062	619097	582625	609739	738675	619296	901678	750834	856294	986747	930852	1008712	1263802	1308750	1487009	1638205	2261382	2373490	3745068	8715507	23763220	3649498	0	0	0	0.9261
27	15695438	15471694	14276757	17764600	41391	41391	0	0	0	78968	200325	218768	223690	252455	256901	292923	343842	303384	392470	436550	379783	582428	406667	621089	586773	611925	741939	624902	905383	755265	858264	993140	935270	1011068	1264674	1310667	1490012	1644092	2261340	2377102	3739636	8703169	23723762	3679863	0	0	0	0.8237
28	15743454	15457811	14339398	17704974	4243	4243	0	0	0	88443	207870	224547	229609	259188	262359	300096	348385	306480	395620	441462	385157	585643	411895	624340	591945	613228	745185	626709	904731	760259	859095	991629	937292	1015492	1266694	1312814	1492512	1647599	2264711	2386447	3751156	8690765	23597458	3718822	0	0	0	0.7850
29	15676118	15325728	14272332	17718156	257546	257546	0	0	0	106144	227301	241376	244331	272730	272037	309264	356809	313449	403462	446667	390804	587390	415255	625907	595876	614311	745040	627805	904409	759893	857403	988516	936173	1012397	1263063	1307524	1486649	1643554	2246644	2376950	3733597	8625692	23333489	3720423	0	0	0	1.2276
30	15680468	15498310	14325800	17734163	11139	11139	0	0	0	100388	221735	236958	242546	269410	271187	308939	356621	314107	403614	447725	391771	589270	418769	626384	597675	613792	745608	629406	903424	765709	860382	991328	942579	1019410	1269514	1312655	1494297	1654328	2256818	2394492	3756957	8662121	23396324	3772498	0	0	0	0.8288
31	15757646	15449713	14395927	17627875	18719	18719	0	0	0	94560	231765	244872	248805	275807	275887	313543	361708	318937	408048	449700	394009	589582	422160	630275	598225	614089	747707	630405	900668	767155	859454	992792	942357	1019215	1270658	1311787	1497867	1660012	2251521	2403358	3773611	8658038	23250446	3822138	0	0	0	0.8525
32	15745282	15413364	14359874	17682890	48470	48470	0	0	0	92840	229919	241993	245789	272374	272927	309383	357355	315039	404188	446012	393200	583526	421760	624376	595839	610622	743759	631048	896813	765711	856337	989559	940949	1018488	1265486	1309260	1495980	1657492	2251972	2396435	3752705	8652569	23320156	3839549	0	0	0	0.8912
33	15652427	15513110	14363547	17630174	90622	90622	0	0	0	100536	244928	255881	257151	284151	282088	318306	365818	322148	409119	452362	400222	588154	427623	627814	600612	612739	746934	634378	898019	768850	859496	991963	944784	1021922	1266559	1309316	1498018	1662043	2245521	2405553	3758301	8623945	23106125	3867879	0	0	0	0.9891
34	15666536	15463550	14395033	17523981	200780	200780	0	0	0	109035	263293	271210	271114	296185	293409	329696	377361	331667	419945	461118	408489	596030	437034	636559	610558	620695	753566	641228	902609	777083	864235	996106	949310	1025715	1269774	1309818	1502921	1668444	2239792	2415989	3776034	8571675	22775194	3876209	0	0	0	1.2009
35	15685165	15484624	14412717	17651688	15686	15686	0	0	0	109903	265672	274465	271629	296782	293847	329798	377982	330556	419698	461392	408616	596561	434954	634463	608335	615789	751448	637788	899927	778698	861385	994732	949361	1025402	1270346	1311978	1504624	1675202	2247627	2426880	3785660	8606027	22846400	3930267	0	0	0	0.9114
36	15649933	15555280	14418871	17619146	6650	6650	0	0	0	106380	266108	273703	271910	296618	293905	327566	375422	330854	417860	458287	409836	591208	436963	631017	607326	616134	751090	639321	894771	778323	861614	994891	950193	1028885	1269382	1311513	1503550	1673703	2240859	2418674	3768660	8600725	22889014	3956965	0	0	0	0.8937
37	15691426	15553903	14470083	17532856	1612	1612	0	0	0	106818	270385	277689	276629	301256	296944	332321	379389	333438	419945	461147	412314	592715	439461	634062	611216	616696	752529	643941	898256	781858	865073	997125	954719	1032038	1272274	1310786	1508232	1679397	2240977	2426811	3777176	8589301	22791712	3963638	0	0	0	0.8954
38	15656216	15511235	14453735	17626962	1732	1732	0	0	0	120395	291150	296434	292030	315226	309051	345994	393135	344173	432523	473729	420688	606049	449188	645045	618375	623382	760650	650752	904885	790814	868862	1003711	961866	1035545	1279602	1322321	1515126	1687296	2245888	2440054	3796387	8546716	22502857	3958249	0	0	0	0.9416
39	15610205	15586972	14449656	17594984	8063	8063	0	0	0	118303	288549	294704	291194	314651	307949	344122	391629	340910	431538	471232	418955	602777	444601	642637	618140	620038	757762	647097	902796	789221	863769	1000689	958188	1030971	1278803	1318837	1513780	1686488	2245813	2445067	3801751	8553848	22512316	3992692	0	0	0	0.9460
40	15615888	15584795	14501237	17516614	31346	31346	0	0	0	130338	309334	310330	303344	323893	315970	350301	395326	346161	434843	472452	422314	599883	449395	639401	619845	617645	755987	648964	894808	790878	863702	996503	957929	1031210	1273445	1313512	1512045	1686521	2236038	2437132	3785713	8541197	22416529	4035646	0	0	0	1.0170
41	15647989	15526840	14461957	17584600	28494	28494	0	0	0	122026	299854	304120	297542	320084	312744	348445	394311	344667	432801	471851	420921	598646	447808	640010	618584	619263	756972	647775	897618	791181	862796	998344	957852	1032627	1274020	1315308	1511527	1688099	2240837	2442458	3789780	8536022	22446225	4038268	0	0	0	0.9958
42	15547286	15638522	14463063	17554339	46670	46670	0	0	0	134877	325939	325371	315292	335928	324742	359922	406955	352466	444055	479905	429478	608077	455769	648174	625698	623308	761567	654212	898870	795145	866642	1001720	964159	1035892	1278026	1317934	1518263	1695127	2239207	2448315	3788326	8495082	22208216	4040551	0	0	0	1.0732
43	15525719	15569562	14468481	17431978	254140	254140	0	0	0	135066	329702	328886	319364	339375	328229	362149	408347	355800	443250	480236	431200	605602	456855	646638	626066	621762	757470	653671	896532	795936	866110	999640	963958	1036458	1274474	1316895	1514854	1693169	2232113	2447470	3786805	8458740	22023443	4059475	0	0	0	1.4081
44	15539594	15553632	14484928	17529555	142171	142171	0	0	0	149009	361889	356713	342071	358986	345170	378190	424077	367600	455521	491841	444313	613882	468563	654858	635484	629563	765336	662570	900088	806544	873497	1004314	973675	1046139	1282421	1322611	1524113	1703257	2234392	2458494	3801070	8427167	21779658	4064633	0	0	0	1.2921
45	15467236	15694741	14510911	17564113	12879	12879	0	0	0	180008	393732	386130	366506	383551	364823	402056	446353	384846	477719	512624	461203	636744	485265	677885	656203	643780	785394	679917	917941	826655	885746	1023070	992249	1061668	1303336	1341711	1550546	1733968	2255182	2507168	3850550	8360522	21311999	3989951	0	0	0	1.1683
46	15533865	15656280	14558915	17438517	62303	62303	0	0	0	160733	387127	379864	360940	379124	358727	394333	441267	378018	472736	506315	453290	628284	477194	668623	647946	636741	777028	671606	911657	818548	878950	1015421	987800	1055334	1297998	1336205	1543346	1730610	2252931	2504672	3853172	8381829	21405450	4033758	0	0	0	1.2193
47	15551270	15613340	14539074	17539768	6428	6428	0	0	0	153536	378646	372648	355031	371483	354449	388391	435137	376221	465475	502366	452967	621236	477103	664221	643516	634548	773058	674150	906161	820855	878624	1013422	985281	1057019	1292249	1332279	1540748	1724245	2242500	2492042	3830006	8397194	21528359	4108286	0	0	0	1.1114
48	15427966	15696957	14525891	17484702	114364	114364	0	0	0	155408	390273	381083	362814	377342	359397	393138	437943	379395	468835	502984	456635	621804	480124	662550	645175	636898	773532	671954	905172	819917	878049	1013098	984339	1056147	1289613	1327594	1537476	1721906	2238985	2483387	3816576	8367734	21424456	4113783	0	0	0	1.2992
49	15515247	15680605	14576939	17435648	41441	41441	0	0	0	161871	402361	391333	371695	386111	366245	400899	445428	383927	473662	510368	459223	628399	483107	669844	650221	639797	775973	675906	909320	825278	880564	1018139	991561	1060522	1297500	1336747	1541871	1733027	2245801	2494044	3822262	8353625	21310728	4111080	0	0	0	1.2090
50	15490702	15637794	14572014	17477375	71995	71995	0	0	0	185093	451629	439991	411747	425587	396217	433277	480622	407863	506729	543552	481184	663300	500687	703646	677816	658412	802717	696946	936585	854915	897827	1045216	1022290	1086049	1335054	1376368	1585580	1792722	2292750	2588456	3928381	8214686	20217975	4136016	0	0	0	1.3670
