#Name	E:\SaveData\2016-10-13_16_03_13_1001160050_R0039_A_CL100009724_BGI12084_WESPE_result\\CL100009724\L02\CL100009724_L02_26_1.fq
#PhredQual	33
#ReadNum	64225672
#row_readLen	50
#col	48
#BaseNum	3211283600
#N_Count	4305277	0.134067
#GC%	44.86
#Q10%	99.01
#Q20%	96.21
#Q30%	87.68
#EstErr%	0.484131
#Pos	A	C	G	T	N	0	1	2	3	4	5	6	7	8	9	10	11	12	13	14	15	16	17	18	19	20	21	22	23	24	25	26	27	28	29	30	31	32	33	34	35	36	37	38	39	40	41	Err%
1	22024845	14365665	14728291	13094348	12523	12523	0	0	0	1868	14771	25629	22884	22611	21878	23686	24967	24662	29093	32622	34364	44926	47124	53862	65710	106300	130079	142681	177665	229877	266523	314214	405111	421590	620348	677754	860429	876014	937071	863531	1652202	5583096	42168988	7289019	0	0	0	0.1116
2	19024043	11759433	15719832	17559336	163028	163028	0	0	0	1363	21272	29595	27623	27798	27800	29826	32230	32924	38724	44138	48625	64437	66279	76032	97287	147520	180828	195948	244568	301938	345562	398656	480133	497282	683929	739303	925952	1011328	1205425	1201900	2198264	6613958	39760579	6263618	0	0	0	0.3661
3	18294298	14209604	13521931	18136829	63010	63010	0	0	0	11084	17308	25324	23976	24632	25753	29488	31876	33255	41445	46165	53269	70475	71370	81532	108083	161271	195695	212050	263862	321518	367367	423048	503547	520805	709641	761343	946255	1032094	1250384	1257074	2270799	6750566	39311764	6208544	0	0	0	0.2130
4	18596416	13949960	13787331	17610560	281405	281405	0	0	0	2160	16205	21588	20574	20913	21559	24162	26629	28338	34807	39914	46559	63016	64832	74457	100926	153545	189012	204389	257380	313830	360758	414876	493452	511683	696445	750244	932424	1028629	1263198	1279521	2317153	6875628	39090630	6204831	0	0	0	0.5382
5	18518270	13737936	14438182	17518598	12686	12686	0	0	0	2811	14618	21018	20625	21327	22369	25593	28494	30505	38257	43342	49993	68217	69438	80398	108300	162371	200433	215576	271182	328072	374837	431099	506520	530727	714711	769294	957262	1058319	1315726	1332548	2410541	7048064	38908510	6031889	0	0	0	0.1224
6	18241904	14018427	14202785	17679915	82641	82641	0	0	0	2440	14364	18906	17974	18836	19805	23005	25965	27801	35157	40494	47683	66207	67590	77892	108110	163923	202544	216827	275003	329179	380134	436369	509180	533188	717064	772495	960096	1068440	1343354	1361192	2463627	7169012	38792697	5836478	0	0	0	0.2267
7	18692574	13686906	14585555	17259290	1347	1347	0	0	0	956	13145	18340	18088	19309	20731	24113	27812	29407	37739	43238	50432	69835	71316	83170	113645	170901	210751	224386	284102	338612	388345	447306	517706	543569	725594	784689	975347	1096503	1389407	1427430	2568052	7336415	38323114	5830820	0	0	0	0.1010
8	18108162	14165441	13785604	17961497	204968	204968	0	0	0	2439	19694	24201	22711	23427	23896	27059	29621	31157	38996	44907	52161	72329	72732	84059	116552	174057	215442	229428	291550	340543	394022	452929	518414	543615	729259	783958	971396	1088882	1398389	1430468	2584863	7384297	38185589	5617662	0	0	0	0.4291
9	18100481	13957859	14101230	18060733	5369	5369	0	0	0	2690	16049	19246	18574	19420	20757	24068	27740	29734	38159	44314	52656	72882	73718	85973	119803	178390	221793	232389	299519	347507	400163	461562	523463	553312	738048	794788	984455	1109118	1435813	1481709	2668989	7534351	37956828	5632323	0	0	0	0.1116
10	18343767	13875758	14359075	17600729	46343	46343	0	0	0	3655	20686	24856	23804	25084	26017	30213	34245	35781	45249	51496	59254	82263	81032	96062	129782	189292	235447	243689	313268	357088	412646	473660	531886	566041	748269	808352	998857	1135673	1475854	1534909	2753645	7650867	37369692	5610715	0	0	0	0.1901
11	18336212	13779919	14298718	17517538	293285	293285	0	0	0	2244	19515	24835	23674	24844	26154	30267	34540	36101	46008	52880	60676	83986	83500	98507	133005	193165	239071	246707	318006	358534	416394	477043	531840	569632	750560	810664	1003329	1141140	1495280	1562387	2795531	7713533	36966317	5562518	0	0	0	0.5738
12	18348342	13964056	14372573	17496080	44621	44621	0	0	0	2019	14964	20364	20795	22910	24996	29797	34678	36756	47411	55047	62915	88924	86160	103866	139635	201615	249031	255626	331647	368908	426832	492692	541378	581154	765129	826255	1018494	1161142	1532663	1601788	2860547	7845645	36831815	5497453	0	0	0	0.1827
13	18466821	13905529	14419695	17420261	13366	13366	0	0	0	2064	15691	20324	21283	23777	26072	31285	36486	38760	50486	58161	66276	94396	90453	109614	145281	208418	257947	260944	342662	372948	433624	500127	546232	588131	772171	830530	1024228	1169565	1551641	1631110	2908236	7932174	36593247	5457962	0	0	0	0.1373
14	18289731	13856852	14348032	17336195	394862	394862	0	0	0	6056	24789	29639	29449	31774	33949	39486	45131	46482	59390	68520	75073	106497	99546	121815	156996	218923	270011	270068	355369	382029	444012	510186	553891	596163	779897	839771	1028991	1177822	1573159	1650299	2938345	7951488	35964161	5351633	0	0	0	0.7547
15	18297088	13983547	14487244	17337349	120444	120444	0	0	0	9029	28058	32214	31592	33326	35260	41036	46646	47643	61778	70534	77079	109794	102735	126332	162247	225280	279188	276984	366269	391526	454513	521066	561336	609810	793084	854313	1046596	1199773	1605347	1692351	3005884	8060970	35844073	5301562	0	0	0	0.3353
16	18345828	13962577	14540143	17337924	39200	39200	0	0	0	8488	32187	39238	40013	43330	46801	53711	61701	63527	80521	92407	98018	139192	128286	159333	194425	224263	278604	277950	364730	391283	455060	522140	560800	613644	792718	854589	1050621	1210336	1621991	1731884	3058379	8140123	35387524	5368655	0	0	0	0.2332
17	18325687	13942569	14586861	17300504	70051	70051	0	0	0	13321	38888	44689	44479	48182	50592	58480	67642	68401	85860	98682	104081	148696	133861	168799	203411	234230	290861	285786	378162	398685	463077	531858	567302	620201	804839	865332	1059290	1219353	1642267	1752346	3096958	8185693	35116327	5264990	0	0	0	0.2977
18	18220331	14093281	14583277	17247982	80801	80801	0	0	0	20338	41794	46674	45385	49744	52555	61262	70202	70316	89115	102024	106364	153184	136618	173383	208244	239133	295281	289152	385946	402277	469265	538445	568736	625416	809951	873712	1066978	1224931	1660794	1770482	3123797	8240364	34956372	5176637	0	0	0	0.3244
19	18242335	14010464	14671588	17177312	123973	123973	0	0	0	16041	46316	52557	52148	56590	59021	67592	77158	76835	96227	110293	113221	162962	144046	184138	217283	248464	307290	298960	397735	411841	479573	550369	577892	639145	821369	885136	1082904	1244511	1683445	1807803	3174080	8299775	34458749	5200230	0	0	0	0.4042
20	18289520	13970553	14677492	17207716	80391	80391	0	0	0	16842	46816	53291	53488	58576	61937	70685	81094	81129	102408	116686	119887	169877	151566	192500	226564	256290	317733	307727	408894	421612	491235	562231	589985	652896	836365	900544	1099943	1266030	1712738	1848210	3232469	8365654	34080018	5191361	0	0	0	0.3431
21	18241862	14095121	14726496	17159240	2953	2953	0	0	0	34988	57671	61078	58498	63069	65004	75019	86139	85293	107016	121571	124747	178413	155526	201291	234023	263433	325749	314442	419912	427079	498344	572068	596402	660448	843713	908836	1109909	1275379	1735035	1872798	3273777	8415993	33861365	5138691	0	0	0	0.2494
22	18268168	14041264	14767578	17072254	76408	76408	0	0	0	24589	59095	65185	63884	69343	71655	82140	93395	92005	114760	130847	132214	188432	164959	211671	243465	273947	338221	324629	432256	438808	510550	584420	607657	675004	859483	922587	1127005	1296908	1758877	1909792	3319826	8462470	33371203	5127982	0	0	0	0.3703
23	18333888	14016310	14784348	17088627	2499	2499	0	0	0	25752	62513	68539	67442	73880	77689	87852	99864	98497	122022	138761	140386	197842	174501	223367	255649	284827	350894	336243	445311	451140	524491	597857	619095	692998	875716	939972	1148129	1324464	1787272	1957449	3376476	8521838	32921193	5153252	0	0	0	0.2682
24	18219639	14126094	14794096	17036946	48897	48897	0	0	0	28530	65081	70847	70598	76503	80348	90931	103873	101711	127291	144437	144583	206436	177664	231479	262512	291822	359181	341232	456313	456281	532874	607885	622433	697903	882128	948629	1153204	1326678	1803336	1965345	3398238	8560503	32745701	5044265	0	0	0	0.3500
25	18305508	14080727	14839986	16965738	33713	33713	0	0	0	35757	76919	81561	78818	85230	87219	98193	112233	109274	134602	152581	151408	216066	184952	240991	271304	300049	371537	348634	470037	462585	540210	618120	631163	705477	891998	959151	1160262	1334800	1822118	1989351	3429929	8599230	32427926	5012274	0	0	0	0.3528
26	18276544	14065827	14861196	17019765	2340	2340	0	0	0	34155	72740	79372	77805	85532	88594	100452	115648	111584	139961	157813	156375	223066	190214	249049	278282	308260	379739	356565	480859	470864	551783	628578	639659	718940	907057	973256	1177079	1353564	1848332	2026353	3476435	8651977	32118355	4995035	0	0	0	0.3035
27	18157918	14182379	14837885	16997557	49933	49933	0	0	0	39767	87315	92097	89944	96273	98511	111036	125756	121440	149963	168312	166629	234477	201172	260887	289791	318943	392128	367328	491869	482180	561662	639281	651443	732825	919061	984497	1193283	1376714	1864147	2055081	3508071	8658807	31619616	5025433	0	0	0	0.4095
28	18240032	14154957	14892682	16934176	3825	3825	0	0	0	41315	82446	88718	86959	94772	98045	110612	127096	121771	151918	171471	168682	239196	202885	265798	295796	323453	399367	371467	500767	486628	568567	649888	656872	740305	926406	995925	1202966	1382720	1887773	2076537	3541226	8715579	31486670	4961251	0	0	0	0.3351
29	18225221	14066074	14888564	16948792	97021	97021	0	0	0	46837	95698	99645	96625	104812	106894	120389	136186	131396	161010	181153	178040	250961	213278	278720	306125	333883	410311	383013	514856	497674	580225	659269	665989	752874	940918	1010018	1217843	1402050	1903328	2105122	3574689	8726913	30975668	4966239	0	0	0	0.5090
30	18182486	14168024	14918507	16954516	2139	2139	0	0	0	48339	95667	99714	97446	106031	107784	122994	139568	134125	165373	186141	183073	256243	219246	287291	313923	340480	419576	389959	523770	505785	588565	672599	676443	765074	953469	1024409	1233332	1422564	1927195	2133647	3611075	8769758	30758953	4943922	0	0	0	0.3663
31	18220513	14119958	14998813	16881070	5318	5318	0	0	0	53864	105602	108694	105445	114291	117342	131681	149305	142586	175606	195788	192816	269956	230318	299788	325827	353930	434157	402615	540089	518948	603443	686300	689444	783511	972099	1038359	1252854	1441759	1947437	2165985	3650025	8784220	30293097	4943173	0	0	0	0.3972
32	18224992	14082740	14966151	16910825	40964	40964	0	0	0	57701	111446	114062	110588	120808	122516	137963	156397	148541	183167	205386	199658	280331	237604	309205	335557	361974	446131	409114	549999	527082	612095	697810	696223	790576	979356	1049956	1262863	1449739	1961118	2186588	3674189	8802897	29979720	4916348	0	0	0	0.4698
33	18127295	14149830	14933726	16828399	186422	186422	0	0	0	64906	122376	124845	120361	129880	130689	146063	165483	154648	191488	214475	205844	290553	241921	318978	343161	369529	453977	414654	560585	531059	618063	703587	701028	795542	987130	1055594	1265047	1454571	1973063	2185688	3674730	8798364	29710017	4821351	0	0	0	0.7231
34	18183192	14130080	15012499	16807036	92865	92865	0	0	0	69061	132381	132816	127268	136375	136931	153574	173352	163048	199381	221527	215531	299745	253802	330022	354599	379007	464896	427182	573665	547144	633645	719014	716316	815378	1006312	1074551	1291589	1484450	2000365	2234779	3731022	8827401	29224062	4882616	0	0	0	0.5996
35	18091690	14122688	14944624	16808836	257834	257834	0	0	0	76765	139567	138565	132890	142418	143200	159162	178723	168921	206394	229128	221751	308925	260085	339589	362639	388075	477117	434989	584226	554830	641096	728666	724056	822552	1017039	1083568	1299351	1491234	2012204	2245658	3738484	8818649	28878736	4818586	0	0	0	0.8765
36	18119861	14209970	15038323	16853990	3528	3528	0	0	0	75312	136631	137159	133055	143401	144787	162389	183383	171759	212431	235875	226892	319254	264425	348684	371820	396628	487217	441816	597224	560520	651805	739619	732204	834916	1031307	1100109	1314662	1510243	2036787	2278379	3788952	8879340	28770851	4802308	0	0	0	0.4824
37	18163664	14193818	15086019	16777596	4575	4575	0	0	0	77885	138365	139313	135313	145853	147402	165326	187122	174699	215715	240751	229873	325999	267695	356828	377456	401535	493178	446346	607635	566252	657466	748882	740212	842913	1038791	1109925	1320474	1515689	2053253	2287610	3803246	8899919	28630284	4731892	0	0	0	0.4922
38	18053464	14097498	15000957	16763900	309853	309853	0	0	0	85471	152808	150781	145017	155570	155762	174278	196000	182378	223032	248084	235876	334186	275118	364207	384105	409779	501099	452628	615608	572856	663306	755776	742811	847768	1044317	1113366	1327179	1520300	2053794	2295754	3801383	8850960	28202925	4681537	0	0	0	0.9966
39	18024006	14178230	15026747	16750410	246279	246279	0	0	0	95004	175750	169705	161309	169846	168426	185870	208494	194548	236419	260442	251014	344090	289315	378695	400149	419573	514754	468468	625821	590121	680104	770698	759797	869863	1063148	1132392	1352182	1549793	2073655	2332710	3830676	8848033	27641610	4766919	0	0	0	0.9428
40	18100067	14200271	15100439	16735081	89814	89814	0	0	0	98370	179172	174270	164840	175077	173451	191295	214934	199190	242972	268273	257042	353951	296587	388909	408761	429424	525208	479596	638949	599500	691007	781938	772449	881639	1077003	1143224	1367348	1568690	2096595	2352256	3856516	8872013	27465781	4749628	0	0	0	0.7134
41	18082284	14165093	15104959	16742567	130769	130769	0	0	0	100461	182607	178255	169125	179583	178311	196385	221592	205564	250143	275949	263380	363537	304415	398946	419105	438868	535598	486635	651754	607210	698607	793137	781449	888763	1089095	1155492	1377681	1576060	2107033	2370039	3872440	8865704	27191951	4720029	0	0	0	0.7904
42	18018919	14231843	15087041	16749985	137884	137884	0	0	0	107616	196405	189484	178243	189381	186876	206877	231406	212980	260388	285336	272888	373630	312739	408951	429266	447996	547064	495815	660863	617588	707770	805049	790690	903310	1101343	1167615	1393558	1594835	2122934	2387794	3888416	8859271	26833990	4719421	0	0	0	0.8312
43	18042074	14210808	15134087	16696732	141971	141971	0	0	0	111634	198253	191886	182365	193019	190626	211376	237149	218465	267733	293125	279046	384636	317926	420795	437191	456385	556213	502671	672610	626928	719060	815589	799784	910064	1110152	1177680	1400505	1603120	2136875	2405947	3910579	8867895	26600038	4676381	0	0	0	0.8497
44	18062596	14203335	15156377	16798151	5213	5213	0	0	0	115168	205614	197575	187182	198808	196562	217888	244387	224129	273847	300991	285924	394909	325888	431394	446940	465980	568157	512208	686990	636184	727627	827283	811908	921681	1125689	1193137	1416763	1620294	2157059	2431778	3942060	8884350	26382411	4661694	0	0	0	0.6546
45	17971664	14285416	15148315	16732592	87685	87685	0	0	0	122047	224109	212322	199752	210328	206587	228515	255092	232933	283232	310641	297174	401648	335727	439566	456664	472990	577685	522041	693295	646715	737810	836362	821108	937099	1136443	1201735	1429596	1633844	2159101	2442098	3941506	8853022	25987760	4691440	0	0	0	0.8181
46	18039458	14271264	15226247	16685886	2817	2817	0	0	0	131784	242384	229448	215316	224002	219351	240851	266922	244820	296179	320963	309749	414599	349224	455566	471149	485121	589088	536614	707209	661683	754517	851881	836813	955428	1153911	1219053	1446866	1656519	2177295	2464984	3961250	8836954	25629651	4665711	0	0	0	0.7277
47	18023758	14255668	15210546	16729994	5706	5706	0	0	0	135005	242899	228899	215255	227046	220940	243405	271101	247396	300718	327941	311947	423274	352351	462166	476404	490516	596448	539506	716044	666145	757260	860321	841818	958064	1159258	1224812	1456196	1662395	2191853	2475106	3971657	8848018	25476803	4640999	0	0	0	0.7385
48	17941579	14349939	15200338	16717862	15954	15954	0	0	0	142117	258471	243850	227867	238904	232193	255880	283086	257371	312060	339036	321525	434745	363042	474659	487875	500833	608690	551032	730566	677350	767953	871175	852677	967227	1170917	1235939	1465557	1674022	2200706	2490752	3984878	8822237	25137922	4626604	0	0	0	0.7899
49	18028035	14284834	15239382	16632249	41172	41172	0	0	0	151946	278021	258575	240164	252793	243093	265138	294642	266656	321914	349832	332653	447398	372069	485723	499126	510446	620799	560360	742082	688176	780267	883670	863732	981647	1185079	1247763	1479830	1685207	2212920	2510406	4004088	8800446	24781421	4586418	0	0	0	0.8677
50	18015782	14234054	15239089	16692135	44612	44612	0	0	0	164096	301417	283869	262460	273278	261908	286277	318698	284961	345482	375358	351528	475168	390013	518464	522694	534489	649137	583194	772870	715887	803231	910093	891518	1007017	1219735	1279620	1515892	1729545	2249266	2577291	4078518	8734221	23822610	4691255	0	0	0	0.9348
