#Name	E:\SaveData\2016-10-13_11_11_05_1001160120_R0057_A_CL100007973_BGI12297_WESPE_result\\CL100007973\L02\CL100007973_L02_18_1.fq
#PhredQual	33
#ReadNum	57116963
#row_readLen	50
#col	48
#BaseNum	2855848150
#N_Count	3868978	0.135476
#GC%	44.31
#Q10%	99.25
#Q20%	96.97
#Q30%	89.19
#EstErr%	0.404377
#Pos	A	C	G	T	N	0	1	2	3	4	5	6	7	8	9	10	11	12	13	14	15	16	17	18	19	20	21	22	23	24	25	26	27	28	29	30	31	32	33	34	35	36	37	38	39	40	41	Err%
1	19540206	13001991	12796829	11776943	994	994	0	0	0	8627	30116	45164	38414	37685	35899	39721	42178	40683	47725	53666	54573	73705	69969	85416	96776	147591	177629	187920	238137	292647	336201	391630	477580	489392	666820	706754	844411	862378	963562	939333	1674106	4978565	37014561	4926435	0	0	0	0.1561
2	16788678	10463324	13696930	16095730	72301	72301	0	0	0	25250	51690	63218	53959	52770	50043	54735	59076	57815	67441	76610	79318	104446	102155	123075	135831	194432	231742	243298	298489	353083	393786	448740	516927	548821	699208	754250	898198	992791	1191726	1263249	2141437	5770877	33785918	5160258	0	0	0	0.3455
3	16027632	12815210	11630738	16539338	104045	104045	0	0	0	20053	46186	56997	50353	49705	47454	52383	56315	56021	65418	74365	77498	101780	100784	120935	131078	191131	227651	240632	291882	347926	386480	441239	511915	539046	686393	740300	878187	973270	1160524	1233261	2082859	5686617	33722478	5563802	0	0	0	0.3867
4	16484677	12531454	11993946	16105855	1031	1031	0	0	0	5381	13952	18537	17105	17782	17690	19727	21830	22304	27396	32481	35360	48336	50617	59269	75746	126787	155529	173905	214216	276394	314412	362177	444907	446904	602220	637350	766460	815560	950112	938117	1698909	5370829	36971268	5366363	0	0	0	0.0989
5	16335087	12210997	12630000	15912994	27885	27885	0	0	0	308	7297	11713	11625	12057	12980	14630	16653	18116	23039	26799	31382	43475	46588	53621	73930	125146	154564	172886	214690	279851	317517	365331	451435	443061	606937	636514	766812	807967	948709	904934	1665203	5471546	37479933	4871829	0	0	0	0.1276
6	16150432	12470292	12363651	16132381	207	207	0	0	0	239	7252	11208	11017	11618	12421	14511	16561	18133	23132	26814	32156	44538	48017	54778	78081	130233	160948	179398	222898	288516	325921	376574	457796	449354	614777	646612	782936	825476	994425	947998	1746129	5665489	37253081	4637719	0	0	0	0.0792
7	16469772	12157448	12705937	15674883	108923	108923	0	0	0	2507	14758	17387	16309	16296	16520	18112	19958	20881	26024	30127	35317	48831	51605	59528	84494	135992	167884	184707	232185	295853	332375	381892	462107	454630	621797	653883	789491	845928	1035371	998074	1835259	5842221	36682804	4576933	0	0	0	0.2853
8	16006697	12638399	11986730	16467689	17448	17448	0	0	0	697	7450	11393	11152	11828	12814	15160	17528	19059	24692	28883	34443	48824	51470	58269	85849	137935	171261	188430	237389	298412	336895	386524	464103	457488	624342	656592	794869	849828	1056446	1018676	1878620	5961496	36634880	4505818	0	0	0	0.1123
9	15915708	12476386	12172761	16552092	16	16	0	0	0	303	7471	11363	11515	12076	13393	15556	17945	19298	25430	30234	35836	51346	53346	61897	89975	142743	177551	191646	242471	300965	340031	389599	464245	459864	625894	661547	802839	868545	1093057	1070703	1965571	6116556	36234629	4511507	0	0	0	0.0830
10	16167796	12390923	12406154	16151976	114	114	0	0	0	362	7646	11436	11691	12584	13648	16079	18580	20171	26894	31155	37104	53575	55153	63465	92613	145801	179791	194163	247957	303281	342644	394284	464824	461873	627004	665862	806632	875335	1116231	1089885	2008143	6209853	36038216	4472914	0	0	0	0.0847
11	16216486	12368746	12420330	16111377	24	24	0	0	0	438	8116	11865	11927	13016	14288	17005	19915	21247	28137	32538	39294	57000	56925	66606	96798	150045	186817	198732	255268	307787	347633	399091	467420	465981	631707	670379	814432	888665	1146712	1126841	2071850	6334100	35718048	4440316	0	0	0	0.0870
12	16172874	12496494	12431409	16015983	203	203	0	0	0	534	8320	12171	12231	12867	14432	17455	20189	21559	29362	33853	40681	58896	58400	68614	99126	153910	190981	201640	261673	312182	352976	406067	473113	469128	638310	675019	816370	888452	1152834	1120853	2070936	6349867	35721182	4352577	0	0	0	0.0887
13	16202097	12443996	12460260	15960275	50335	50335	0	0	0	1809	9927	14524	14468	15638	16967	20465	23566	24604	33944	38616	44639	65378	63754	76401	107335	161460	199307	207872	270196	317710	357887	412460	472370	474465	641953	680398	824203	905825	1188018	1178640	2162273	6503023	35153660	4382873	0	0	0	0.1851
14	16141788	12444355	12444942	15971258	114620	114620	0	0	0	1747	12646	16191	16489	17463	18708	22523	25918	26847	36057	40957	47259	69250	66317	80601	111371	165429	203865	211386	276307	319261	361012	415724	474122	475931	645074	684597	829216	915420	1213797	1214375	2223828	6608041	34773040	4381574	0	0	0	0.3037
15	16099866	12559014	12490223	15943019	24841	24841	0	0	0	1619	11410	16199	16382	17835	18961	22951	26801	27311	37654	43032	48032	72450	67821	83751	114491	168996	208914	216318	282361	323388	367720	422072	478198	482546	651197	688249	835385	922564	1227293	1218967	2237439	6649292	34767640	4316883	0	0	0	0.1472
16	16098308	12532926	12539673	15918274	27782	27782	0	0	0	2426	17505	24421	24508	26274	27937	32749	38448	38275	50735	58676	63387	93541	85021	107436	137405	168538	209031	214835	282479	321428	365648	420375	473568	481062	645297	688586	833636	927257	1245460	1247781	2288706	6735753	34395265	4315732	0	0	0	0.1773
17	16074143	12524432	12593862	15895783	28743	28743	0	0	0	5806	22018	28906	28208	30288	32096	36964	43167	43459	56635	65102	68545	101240	91096	115921	145545	176454	218246	220657	291816	326421	371408	428075	475898	485353	653887	696024	842414	942506	1276766	1292819	2357572	6865233	33932761	4318914	0	0	0	0.1939
18	15978750	12657652	12556557	15868849	55155	55155	0	0	0	4267	22609	30469	29767	31880	33478	38796	44632	44763	58687	66926	70269	104571	91633	118289	147603	179600	221813	224722	298035	330050	376005	430818	479508	486580	655463	698845	843796	942498	1280722	1289358	2352681	6875615	33915479	4241581	0	0	0	0.2429
19	16004230	12611286	12636274	15834685	30488	30488	0	0	0	12710	29105	35127	33774	36434	37649	43549	50186	48269	64992	73731	75874	114356	98557	128207	157315	188794	233092	231079	309081	337906	382554	441995	485987	498372	667879	712721	860227	968871	1325724	1354077	2455547	7015520	33303574	4273640	0	0	0	0.2201
20	16027974	12555022	12610829	15810721	112417	112417	0	0	0	7674	28617	36262	36044	37889	39877	46195	52804	51478	67923	77890	79659	119606	101598	134444	163739	193637	240687	237032	318659	342236	391273	450279	489837	503047	673952	718392	866953	972471	1338635	1373882	2485789	7061052	33028286	4236748	0	0	0	0.3651
21	15991803	12645324	12643849	15778167	57820	57820	0	0	0	7290	28171	36855	35618	38203	40318	46481	53585	51809	69365	78665	80382	121303	103360	135884	165771	196387	242177	239330	322627	343463	393364	452146	491468	506949	677294	724447	873783	982623	1357533	1388105	2512992	7119832	32930936	4210627	0	0	0	0.2701
22	15952571	12579546	12669333	15661411	254102	254102	0	0	0	10264	33293	42278	40367	43647	44435	51412	59441	56591	75079	85126	85298	129302	108978	144789	173220	203366	251429	244893	332796	350097	399423	460479	495963	515777	687092	733311	884481	999994	1386458	1427718	2570675	7188443	32365302	4181644	0	0	0	0.6301
23	16067404	12597401	12702392	15724719	25047	25047	0	0	0	9734	32046	41231	40483	43958	45550	52759	61221	58376	77683	88142	88206	135021	111316	149571	177666	209989	258106	249747	341540	354590	405523	468308	501884	521195	694154	740275	891240	1003452	1404022	1440481	2587083	7249263	32410239	4147862	0	0	0	0.2303
24	15989107	12700489	12720947	15705504	916	916	0	0	0	11455	35431	44688	44428	48024	49559	56790	66286	62673	82798	94403	93121	142045	116951	157337	185507	216306	265661	255754	349564	359589	412026	476790	505746	530035	702185	753702	905859	1027835	1436499	1490474	2663992	7353367	31937311	4181856	0	0	0	0.2006
25	16049662	12674326	12751341	15640931	703	703	0	0	0	12653	37245	46728	45974	49809	50997	59352	68998	65076	86369	97629	95542	147784	119494	163614	190305	221031	272890	261411	358473	365706	420486	483682	510221	535683	710119	761290	913934	1031393	1449338	1501488	2688110	7381421	31767851	4144164	0	0	0	0.2072
26	16038218	12633102	12769924	15674764	955	955	0	0	0	14899	41571	51570	50427	54869	56098	64616	75109	70949	93163	106066	102657	157231	126657	174116	199700	231449	285555	270035	371490	373747	428293	496828	518590	548784	723694	775759	930819	1056685	1480631	1549824	2752881	7463010	31267601	4150635	0	0	0	0.2238
27	15938030	12750251	12756500	15671479	703	703	0	0	0	16432	43428	53041	52205	57567	58362	67552	78287	73404	96927	109754	107101	163520	130305	180272	206057	237084	291945	274794	379217	379826	434274	503542	523926	555083	732415	783815	935668	1064476	1500396	1574432	2792335	7516092	30994464	4148262	0	0	0	0.2312
28	15953468	12687993	12770415	15568121	136966	136966	0	0	0	19028	50028	58904	58158	63040	64113	74020	85219	79784	104929	118227	113867	174300	138784	190676	215397	245934	302836	282953	392159	387072	443434	513332	532256	566955	742253	797477	954075	1086860	1531813	1625345	2858138	7589461	30353401	4165769	0	0	0	0.4892
29	16002282	12655898	12800327	15657054	1402	1402	0	0	0	19984	49643	58801	58559	64180	65280	75217	87466	80772	106554	121456	115937	179188	139702	196239	219514	252142	308187	286786	399151	392449	449302	519921	537420	571775	749800	803831	957088	1088454	1540869	1623084	2865003	7613101	30391567	4127139	0	0	0	0.2550
30	15899538	12684310	12747847	15560483	224785	224785	0	0	0	23552	58039	66252	64286	69685	69695	80420	92648	84811	112356	126708	120176	185635	144288	202427	225381	256174	315212	291293	407275	395282	454026	527354	538870	578972	757115	810153	968510	1101073	1559535	1643697	2887830	7623414	29958020	4092014	0	0	0	0.6653
31	15950790	12653650	12834484	15493276	184763	184763	0	0	0	26765	62234	71505	69617	75281	75782	87509	101310	92594	122402	136338	128141	198246	153611	215683	236788	266865	329096	302439	422630	406868	465893	542237	552196	594535	773729	832007	988628	1128023	1592606	1694534	2953367	7693802	29452389	4086550	0	0	0	0.6147
32	15980092	12638616	12823016	15535440	139799	139799	0	0	0	28691	65734	75225	73513	80178	80515	92343	106056	97182	127937	143204	133607	206465	159741	224516	246713	274409	337180	307745	432664	413995	475627	551846	560163	603798	787478	841577	1001874	1143673	1615412	1725285	3001628	7753268	29116165	4091757	0	0	0	0.5496
33	15914591	12730609	12819121	15516538	136104	136104	0	0	0	31892	71021	80128	78369	84796	84925	97047	111820	101676	133781	149942	139936	216322	165892	235051	254697	284445	349704	316363	447970	421494	484077	563131	569649	614320	797256	851865	1014210	1154619	1634218	1748494	3029822	7772429	28804009	4085489	0	0	0	0.5598
34	15929647	12681031	12855150	15436849	214286	214286	0	0	0	32285	70602	80186	77994	85076	85329	97741	113806	102680	134853	152162	140853	218426	165539	237031	255302	285259	351629	317741	447814	421611	486422	562340	569756	615453	799392	854288	1014874	1152566	1639624	1746270	3027155	7791927	28713539	4055152	0	0	0	0.6978
35	15875300	12671871	12824430	15458079	287283	287283	0	0	0	36088	78100	86696	83946	91231	91936	104189	121015	109707	142637	160348	148871	228163	174033	247054	266004	294738	363174	326452	460484	429830	495621	577299	578106	628522	812501	873021	1034180	1179118	1668767	1784993	3076269	7827080	28207486	4042021	0	0	0	0.8471
36	15922274	12784914	12886771	15522100	904	904	0	0	0	37484	78160	88114	85801	94250	93858	108062	124907	112639	148064	167268	153461	236117	181448	256562	275268	301924	372239	334404	472220	439704	507132	588491	588164	644134	830418	890435	1055160	1201352	1697048	1828572	3136978	7902443	27995295	4088483	0	0	0	0.3540
37	15937867	12768696	12935695	15446651	28054	28054	0	0	0	41750	83889	93463	91092	100102	99976	113910	131701	118945	155355	174712	159986	246346	186405	266525	283650	311846	382142	342174	482870	446218	515558	599129	596374	651005	836518	896559	1061730	1208496	1710975	1838287	3146203	7910981	27751811	4052226	0	0	0	0.4208
38	15915824	12754687	12923238	15516812	6402	6402	0	0	0	44999	89812	98360	96826	105254	105450	121253	139572	125464	162720	183034	167353	255740	195230	277747	293516	320039	394777	352329	495661	458641	526873	613609	609186	667670	855530	916786	1086339	1237748	1737633	1887443	3209267	7957205	27234648	4086847	0	0	0	0.4021
39	15835351	12753668	12869994	15451436	206514	206514	0	0	0	49032	97058	105487	102535	111914	111023	126978	146210	131447	171053	190094	173813	266580	200913	288038	301953	325805	404121	357512	506298	465906	532671	622101	613820	673122	863702	923466	1089493	1240068	1748542	1894670	3214772	7941299	26870756	4048197	0	0	0	0.7733
40	15911911	12772913	12961752	15436704	33683	33683	0	0	0	47868	94024	103919	100816	110467	110377	126301	146000	130911	171580	192963	174507	268729	201459	289132	304580	330294	406538	359159	511181	466742	537557	625174	616444	675200	866275	929174	1094910	1244554	1757925	1903002	3226282	7982294	26917787	4059155	0	0	0	0.4670
41	15853924	12676108	12901769	15385352	299810	299810	0	0	0	57056	109976	118760	114692	123603	122085	138920	158286	142411	184082	205295	185286	282092	212574	304702	316738	342198	420555	371070	527476	476852	548897	638067	626032	689569	879587	939210	1107339	1258963	1773396	1926314	3248097	7947874	26298504	4020595	0	0	0	0.9760
42	15858547	12824535	12940375	15466859	26647	26647	0	0	0	57587	109672	118580	114425	125267	124291	141530	162924	146400	188704	211409	191725	291805	219076	314156	326874	351283	430998	380118	539451	489343	562714	652007	640831	706797	901264	962964	1134482	1288002	1806264	1974722	3310088	8021639	26047311	4045613	0	0	0	0.5036
43	15886192	12807064	12983861	15438590	1256	1256	0	0	0	63333	119530	127205	122492	134534	131869	150241	173487	154551	200276	221200	201799	303883	229823	327038	337557	361395	444474	390981	553341	501437	575055	667041	653401	724969	918323	980012	1152451	1315984	1830127	2005700	3347642	8035677	25626280	4032599	0	0	0	0.4881
44	15854501	12778829	12960391	15457656	65586	65586	0	0	0	64731	119886	127519	124004	135807	133903	151367	173557	154779	201110	223213	201169	306662	229461	330900	339971	361594	446997	391417	556124	500700	573758	668896	651974	720708	916682	977368	1146291	1306518	1826514	1987085	3326077	8022324	25629444	4022867	0	0	0	0.6040
45	15769848	12819567	12917824	15384352	225372	225372	0	0	0	70999	130538	137510	132049	143347	140781	159361	183160	162405	208769	231349	208637	316499	237808	338889	348640	370354	455850	398853	567033	510311	583203	678535	660659	731770	925711	988328	1161736	1317528	1839866	2008800	3338921	8008685	25186991	4007716	0	0	0	0.9118
46	15853884	12846647	13030174	15383037	3221	3221	0	0	0	73960	135258	142132	136617	148175	144733	165643	189051	168247	216890	241822	216350	326458	244931	351811	357681	379756	467610	408537	578812	520749	594448	690930	672559	744685	943259	1002627	1178687	1336247	1861817	2037224	3378802	8053251	24983661	4020322	0	0	0	0.5400
47	15840004	12813818	12998801	15420187	44153	44153	0	0	0	79436	144149	149833	143856	156908	153810	174162	198770	175825	227100	251154	225374	338418	255560	364631	371138	390674	481961	420298	594021	532384	607575	705753	683437	759173	958953	1019743	1197757	1357561	1884747	2066526	3409011	8044382	24547020	4001710	0	0	0	0.6390
48	15716957	12826444	12941866	15348288	283408	283408	0	0	0	81492	149578	155036	149447	161177	158086	178600	204235	180134	232206	256628	230124	345925	258213	371018	376061	395273	487557	422365	600635	534370	610938	708236	687628	761729	957071	1020512	1194472	1356540	1877030	2063109	3402722	8002651	24286044	3976713	0	0	0	1.0727
49	15858922	12845088	13042358	15332325	38270	38270	0	0	0	87835	155980	161290	154718	167846	164240	185435	211355	186529	240215	263147	236800	353907	265962	380557	384296	403350	495718	432373	610701	546173	622044	722563	699038	776835	974731	1035144	1214741	1378427	1902612	2092694	3432438	8043803	24102407	3992789	0	0	0	0.6656
50	15833305	12774993	13001812	15344361	162492	162492	0	0	0	99914	181518	187643	178296	192724	183568	209197	241405	203254	268293	295419	257536	392832	281271	420553	412323	429058	528156	453676	650279	573595	643616	755083	733783	803607	1015697	1077223	1256335	1427067	1954994	2189970	3553950	7963558	22748811	4190267	0	0	0	0.9588
