#Name	E:\SaveData\2016-10-13_11_11_05_1001160120_R0057_A_CL100007973_BGI12297_WESPE_result\\CL100007973\L02\CL100007973_L02_20_1.fq
#PhredQual	33
#ReadNum	76944555
#row_readLen	50
#col	48
#BaseNum	3847227750
#N_Count	5372181	0.139638
#GC%	43.46
#Q10%	99.36
#Q20%	97.42
#Q30%	90.21
#EstErr%	0.367540
#Pos	A	C	G	T	N	0	1	2	3	4	5	6	7	8	9	10	11	12	13	14	15	16	17	18	19	20	21	22	23	24	25	26	27	28	29	30	31	32	33	34	35	36	37	38	39	40	41	Err%
1	26861184	17174742	16930758	15976468	1403	1403	0	0	0	11444	39953	59769	51053	50155	48294	52655	55889	54453	64094	71782	73447	99395	95269	114904	131121	198839	239632	254642	321305	394578	454850	531225	648443	662416	903801	954312	1139054	1161295	1303301	1263969	2244142	6665394	49866544	6661733	0	0	0	0.1550
2	22989846	13796768	18165026	21894880	98035	98035	0	0	0	32780	67474	82695	71796	69501	66410	72506	78147	76426	89245	101664	105123	138607	136108	164135	180826	258679	308508	325665	397710	471549	526865	603058	696133	736784	939843	1013089	1205226	1331998	1594158	1683729	2849559	7703219	45647392	7019913	0	0	0	0.3422
3	21957501	16899891	15466277	22475683	145203	145203	0	0	0	25462	59287	73723	64618	64100	61263	67488	73669	72741	85168	96780	100658	132888	131183	159216	172314	251699	299838	317082	383875	463473	514567	587643	682985	722531	919188	989979	1175017	1296883	1541614	1626203	2748275	7572280	45624094	7641568	0	0	0	0.3862
4	22529501	16544647	15954483	21914549	1375	1375	0	0	0	7300	18329	23406	22292	22898	22884	25654	28362	29214	35667	41762	46103	63328	66357	77983	98655	165764	203381	226350	280446	366106	416508	481579	594959	598156	808436	855617	1030695	1090308	1258406	1227131	2218234	7112766	49936822	7441322	0	0	0	0.0965
5	22334886	16182445	16769647	21617583	39994	39994	0	0	0	357	9296	15149	14849	15634	16312	19134	21650	23494	29366	34658	40714	55399	60700	69672	94599	161989	201002	225523	280210	367684	419656	484908	598912	593897	811040	852358	1030829	1081302	1252014	1172221	2153881	7216153	50672301	6807698	0	0	0	0.1285
6	22100012	16514366	16410756	21919128	293	293	0	0	0	320	8877	14389	13984	14958	16216	18634	21213	23322	29385	34030	41001	56882	61738	70868	99345	167180	206688	231543	288325	376790	428097	495150	608261	599850	820826	864901	1046659	1103751	1304072	1219352	2245582	7465992	50432785	6513296	0	0	0	0.0766
7	22548042	16085393	16821601	21338425	151094	151094	0	0	0	3532	19206	22402	20960	21232	21079	23577	25866	26523	32898	37883	44884	62120	65953	75454	105758	174089	215431	238333	298222	384124	434829	501299	612530	603806	825985	871201	1057113	1124613	1353876	1285129	2356600	7678941	49720319	6447694	0	0	0	0.2879
8	21913619	16698774	15879790	22426187	26185	26185	0	0	0	908	9312	14481	14137	14750	16303	18950	21828	23728	31159	36021	42958	60909	65163	74149	107515	175409	217902	241213	301670	387643	439186	503855	612789	606253	828257	873960	1058317	1127961	1380394	1303198	2403827	7821945	49714271	6368049	0	0	0	0.1123
9	21811796	16457333	16122470	22552952	4	4	0	0	0	322	9165	14351	13972	15101	16613	19467	22510	24838	31884	36997	44905	63898	67422	76592	111340	179828	222757	246115	308485	389926	440814	508101	612217	607643	828867	875142	1065505	1148204	1418089	1359387	2504646	8025727	49245183	6388538	0	0	0	0.0789
10	22147662	16372655	16422297	22001786	155	155	0	0	0	402	9290	14555	14513	15453	16938	20157	22911	25312	32897	38318	46339	65312	68149	79278	114139	182798	226425	247738	312027	391799	443276	510980	610105	610173	830242	878384	1066554	1153256	1444207	1382660	2553402	8138446	49026105	6351860	0	0	0	0.0803
11	22249007	16327891	16438027	21929603	27	27	0	0	0	484	9733	14664	15009	16158	17719	20868	24336	25915	34678	40158	48491	68463	70817	82371	118789	186283	231840	252880	319496	396466	448487	514964	611629	610392	830789	882067	1074361	1167827	1478667	1426182	2628539	8290232	48661233	6323541	0	0	0	0.0820
12	22177809	16492991	16459977	21813460	318	318	0	0	0	617	10041	14949	15311	16162	17851	20993	24485	26385	35215	40686	49192	70794	72299	84395	121660	191173	235999	256004	326265	399475	453974	523077	618546	613596	837290	885833	1076560	1167194	1482139	1413392	2617310	8300640	48718215	6206520	0	0	0	0.0834
13	22242007	16413231	16461520	21755178	72619	72619	0	0	0	2500	11696	17598	17534	19163	20729	24920	28423	30354	40173	46374	54298	78123	77810	92368	130086	198995	246768	261771	336353	405691	458227	528385	617515	617711	837203	888077	1079988	1181958	1522997	1483998	2735186	8503264	48007836	6267864	0	0	0	0.1847
14	22145533	16441431	16455217	21742808	159566	159566	0	0	0	2043	15212	20587	20084	21182	22809	26771	30730	32532	42720	49244	56838	82807	81027	96579	133794	202768	250161	265638	341018	407299	460219	530165	614730	620161	839472	891445	1082182	1192466	1553145	1523380	2805396	8651929	47536703	6281753	0	0	0	0.3029
15	22094725	16583739	16516696	21713462	35933	35933	0	0	0	1566	13681	19353	19528	21149	22791	27102	31514	32828	44088	50727	58198	84765	82100	98921	137832	205920	255314	268294	346732	411214	466733	536904	621257	623404	844130	894822	1089040	1198751	1567964	1529233	2814894	8691198	47596792	6199883	0	0	0	0.1417
16	22080678	16555286	16574478	21695112	39001	39001	0	0	0	2375	20603	29362	29231	31354	32760	38554	44124	45230	59495	68757	75439	108767	102792	126768	164993	205063	253953	267367	346139	407120	464007	531681	613505	618728	835518	890566	1083720	1200605	1584798	1561635	2877163	8814703	47172739	6195940	0	0	0	0.1671
17	22058689	16550030	16644529	21650239	41068	41068	0	0	0	6396	25944	34491	33543	35906	37210	43343	49669	50718	65834	75145	81665	117777	109281	136755	173602	212687	264112	273458	356845	411545	470977	540036	616073	625282	842669	896471	1093532	1216963	1622694	1622003	2972565	8970812	46599538	6217946	0	0	0	0.1824
18	21943944	16691274	16618297	21613673	77367	77367	0	0	0	4374	26576	35918	35226	37722	39387	44922	51526	52046	67474	76538	82876	120136	110725	138762	175692	216263	267712	276962	361722	415457	474342	544095	619822	626108	845147	897554	1093293	1213678	1627479	1606357	2955189	8979193	46639056	6107859	0	0	0	0.2316
19	21965711	16623155	16728404	21583978	43307	43307	0	0	0	14332	34020	41326	39286	41974	43387	50023	57475	57163	73941	84429	89128	130438	117979	148771	185440	225688	279591	285380	374504	423827	483046	557215	624100	637388	853613	911103	1111474	1243317	1680715	1692420	3094897	9193437	45868370	6152051	0	0	0	0.2042
20	22016894	16554636	16708480	21509830	154715	154715	0	0	0	7979	32804	42325	41445	44641	45843	52612	60178	59673	77095	88132	92879	137060	121334	154930	192706	232972	287826	291381	385477	429824	488344	565188	628958	642185	862356	917717	1113549	1249734	1692367	1714788	3128042	9237187	45553697	6116612	0	0	0	0.3493
21	21957491	16658225	16753490	21494069	81280	81280	0	0	0	7353	32024	42062	41239	44029	45846	52970	60144	59321	77675	88955	93198	137855	121800	156329	193681	234220	289203	292657	388309	431248	491766	566454	630071	645081	863664	920742	1122071	1259233	1712418	1728136	3161708	9323333	45470027	6078453	0	0	0	0.2533
22	21914040	16590878	16754988	21330833	353816	353816	0	0	0	10764	38574	48914	46644	49672	50446	58086	66543	64193	84129	96267	99704	146765	128954	165119	202817	242202	299534	299711	399053	438313	499022	575617	632577	654362	872071	931729	1131525	1276552	1750127	1781460	3237538	9419051	44753895	6038809	0	0	0	0.6216
23	22075084	16599586	16825306	21408494	36085	36085	0	0	0	9602	36019	47095	46333	49542	51076	58804	68103	66257	86755	98285	101101	151744	130149	170396	207342	248081	306535	305404	408122	444097	507006	583801	638217	660369	880122	939238	1137403	1281187	1763172	1789804	3264218	9508148	44873682	5991261	0	0	0	0.2080
24	21980402	16739684	16857552	21365645	1272	1272	0	0	0	11280	39835	51101	49584	53862	55195	63824	73208	71318	91886	104266	107185	159895	136874	178465	216232	256514	315231	312282	416584	449868	513081	591208	644321	669850	888622	952427	1156808	1310395	1807591	1856250	3363003	9649311	44277693	6048234	0	0	0	0.1726
25	22061608	16703890	16896987	21281216	854	854	0	0	0	12620	41319	52943	51490	55597	56752	65656	75592	73030	95543	108989	110254	165020	140636	184571	222038	261752	323176	317647	426850	455154	519665	599652	649695	674407	896927	958934	1160652	1312693	1822744	1870060	3388700	9695030	44107684	5990229	0	0	0	0.1772
26	22022884	16670475	16926816	21323135	1245	1245	0	0	0	14915	46376	57474	56687	61117	62591	71834	82463	79020	103372	117664	117427	175731	147755	196029	231197	272712	335291	327129	441152	465299	530989	614457	657097	689421	912197	975274	1182375	1343629	1866037	1934138	3477918	9811060	43478318	6007165	0	0	0	0.1908
27	21909119	16804280	16897847	21332440	869	869	0	0	0	16378	47750	59523	58251	62587	64275	74085	85715	82495	107201	121319	120974	182339	152307	202171	238572	279522	343979	333054	451076	470495	537556	619707	663318	696264	918224	984914	1188440	1354436	1885675	1967082	3529418	9889913	43150828	6003843	0	0	0	0.1958
28	21917366	16744248	16895144	21199679	188118	188118	0	0	0	19128	55205	66727	64168	68854	70719	81040	92664	88584	115458	130306	129167	193258	161437	215420	250401	289109	356060	343043	463796	479504	547261	633434	670642	710473	931759	999544	1209743	1379769	1923310	2034096	3628628	10016897	42308603	6028230	0	0	0	0.4550
29	21987157	16702826	16946311	21306421	1840	1840	0	0	0	20263	54668	66251	64432	69736	71263	82095	95570	90227	117301	132986	131559	198506	162876	219179	255084	294699	362707	347434	473569	484355	554609	641306	676770	714491	938895	1007594	1214726	1377075	1933510	2030344	3634637	10039926	42411515	5972557	0	0	0	0.2151
30	21856005	16715706	16873589	21184815	314440	314440	0	0	0	24337	64643	74410	71477	75902	76452	87615	100012	94342	123088	139243	135979	204734	167183	226559	260954	299145	369839	353692	481582	488172	558397	646952	679135	721826	944269	1015887	1222876	1395389	1957293	2059082	3667977	10069779	41855030	5916863	0	0	0	0.6374
31	21927368	16676420	16980999	21105115	254653	254653	0	0	0	27143	68063	78996	76202	82293	83209	94960	109635	102298	133464	149948	146460	219488	178063	241029	275010	313792	386419	365275	498976	501558	573115	665507	693936	740577	969301	1038404	1251689	1431808	2007280	2130188	3762775	10181186	41195035	5916820	0	0	0	0.5742
32	21962362	16652751	16970984	21164040	194418	194418	0	0	0	28939	72671	83448	81015	86727	88351	100258	114936	107642	139819	157475	152476	228864	185956	251622	283567	321450	397630	372881	511781	510086	585243	673841	703608	752833	981416	1051791	1267585	1448881	2039382	2174946	3827656	10274064	40766597	5924700	0	0	0	0.5074
33	21885213	16771493	16969824	21131244	186781	186781	0	0	0	32571	77507	88571	85606	92138	92505	105877	122119	112230	146786	165203	158612	240051	191908	263408	294189	332870	408928	383311	527540	520945	595308	688598	712679	766918	994563	1068125	1279083	1465467	2062159	2203887	3874554	10318605	40377203	5907750	0	0	0	0.5105
34	21882401	16706930	16997479	21064200	293545	293545	0	0	0	32626	77140	87642	85283	92361	93083	106484	121804	112753	147377	165481	159434	241143	191502	264847	296243	333102	411582	384206	529396	521240	596876	692268	711012	763239	995646	1068049	1280417	1462299	2065251	2200902	3871817	10342028	40283454	5863023	0	0	0	0.6492
35	21789776	16703239	16970914	21077691	402935	402935	0	0	0	36853	85213	95234	92404	99276	99507	113588	130335	119736	156839	175461	167605	251972	199832	275889	307413	343636	422646	393127	542784	529162	608175	704245	721931	781621	1011203	1087207	1304226	1497421	2105721	2256376	3944034	10411769	39617725	5851454	0	0	0	0.8092
36	21894064	16847783	17053203	21148504	1001	1001	0	0	0	37407	83636	96136	93113	100555	102859	117591	134222	124697	162221	181778	174112	260630	208895	287895	317715	352304	435693	402882	555713	542254	621265	719751	735959	798237	1032234	1110321	1331032	1528755	2143823	2313858	4031106	10535093	39367636	5902176	0	0	0	0.2918
37	21894531	16828637	17094617	21088660	38110	38110	0	0	0	41719	90742	102109	98728	107094	107528	123771	141779	130636	170306	190320	181264	271939	214984	297365	326601	362497	447485	411229	570195	550277	631628	730451	747223	807297	1044922	1118135	1338343	1535525	2162137	2335077	4051566	10549203	39059191	5857179	0	0	0	0.3554
38	21872736	16816656	17099436	21147278	8449	8449	0	0	0	44530	95487	107051	103812	113189	114301	130004	149939	138086	177774	199313	190434	282268	225877	311069	339562	373240	461591	423968	585283	564306	644355	747302	758872	829984	1066505	1145850	1369103	1569537	2205574	2404080	4143963	10638838	38373746	5907313	0	0	0	0.3311
39	21770477	16793079	17030250	21063114	287635	287635	0	0	0	49219	103534	115040	111304	120568	121680	137481	158013	145633	186381	208955	197627	295516	232493	322136	349745	383667	473161	431791	598868	572288	653839	758168	765430	836642	1072764	1154543	1375061	1578275	2215817	2417710	4162249	10626423	37873090	5851809	0	0	0	0.7122
40	21864886	16832948	17133290	21066666	46765	46765	0	0	0	47875	100170	112245	108577	118842	118559	135647	157060	143415	186848	208978	196734	296924	233294	323619	352537	386343	476616	433299	604055	573551	658151	762910	769359	841145	1079306	1159392	1379747	1580801	2227739	2423942	4175442	10684710	37978529	5861429	0	0	0	0.3945
41	21769377	16715351	17073773	20971089	414965	414965	0	0	0	59085	120076	130885	125828	134248	133697	151240	171922	156590	201871	225570	210128	313749	246275	342809	367309	400501	492917	447208	621800	588473	672051	777710	781205	858031	1096353	1175098	1400917	1604706	2251847	2458137	4214862	10659065	37125096	5812331	0	0	0	0.9125
42	21820542	16892619	17107674	21085567	38153	38153	0	0	0	58236	116668	127905	124001	135075	134446	153435	175588	161347	207006	232115	217850	322959	254635	354239	378791	412166	506978	459216	638174	601546	688413	798810	799576	881562	1121719	1202566	1434837	1648178	2298519	2531933	4306524	10776759	36804540	5840090	0	0	0	0.4238
43	21826447	16872228	17167829	21076672	1379	1379	0	0	0	63243	126988	137939	132441	143929	143374	162522	186961	170314	217522	242937	228989	337521	267695	369180	392639	423370	522374	474355	652314	617432	706171	815774	816104	904156	1146321	1227724	1464875	1681429	2340948	2578266	4364581	10819497	36236790	5826501	0	0	0	0.3986
44	21797039	16831197	17132753	21091952	91614	91614	0	0	0	64840	127267	136689	133128	143860	143589	164473	187506	171345	218810	245561	228958	339810	266072	370757	393858	425357	525012	471939	657272	613741	703419	816204	813983	897569	1141831	1223371	1454160	1667125	2333904	2556810	4333193	10807770	36274568	5799190	0	0	0	0.5173
45	21679519	16881818	17079834	20993923	309461	309461	0	0	0	71815	140047	149666	143230	154780	153172	172920	198463	179426	229404	256978	237701	350786	276064	382644	404266	435728	534892	482217	668648	625893	714149	827339	824210	911988	1157727	1237221	1475083	1689843	2351082	2587697	4369169	10797539	35661787	5781520	0	0	0	0.8261
46	21799848	16926366	17210911	21003303	4127	4127	0	0	0	73820	143641	152165	147520	159407	157421	178561	204860	185806	237758	264151	245830	362736	284318	395804	416386	447153	550958	493590	685680	638329	728733	844741	840383	932096	1177419	1258469	1498108	1716468	2385163	2632059	4424748	10871760	35405702	5798685	0	0	0	0.4405
47	21766849	16890767	17188612	21034004	64323	64323	0	0	0	79689	153491	162253	155929	168860	166183	189265	215000	194570	249328	277015	257200	377422	295622	411785	431582	459601	568175	507702	703425	653485	745022	864030	855277	952561	1199589	1280336	1521466	1745219	2417755	2677822	4481174	10879255	34802544	5780600	0	0	0	0.5419
48	21593085	16908269	17106838	20944926	391437	391437	0	0	0	82312	160435	167493	161082	172710	171195	195226	221274	199753	255060	283892	262495	387466	300804	419878	438483	466102	575922	512528	713594	660307	748316	870528	860168	952349	1200070	1283234	1520499	1739776	2414828	2674658	4470720	10834877	34440343	5734741	0	0	0	0.9797
49	21795261	16931680	17228961	20936041	52612	52612	0	0	0	87786	166726	174051	167495	180763	177952	201150	228505	206972	264359	291906	270554	395636	310428	431183	451246	475967	586860	524396	725879	671505	763389	885281	874104	969996	1222107	1305460	1549369	1773180	2445730	2715359	4521099	10904548	34210346	5760656	0	0	0	0.5566
50	21763944	16832981	17195370	20929923	222337	222337	0	0	0	100206	196328	206611	195029	210402	202722	231090	263313	229169	298392	328861	297747	441320	334687	478162	487229	510201	628158	556944	776099	713149	797771	929975	921093	1017046	1280236	1363704	1613145	1851026	2530287	2863465	4707359	10818658	32344928	5997706	0	0	0	0.8441
