#Name	E:\SaveData\2016-10-13_11_11_05_1001160120_R0057_A_CL100007973_BGI12297_WESPE_result\\CL100007973\L02\CL100007973_L02_22_1.fq
#PhredQual	33
#ReadNum	66276376
#row_readLen	50
#col	48
#BaseNum	3313818800
#N_Count	4507296	0.136015
#GC%	47.25
#Q10%	99.19
#Q20%	96.67
#Q30%	88.43
#EstErr%	0.428437
#Pos	A	C	G	T	N	0	1	2	3	4	5	6	7	8	9	10	11	12	13	14	15	16	17	18	19	20	21	22	23	24	25	26	27	28	29	30	31	32	33	34	35	36	37	38	39	40	41	Err%
1	21268625	16044512	15901492	13060647	1100	1100	0	0	0	9331	32563	48797	41131	40692	39381	42317	45425	43752	51941	57400	58932	79507	76126	92062	106057	160898	195170	208121	261256	323047	371655	434659	533647	547957	757047	810147	987607	1019712	1122043	1058026	1894576	5846234	42804829	6073231	0	0	0	0.1474
2	18494430	13016303	16903823	17778223	83597	83597	0	0	0	28115	57495	70697	60223	58687	55461	61275	66115	64732	75946	86147	89151	118291	115759	139048	153342	218589	261615	275385	337727	398881	444135	509858	586775	623595	798997	865604	1042144	1161469	1395351	1455414	2472696	6821614	38993778	6228668	0	0	0	0.3381
3	17736469	15662708	14482190	18273554	121455	121455	0	0	0	22748	53190	65366	56727	56352	53923	59859	64901	63422	74619	85296	88890	116411	114987	138400	150071	218204	258424	274138	333349	397444	441747	503630	583667	618770	788391	852785	1019394	1134658	1356999	1428374	2424133	6727561	38897894	6630197	0	0	0	0.3849
4	18219208	15421483	14803944	17830520	1221	1221	0	0	0	6660	16335	20877	19784	20297	20083	22715	25142	25459	31646	36857	41049	56030	57844	68229	88284	145151	179661	197766	245616	316429	360486	414070	505948	509683	689707	733744	895575	957794	1120437	1093797	1985304	6386087	42633996	6346613	0	0	0	0.0984
5	18019726	15120905	15416658	17686964	32123	32123	0	0	0	421	8479	13503	13387	14093	15017	17182	19556	21051	26662	31137	36374	50299	53747	61420	86781	144563	178656	199059	247621	320994	364075	419464	514193	507292	695236	735456	896199	951180	1120411	1056603	1951284	6501383	43243048	5728427	0	0	0	0.1271
6	17708630	15466981	15196152	17904375	238	238	0	0	0	406	8280	12952	12824	13538	14597	17001	19488	20989	27110	31353	37643	52421	55848	63579	91809	150546	186399	205939	257723	331195	374749	431816	524076	515547	710858	747794	912701	973718	1174010	1108688	2051379	6723469	42981557	5434136	0	0	0	0.0794
7	18127539	15050093	15582837	17390494	125413	125413	0	0	0	2824	17166	20325	19112	19416	19419	21784	23965	24764	31157	35738	42178	58816	60940	69638	100172	158826	196979	215981	271856	342604	384034	443461	532169	524865	718641	759733	928236	994648	1225286	1179262	2169239	6926790	42296364	5314575	0	0	0	0.2847
8	17613554	15622662	14821296	18198076	20788	20788	0	0	0	880	9133	13365	13259	14394	15185	17971	20763	22278	29768	34109	41401	58646	60244	69451	102564	162438	201700	219285	277808	345175	390633	449875	536221	527277	725104	764629	929923	1001652	1256767	1202160	2224956	7050502	42248454	5217618	0	0	0	0.1144
9	17534099	15418971	15101345	18221947	14	14	0	0	0	521	9205	13630	13494	14709	15938	19384	21957	23384	31746	36594	43471	62399	63771	73614	108594	168498	208897	225289	287799	352967	396923	457619	538827	533390	730445	773192	940009	1023824	1300598	1270027	2335912	7245679	41755316	5178740	0	0	0	0.0851
10	17803538	15304474	15409582	17758644	138	138	0	0	0	665	9380	13994	14239	15328	16380	19778	23133	24129	32961	37909	44975	65827	65802	77032	113064	173667	214917	230110	295451	356636	402990	463395	540793	536990	734523	778068	946067	1034996	1326479	1301291	2394865	7340633	41523597	5106174	0	0	0	0.0874
11	17859255	15259518	15408187	17749393	23	23	0	0	0	801	9963	14937	14996	16146	17250	21253	24454	25929	35564	40478	48145	70403	68861	81661	118021	179397	223383	236545	304361	363661	408859	472141	546007	545232	740986	787538	956371	1050642	1363036	1350330	2481007	7485228	41135154	5037613	0	0	0	0.0905
12	17777612	15416213	15423461	17658885	205	205	0	0	0	962	10483	14871	15234	16432	18197	21936	25386	26764	36979	42074	49793	72975	71306	84467	122660	185029	229804	241129	314855	369293	417679	480057	554536	548766	749795	794676	960144	1049077	1370827	1351289	2486881	7506042	41122533	4913240	0	0	0	0.0928
13	17878966	15337951	15467915	17532363	59181	59181	0	0	0	2677	12461	17742	17888	19539	21181	25759	29631	30460	42906	48533	55569	81949	77310	93767	132764	195535	241382	250938	328469	378166	425810	491496	557228	558015	758289	802862	971064	1073148	1417960	1421979	2606621	7670384	40437556	4920157	0	0	0	0.1912
14	17807281	15331435	15422183	17585109	130368	130368	0	0	0	2499	15649	20454	20011	22046	23266	28033	32559	33507	45516	52074	58385	87450	81339	100618	138479	200578	247929	254386	336294	381292	430883	496879	559029	563127	762648	809484	981534	1086891	1449969	1469636	2684475	7795553	39988394	4885142	0	0	0	0.3051
15	17712908	15490976	15490427	17552685	29380	29380	0	0	0	2376	14522	20062	20394	22407	23653	28848	33770	34510	47916	54526	60404	91738	84045	104776	143442	207397	255307	260877	344836	388460	440052	506309	566045	570049	772132	819386	987175	1092007	1467949	1482117	2706836	7840276	39951537	4800860	0	0	0	0.1540
16	17753189	15444284	15568647	17478175	32081	32081	0	0	0	3600	21487	29506	29746	32194	34190	40586	47390	47271	63587	73163	78067	117832	103656	134025	170926	207056	257063	260243	347269	386677	439771	507688	563538	569543	768996	816706	989852	1100032	1489781	1518560	2772602	7943202	39509099	4769391	0	0	0	0.1835
17	17721193	15428775	15586760	17505946	33702	33702	0	0	0	7621	26741	35135	34283	37617	39083	45795	53520	53300	70832	80257	85343	128606	111072	144255	180985	217325	269734	269331	359667	395083	448174	515938	569027	579431	781574	830481	1001697	1121198	1528950	1576988	2867039	8070724	38952493	4753375	0	0	0	0.2018
18	17591613	15592139	15574447	17457172	61005	61005	0	0	0	5967	27533	36047	35918	39083	40933	48306	55950	54224	73814	84192	86908	132302	113190	148545	184880	222864	274540	271682	367927	397617	453086	522733	572313	580626	783499	834198	1002718	1117838	1535483	1573164	2863823	8081265	38936776	4655427	0	0	0	0.2458
19	17656097	15512266	15697771	17374488	35754	35754	0	0	0	15896	35523	42684	40708	44844	45962	54473	63186	60926	81459	92265	94909	144205	121540	161428	197654	234069	289319	283339	383663	409011	464760	537489	581756	598409	801222	853767	1027906	1154040	1589764	1655929	2989342	8241110	38187141	4660924	0	0	0	0.2299
20	17649801	15457903	15646727	17392171	129774	129774	0	0	0	10311	34781	43607	43474	47093	49510	57228	66549	63979	86486	97955	98696	152069	126562	169983	205562	242563	298529	291266	398169	416289	474885	549857	587793	607085	811291	863376	1035919	1160302	1606373	1678596	3030543	8288119	37858507	4593295	0	0	0	0.3738
21	17591825	15584259	15690841	17342525	66926	66926	0	0	0	10013	34845	44162	44103	47811	50077	58449	67787	65102	87843	99609	100181	155130	127971	172483	209060	245412	303012	294756	402214	418736	479077	553254	591759	612634	817590	872906	1046275	1176022	1631403	1705886	3071082	8347895	37707273	4557638	0	0	0	0.2809
22	17601948	15491147	15722362	17161715	299204	299204	0	0	0	13911	41011	50957	49914	54561	55333	64748	75673	71032	95610	108639	107781	166601	135479	184631	219321	255836	315547	303624	415681	427792	490237	565870	599330	623155	828329	884954	1058843	1196016	1666847	1753133	3145503	8415895	37031985	4503393	0	0	0	0.6493
23	17688790	15495991	15762104	17299929	29562	29562	0	0	0	13176	40397	50096	50037	54867	57289	66833	78052	73609	98956	113047	111014	173847	138669	191494	225706	263755	325378	309508	429197	435612	498355	576736	606160	630172	838419	896394	1070386	1205695	1690842	1772586	3179205	8491140	37046220	4443965	0	0	0	0.2447
24	17594748	15657298	15768220	17254938	1172	1172	0	0	0	15580	44267	54969	54251	59728	61614	72425	83819	79307	106536	120797	117811	182898	146327	201486	235672	272700	335563	317908	441025	442164	508142	586160	615288	645433	854118	913879	1090470	1234793	1729619	1838499	3270382	8596363	36480673	4464538	0	0	0	0.2155
25	17647568	15624055	15845065	17158903	785	785	0	0	0	17189	46453	57379	56951	62621	64251	75197	88095	82050	110901	126202	122402	191494	150239	208997	242750	280179	345657	324024	452796	450269	516455	597779	622370	652296	865536	924230	1099816	1240201	1749256	1857567	3299254	8635917	36251477	4407341	0	0	0	0.2232
26	17648517	15573685	15837692	17215341	1141	1141	0	0	0	20322	52663	62888	62584	69476	71149	82738	96132	89199	120355	137195	130650	203719	159922	224180	255430	292135	361564	336857	469324	461797	530267	613897	633465	671100	884527	945582	1126457	1273605	1793880	1918118	3382431	8717494	35628870	4395263	0	0	0	0.2422
27	17531424	15713772	15833765	17196652	763	763	0	0	0	22217	54646	65141	65259	71741	73791	86463	100799	93182	125758	142386	135482	212735	164556	231926	264254	300648	369561	342745	481663	469670	539727	624782	640706	678784	896654	957133	1135603	1287150	1816830	1945870	3428033	8765982	35306864	4376872	0	0	0	0.2503
28	17543896	15633236	15868347	17064211	166686	166686	0	0	0	25717	61848	72948	72126	79038	81065	93744	109739	101240	135037	152753	144437	225256	173653	247691	276660	311952	385776	354254	498218	478211	550423	639232	652708	694407	909850	976043	1157041	1313105	1850099	2005728	3505186	8843826	34550843	4379836	0	0	0	0.5212
29	17606405	15597966	15896095	17174371	1539	1539	0	0	0	26859	62469	73335	72842	80727	82901	95842	112416	103313	138969	157882	147316	233244	177351	253455	281666	320834	393471	360293	509278	486132	559659	647897	658047	701937	919822	982821	1163060	1317353	1865491	2011960	3520501	8860653	34569557	4325484	0	0	0	0.2769
30	17468082	15654540	15837443	17058785	257526	257526	0	0	0	30865	72246	81972	80028	88132	87976	102200	119737	108982	145540	163233	153456	242771	183170	263024	289687	325994	401655	365495	518319	491734	565470	656330	663498	710600	930607	994265	1178806	1333028	1889387	2036224	3553640	8874340	34037281	4279158	0	0	0	0.6832
31	17546083	15616775	15938468	16962184	212866	212866	0	0	0	35226	78178	88639	87575	96294	96166	112257	131106	117625	157450	177712	164487	257910	195708	280438	306567	338805	419067	379998	539484	506453	581507	677547	680033	732345	956228	1020067	1207337	1366702	1934830	2098151	3629814	8939286	33411654	4260864	0	0	0	0.6384
32	17578094	15570422	15926543	17040107	161210	161210	0	0	0	38482	82981	93243	92100	101578	102374	117990	137661	124126	165788	186704	171488	270004	202864	291745	317301	350536	432791	388301	553687	515707	596512	689966	689740	746874	970781	1036309	1222392	1385965	1959659	2139038	3688058	8998518	33001602	4252301	0	0	0	0.5760
33	17475506	15712678	15924234	16998307	165651	165651	0	0	0	42863	89210	100003	97832	108305	108211	124315	145607	130432	174711	196288	179025	282831	209802	304771	327491	363459	448213	398758	570415	526199	608086	705338	698835	758280	984153	1052813	1240869	1402461	1984295	2165475	3723185	9010289	32618483	4229422	0	0	0	0.6015
34	17500746	15651417	15985991	16892827	245395	245395	0	0	0	42773	89034	99599	98112	107460	108768	125422	146718	131900	176163	197975	180837	286749	211143	308743	330261	365888	451115	400263	575137	527253	607569	706418	702606	758779	987149	1055947	1242689	1403949	1993133	2166779	3732600	9024724	32490974	4196352	0	0	0	0.7227
35	17454609	15600025	15927674	16949586	344482	344482	0	0	0	48066	98613	108720	106859	116858	117084	135187	156867	140737	187431	209811	190474	299938	222303	322736	344101	376789	466534	411823	591310	538745	623962	723703	716095	779280	1008571	1079435	1267751	1436387	2029029	2216043	3786224	9050338	31857846	4166244	0	0	0	0.8978
36	17467649	15779898	16019754	17008085	990	990	0	0	0	49952	99472	110897	108858	120254	121428	140247	162728	146549	194280	217389	198604	309398	230500	335135	354464	388593	479695	424905	606997	554096	637783	741568	730588	798313	1027845	1100615	1293434	1466291	2065006	2268199	3853178	9136458	31602068	4199599	0	0	0	0.3897
37	17516939	15753187	16093805	16880470	31975	31975	0	0	0	55239	106740	118276	116601	128289	128576	147956	172848	153643	203684	228558	205836	323561	237952	348614	364981	399778	493395	432957	623840	561851	648770	753640	740074	808047	1041203	1112669	1302151	1476232	2081013	2282847	3871325	9134552	31283095	4155608	0	0	0	0.4583
38	17498194	15703063	16078892	16989090	7137	7137	0	0	0	59587	114624	125096	122830	135670	136512	156316	181570	162652	214601	240090	217553	336990	250498	362738	381201	411830	508978	446479	640410	577261	665379	772826	757640	831073	1062921	1138585	1335092	1513696	2118609	2341023	3935958	9166049	30671780	4175122	0	0	0	0.4427
39	17379505	15751184	16017399	16889853	238435	238435	0	0	0	65298	122863	132748	130753	144599	143609	163999	190839	169720	222701	250296	224542	349952	257412	376017	389638	422100	519625	453655	652678	584923	673414	783597	763501	840283	1074250	1146639	1341692	1517722	2124958	2352582	3941333	9141492	30235757	4132754	0	0	0	0.8140
40	17488054	15760013	16123479	16865948	38882	38882	0	0	0	63349	120162	130176	129084	142454	141722	163131	190460	168848	224540	250121	225061	352955	258922	378743	394544	424118	525497	457912	658938	589200	678404	789746	768328	840698	1080872	1153996	1348584	1522134	2138115	2359716	3968690	9178200	30281709	4138365	0	0	0	0.5087
41	17420455	15634133	16036362	16832724	352702	352702	0	0	0	75481	140081	149227	145680	159999	157304	180225	206778	183534	240663	267868	239688	372907	272525	399381	410795	440683	543367	470124	678018	600614	692538	805566	780051	859095	1098517	1171858	1364058	1543762	2158300	2385019	3986492	9122911	29528470	4092095	0	0	0	1.0302
42	17406054	15815701	16120188	16902935	31498	31498	0	0	0	76955	141085	149698	146744	162133	160564	184417	212802	189339	248812	276825	248196	383174	282388	413451	422921	453606	558938	483489	695057	616440	708782	825146	798768	882722	1125624	1197897	1395967	1580850	2198265	2440645	4055691	9201789	29220259	4105439	0	0	0	0.5544
43	17450874	15793190	16188691	16842069	1552	1552	0	0	0	84719	153793	162371	157339	173307	171811	196898	226737	201721	260893	291393	261212	399023	295340	429539	440008	465699	575004	498655	713391	633605	727276	845491	817782	905710	1146173	1221255	1425990	1611603	2232106	2480593	4090287	9193143	28701840	4083117	0	0	0	0.5427
44	17431248	15723642	16140116	16904499	76871	76871	0	0	0	85995	154728	162249	159141	175320	172584	198652	228387	202540	264631	295749	261971	404413	295166	434038	442407	468237	578694	497606	718116	632249	726949	845951	816892	901573	1145610	1218452	1419047	1600234	2228091	2465776	4074532	9181519	28676131	4065875	0	0	0	0.6602
45	17316995	15808375	16082026	16810678	258302	258302	0	0	0	94368	168655	174863	169906	186353	182518	207847	239928	211018	275327	306072	271490	417124	305246	446501	453460	478096	590940	508488	730816	643617	738752	859676	826468	916293	1160402	1232806	1435384	1618555	2243163	2490454	4086827	9147025	28157441	4042195	0	0	0	0.9656
46	17407934	15856107	16224488	16784064	3783	3783	0	0	0	98631	173473	180326	175988	192868	189073	216387	249490	218364	284444	316718	280013	429759	315272	461714	466144	490524	606054	519774	748252	657201	753715	876397	844106	933297	1179273	1252472	1456294	1644496	2270995	2523931	4133873	9182477	27901682	4049116	0	0	0	0.6004
47	17405901	15797547	16187535	16833143	52250	52250	0	0	0	105550	185984	191943	186054	204165	199919	227808	262271	229651	297867	330797	293344	446513	328938	477917	481627	504164	623662	534205	766355	672744	770214	894007	860135	952353	1200012	1273153	1479002	1666586	2292362	2556919	4161373	9157907	27382354	4026271	0	0	0	0.7054
48	17259573	15818833	16117144	16752853	327973	327973	0	0	0	109126	192289	198531	192137	209997	204484	233508	267960	235113	305590	337573	298419	454264	333491	486999	488756	510754	630955	538527	776124	677158	772834	901540	861315	954490	1203140	1275471	1477967	1660000	2289829	2549712	4154856	9099341	27067818	3998335	0	0	0	1.1375
49	17423692	15850651	16231480	16725711	44842	44842	0	0	0	115300	202201	206704	199451	217624	212518	242535	278236	244015	314407	348636	308099	466375	344204	499960	500911	521569	644941	551719	790283	690547	789320	915586	878534	974818	1224508	1295936	1501553	1689376	2318289	2582287	4188990	9136474	26830374	4005254	0	0	0	0.7350
50	17380532	15744968	16192668	16770572	187636	187636	0	0	0	132384	235389	243002	230833	253417	239620	273291	317514	265403	354208	387542	334329	516732	362186	550800	537441	552642	684671	578789	838703	725129	814370	956057	918708	1004652	1269757	1338601	1549101	1746638	2371317	2673695	4292038	9023144	25307899	4208738	0	0	0	1.0380
