#Name	E:\SaveData\2016-10-13_11_11_05_1001160120_R0057_A_CL100007973_BGI12297_WESPE_result\\CL100007973\L02\CL100007973_L02_18_2.fq
#PhredQual	33
#ReadNum	57116963
#row_readLen	50
#col	48
#BaseNum	2855848150
#N_Count	4136072	0.144828
#GC%	44.67
#Q10%	97.19
#Q20%	89.94
#Q30%	76.20
#EstErr%	1.111043
#Pos	A	C	G	T	N	0	1	2	3	4	5	6	7	8	9	10	11	12	13	14	15	16	17	18	19	20	21	22	23	24	25	26	27	28	29	30	31	32	33	34	35	36	37	38	39	40	41	Err%
1	18647552	13670805	12846826	11763373	188407	188407	0	0	0	5929	31463	43399	46932	57631	65445	132900	165867	143394	222832	251790	220671	394369	235677	433144	406860	472404	552795	476405	748086	593983	699549	823446	800566	820315	1108354	1149743	1292221	1406561	2092703	2063689	3363236	7991821	24822240	2792136	0	0	0	0.6458
2	15857916	10850985	13592522	16814936	604	604	0	0	0	29207	74876	93790	99916	119031	122371	203013	251306	206797	295303	333950	272463	476112	286196	505834	458937	516550	613524	512073	790474	621499	739239	861415	810194	870567	1132841	1176733	1321478	1447482	2095734	2126587	3423568	8008689	23457364	2761246	0	0	0	0.4850
3	15147782	13230791	11400539	17303515	34336	34336	0	0	0	29176	72408	90423	93558	110984	108500	197885	245258	191476	298398	329968	269163	481213	276091	514965	470072	512031	617986	510379	807409	639516	726959	868550	830590	846050	1136777	1175722	1315295	1430306	2105033	2109548	3384644	8020751	23424200	2841343	0	0	0	0.5306
4	15533957	12810654	11847490	16857589	67273	67273	0	0	0	46155	97055	112421	112701	128707	126111	211351	257457	207927	302619	338757	276456	481384	286799	513806	469822	512976	617641	510658	795604	635896	725068	863830	820753	847533	1123029	1162279	1307204	1424915	2073775	2093607	3358007	7958421	23387514	2861452	0	0	0	0.6462
5	15613487	12392891	12499333	16534113	77139	77139	0	0	0	39411	90706	109117	109149	126518	123028	216265	263556	211081	313546	347817	287486	494420	297274	529746	485452	518581	631143	521627	807069	653465	730580	873223	835862	857215	1134807	1174759	1321011	1447479	2082150	2141929	3416952	7974964	22727361	3145075	0	0	0	0.6581
6	15310969	12659225	12305815	16799595	41359	41359	0	0	0	47911	105231	122219	123287	140598	136704	228468	275580	221396	322436	357021	293834	499082	303909	533547	488991	521573	632580	521839	806802	655474	731725	874427	833525	857080	1129849	1171167	1317098	1440617	2070459	2136411	3398080	7965017	22735949	3075718	0	0	0	0.6344
7	15674748	12311241	12693762	16220125	217087	217087	0	0	0	53333	116783	133373	133970	151627	147926	239218	284747	234285	326550	363590	299670	497329	312720	528735	489473	517176	633005	520342	792383	648418	727005	865528	821611	857995	1119298	1163085	1311570	1442944	2044166	2134170	3395127	7918777	22578543	3095404	0	0	0	0.9717
8	15146357	12858240	11824412	17251541	36413	36413	0	0	0	57565	120009	134614	133232	149103	146709	237361	283601	235591	325260	363602	302403	497449	318924	530850	492913	519137	636196	525112	795529	656841	732439	872671	827961	869540	1125270	1171706	1321353	1455884	2053353	2158887	3424316	7919222	22434311	3251636	0	0	0	0.6599
9	15071377	12700190	12004563	17338825	2008	2008	0	0	0	40822	102606	118754	120183	136435	136552	228749	271705	230016	315308	353589	299189	484951	318750	516919	489235	512867	628920	524546	785153	654056	731431	865526	825414	867796	1120448	1167948	1321108	1456617	2047409	2153887	3425414	7939895	22623877	3298880	0	0	0	0.5542
10	15331522	12585030	12283293	16845200	71918	71918	0	0	0	52717	114289	130107	128886	144293	140762	232528	279830	228248	325127	361195	297045	498630	309905	531840	495570	516382	636942	520516	799593	657755	723931	872675	834507	853708	1126872	1168054	1315093	1444854	2057415	2137922	3394720	7943998	22651578	3117558	0	0	0	0.7064
11	15434856	12597169	12295289	16788431	1218	1218	0	0	0	53343	118550	136103	134881	151889	147428	242235	290157	236079	333001	370367	305436	504339	318984	539418	500955	521180	641031	527701	800795	663625	730811	874571	837147	860995	1129765	1170946	1319520	1452170	2055201	2149199	3411060	7927796	22467480	3191587	0	0	0	0.6008
12	15368746	12731779	12322465	16658295	35678	35678	0	0	0	56392	127490	144700	142916	160403	154215	252499	299909	242887	342036	379158	313394	514762	325561	548493	509146	525816	646420	531660	805680	670774	730945	881877	841205	863645	1131099	1174062	1322136	1456431	2056347	2155199	3406044	7903091	22290018	3174875	0	0	0	0.6858
13	15373971	12636059	12300591	16528278	278064	278064	0	0	0	65538	142785	160981	157187	173363	165151	261850	309086	248070	349735	385609	314703	519714	326236	549928	510604	523161	647607	528114	806680	670121	727295	877057	839131	856380	1128263	1170126	1315574	1449941	2042835	2152708	3402867	7870599	22006281	3183619	0	0	0	1.1479
14	15385848	12698712	12363543	16629074	39786	39786	0	0	0	64613	143004	159072	155157	172081	165284	263060	308355	254039	349372	386478	321700	517525	335975	550578	514609	528847	652540	539649	806071	678187	735882	883564	844899	873000	1135649	1176449	1328197	1470805	2050676	2176550	3430974	7886045	21949606	3268685	0	0	0	0.7305
15	15325224	12801594	12412397	16575546	2202	2202	0	0	0	73466	149908	165115	159317	175421	166538	265479	311519	252300	352763	386936	320632	518053	333718	552716	517039	522982	651158	532691	806801	680991	729598	882558	849069	864730	1133898	1175307	1328409	1468004	2050568	2177241	3435183	7893881	21914866	3315906	0	0	0	0.6807
16	15333064	12804203	12449067	16526590	4039	4039	0	0	0	103261	215460	232169	220938	239552	226496	261776	305847	252052	346779	381592	319931	509266	335160	543079	511471	519691	646416	535498	794315	677682	729101	878625	844688	867706	1127940	1173360	1329055	1474028	2045435	2189717	3445408	7859055	21640177	3330198	0	0	0	0.8195
17	15291275	12783157	12488127	16479877	74527	74527	0	0	0	101753	220150	238127	227861	245862	230417	267800	312571	253104	351210	385695	319829	510893	334398	544634	512710	518216	645673	530862	794937	676049	721583	877728	842600	861668	1125728	1169570	1324188	1464569	2035896	2181291	3432360	7829784	21623678	3329042	0	0	0	0.9548
18	15184698	12886788	12402000	16432126	211351	211351	0	0	0	85144	203565	223316	213815	231394	218443	254676	297259	246492	336573	374103	315318	498200	332906	535730	506512	514170	638126	529176	785510	674137	722456	870407	838858	862088	1121987	1166494	1322025	1464982	2028345	2176720	3420845	7834650	21661175	3400015	0	0	0	1.1467
19	15191782	12850915	12516298	16402931	155037	155037	0	0	0	97468	217631	236633	225864	243377	227908	265729	307992	252783	347107	381966	321208	507318	334623	540673	514677	515684	643232	532363	790733	679934	721097	871465	842522	859972	1124045	1167525	1321783	1466738	2025465	2178719	3423099	7825411	21545345	3403837	0	0	0	1.0869
20	15308057	12833391	12538948	16432694	3873	3873	0	0	0	93770	226065	246639	235269	251684	237777	274453	316541	262645	354387	389233	328967	511973	347718	544727	519910	520818	649338	540478	792532	688311	729096	881714	851534	872469	1129425	1172458	1332549	1480374	2034739	2191708	3434865	7818985	21436307	3413632	0	0	0	0.8433
21	15193435	12896314	12567612	16379255	80347	80347	0	0	0	116484	246255	262643	248022	262239	244771	279930	322326	264331	357895	392701	331670	512597	347001	547544	521617	520550	646714	538763	790724	687275	728601	878469	849491	871680	1130655	1175410	1334350	1486926	2033838	2204921	3454451	7788697	21205164	3451911	0	0	0	1.0227
22	15221895	12910889	12660343	16319331	4505	4505	0	0	0	118729	254461	269952	252798	268549	249436	286139	327306	272725	363953	397221	337544	519331	355943	553697	526422	527957	655109	547761	795278	694257	735723	884377	855294	881382	1135077	1178461	1341492	1492692	2038746	2212538	3460463	7783662	21084751	3453232	0	0	0	0.9090
23	15248884	12817380	12603705	16307283	139711	139711	0	0	0	119743	256310	272354	255258	269116	250895	287296	328993	271470	362951	397099	336326	518421	352369	551358	524153	522567	651588	541374	792077	690401	730151	879608	850897	874994	1131300	1174352	1335744	1488525	2030551	2208844	3455274	7773237	21005000	3486656	0	0	0	1.1493
24	15194847	12923704	12649182	16283828	65402	65402	0	0	0	122387	268280	285206	265176	278562	258185	293917	335439	277716	369648	403623	344301	520324	362434	554916	530012	527355	655633	550657	793344	699769	735324	884792	857668	882865	1134608	1176192	1339601	1496069	2032590	2209604	3450318	7755156	20916804	3483086	0	0	0	1.0463
25	15222480	12907056	12722710	16249280	15437	15437	0	0	0	127969	273344	288378	268357	282356	260308	298209	339192	279671	374164	407465	345288	525434	360907	561344	535085	527923	657686	548678	796631	699806	732416	885162	856910	880594	1137244	1178961	1345685	1496066	2035930	2217570	3468875	7748672	20844541	3514705	0	0	0	0.9723
26	15207573	12843265	12711249	16269959	84917	84917	0	0	0	121254	274756	290118	269652	283250	262759	298413	339267	281934	372177	407007	348193	524900	363693	559335	535401	528403	658804	552640	793927	703053	735448	885449	860170	883660	1135055	1181477	1347468	1501973	2034230	2224142	3465136	7739620	20724754	3544528	0	0	0	1.0924
27	15150114	12968213	12683759	16279079	35798	35798	0	0	0	129317	292388	308984	287249	297133	277004	311481	352416	294462	382960	418512	358982	533901	376142	567044	544608	537713	668430	562640	800239	712720	744768	894307	868119	897231	1144997	1188462	1357034	1518221	2035451	2236645	3472545	7704397	20478770	3525893	0	0	0	1.0530
28	15151059	12934521	12718215	16194645	118523	118523	0	0	0	122704	282988	301477	280838	293201	270511	306308	347030	287967	379798	412208	351714	527094	368389	561835	536403	529824	661967	551676	793552	704498	735477	885019	861439	882055	1132745	1177559	1341450	1501716	2025843	2217800	3450085	7710971	20654503	3549796	0	0	0	1.1749
29	15189876	12887800	12721424	16262069	55794	55794	0	0	0	125213	288459	303622	283155	295181	273456	309926	349093	291801	381998	415436	356890	529168	374949	563371	541478	533935	665175	561756	795969	709241	741199	888973	865239	896239	1140842	1188569	1354881	1518245	2038079	2242856	3482020	7703623	20487326	3563806	0	0	0	1.0757
30	15125361	13004132	12735270	16246166	6034	6034	0	0	0	138443	309218	322534	297232	307169	284666	320049	360534	299711	389790	423849	364162	536256	381650	570368	547616	536506	671699	563871	797314	717113	746239	893299	874564	898805	1144636	1192102	1361124	1525724	2037572	2245561	3483147	7686752	20301082	3580572	0	0	0	1.0354
31	15173854	12953330	12811917	16168916	8946	8946	0	0	0	140521	317636	331031	305241	315235	291517	327070	367544	304064	398074	428554	369421	542505	386176	576445	553162	541407	674953	570612	802882	720375	749465	899698	878084	907126	1151525	1197763	1367043	1531392	2041980	2257358	3490257	7659987	20137319	3574595	0	0	0	1.0620
32	15213678	12921721	12773087	16200903	7574	7574	0	0	0	140248	330374	346205	317620	326227	297960	335704	376234	309512	404260	436988	374265	546009	389063	580739	559102	542736	677346	571103	802872	726585	749104	899799	881385	904250	1150096	1193432	1364121	1529350	2035405	2249155	3469879	7636284	20081717	3574260	0	0	0	1.0872
33	15091766	13012050	12784043	16134780	94324	94324	0	0	0	170005	363158	376251	338880	347032	314639	352761	392299	323148	417677	450184	384749	559621	398662	591469	566451	551792	687337	578756	812085	733980	756146	907786	886524	914312	1159270	1203950	1375809	1540742	2041433	2266085	3495444	7581172	19663409	3519621	0	0	0	1.3194
34	15089550	12944551	12823287	16023338	236237	236237	0	0	0	162891	368661	383686	347420	354219	317820	357933	398850	323094	422247	453571	383914	563539	397685	595620	569938	547814	686276	576154	811168	735462	750272	906479	886812	906641	1157991	1200587	1371310	1540401	2036045	2271542	3489981	7533155	19558992	3512556	0	0	0	1.5774
35	15006668	12938475	12787787	16049474	334559	334559	0	0	0	174228	376866	387265	351371	356483	320100	358903	399329	325286	422145	453098	385577	559812	397852	591501	568245	546053	683072	576317	807104	732888	748544	901914	884756	905232	1153084	1194802	1365584	1536800	2029804	2262686	3477048	7528665	19501130	3518860	0	0	0	1.7660
36	15079309	13043041	12870025	16113595	10993	10993	0	0	0	174661	386973	398092	359492	366062	328154	367304	408146	331575	428177	461459	392500	568014	405121	598055	575048	552258	690956	582427	812219	740589	755519	907876	893548	913793	1159019	1201972	1376410	1546676	2037216	2271774	3488601	7553564	19512930	3559790	0	0	0	1.2239
37	15093316	13018565	12878358	16014799	111925	111925	0	0	0	172237	390915	404226	363841	369133	331888	371840	410328	333298	431724	463833	395459	568835	407489	600338	576124	554344	690487	585214	812250	744296	757183	911045	893092	914087	1158765	1202945	1378683	1550341	2035524	2277252	3487193	7517189	19389840	3553800	0	0	0	1.4092
38	15066755	12997111	12849264	16072446	131387	131387	0	0	0	185061	408949	419938	374930	378164	341188	377684	417161	343232	437704	469201	403337	572762	417523	605590	580995	561247	697099	594864	818328	751264	765916	915413	901011	930563	1169869	1215193	1392480	1567578	2049018	2292628	3504279	7479013	19106053	3540341	0	0	0	1.4833
39	15011967	13051197	12891462	16089874	72463	72463	0	0	0	195868	426277	432433	385812	388167	345415	383768	424013	346419	443420	474579	407619	577564	421172	609257	585024	561352	700375	598073	821213	755961	766490	919915	905936	931608	1174772	1218764	1397233	1572621	2051952	2302241	3513576	7471314	19004099	3530198	0	0	0	1.4144
40	15074587	13020303	12939528	16020642	61903	61903	0	0	0	190050	426184	435838	389698	392110	351326	388968	427630	350723	447368	478386	410946	580923	424375	612050	587978	564620	702483	599377	820893	757250	768024	919287	904717	932289	1174329	1218493	1394977	1571655	2046365	2299113	3508108	7451829	18983211	3543487	0	0	0	1.4003
41	15086349	13010486	12940918	16067221	11989	11989	0	0	0	186728	429906	439098	394141	397107	354008	393112	430868	353619	449127	478274	413867	582084	426807	612811	591591	566512	703997	601336	821037	760909	770034	922336	909631	935579	1176367	1222075	1399915	1577557	2049177	2299956	3508754	7446789	18940841	3559024	0	0	0	1.3198
42	15127303	13026243	12891508	15999907	72002	72002	0	0	0	192384	455784	471040	420218	418361	373660	411099	447579	368933	464350	495350	428601	596055	438567	626289	601783	576806	714238	612492	830491	771895	775998	930120	917786	943605	1183368	1228484	1405012	1582870	2049642	2305379	3498804	7375939	18634543	3497436	0	0	0	1.4892
43	14981443	13021190	12928152	15970092	216086	216086	0	0	0	199323	455753	464799	413298	412653	367196	404722	442783	362883	460237	489672	420596	588436	433721	619145	595428	571231	708986	607201	824939	767624	772246	925412	915376	939042	1178174	1225818	1402779	1581874	2049520	2306584	3506061	7363017	18587890	3536458	0	0	0	1.7333
44	15004995	13028405	12962444	16055488	65631	65631	0	0	0	203631	466966	476019	423416	420745	373333	411512	448429	367656	464201	494362	428508	592647	441028	625981	602621	575297	714324	612227	826431	774051	775970	928728	921887	946680	1185279	1231184	1409188	1589436	2050778	2316744	3510490	7372751	18518034	3550798	0	0	0	1.4959
45	14916416	13102446	12952309	16017282	128510	128510	0	0	0	211585	478818	486862	430424	427299	378450	416134	453127	372082	466473	497013	430913	594882	442257	624000	602586	577031	713939	614841	825317	774242	777100	930185	920175	947368	1185141	1228669	1410307	1593614	2050434	2314947	3506991	7346966	18403527	3554754	0	0	0	1.6308
46	15045769	13084799	12987239	15962939	36217	36217	0	0	0	204922	486400	496747	441513	435745	389029	424406	459323	381046	473869	503537	438834	598869	450762	630265	609327	583890	718849	624135	829876	781830	785943	934835	923824	956173	1188164	1235845	1415517	1598693	2050425	2315285	3500224	7327707	18322960	3561977	0	0	0	1.4878
47	14944123	13001501	12936148	15923690	311501	311501	0	0	0	218803	513238	521125	458495	451521	399419	437738	473056	389288	483316	512001	445969	608409	456912	638888	615036	585301	723622	624680	832056	787357	785469	934959	926788	953812	1187294	1232427	1412041	1593500	2041320	2306441	3479807	7251086	18032100	3492188	0	0	0	2.0256
48	14939765	13144331	13027854	15987656	17357	17357	0	0	0	220682	527851	539193	475485	467881	413012	453365	488388	399802	499044	530114	458340	626057	468976	654353	630533	598293	742069	638093	851534	803741	799152	957174	947607	971448	1209828	1256151	1436528	1623055	2068941	2342585	3520109	7221021	17834350	3424851	0	0	0	1.5541
49	14999430	13101562	13057900	15922463	35608	35608	0	0	0	226207	535102	545979	480169	471414	418002	453105	488401	402259	498550	528926	457984	623026	468859	651498	628140	596932	736677	639407	845648	802665	799809	949265	942034	972188	1203973	1252818	1432836	1617906	2063822	2336522	3509883	7223923	17816559	3460867	0	0	0	1.6002
50	14915410	13120147	13113749	15945584	22073	22073	0	0	0	243764	600057	622701	545279	534970	464649	509793	546628	442788	551392	584784	497948	680923	503904	709831	675936	636843	788842	678755	895954	858672	833602	1005586	1002590	1017184	1267249	1317783	1495268	1693153	2123320	2410740	3546778	6983546	16509393	3314285	0	0	0	1.7521
