#Name	E:\SaveData\2016-10-13_11_11_05_1001160120_R0057_A_CL100007973_BGI12297_WESPE_result\\CL100007973\L02\CL100007973_L02_19_2.fq
#PhredQual	33
#ReadNum	77744773
#row_readLen	50
#col	48
#BaseNum	3887238650
#N_Count	5538829	0.142487
#GC%	43.70
#Q10%	97.37
#Q20%	90.38
#Q30%	76.73
#EstErr%	1.052587
#Pos	A	C	G	T	N	0	1	2	3	4	5	6	7	8	9	10	11	12	13	14	15	16	17	18	19	20	21	22	23	24	25	26	27	28	29	30	31	32	33	34	35	36	37	38	39	40	41	Err%
1	26197645	17026516	16777968	17481997	260647	260647	0	0	0	6693	30436	42990	48096	60997	70657	152254	194476	163872	276853	310773	275205	514459	291096	569434	540496	626041	741746	633906	1023777	808111	936554	1126181	1107951	1089903	1529144	1578813	1769822	1911658	2904919	2796862	4562819	10991057	34482423	3313652	0	0	0	0.6135
2	22426012	14871636	17833478	22612923	724	724	0	0	0	27240	73719	98211	107467	133981	136147	239297	306033	237803	378948	422141	342055	629844	349469	677462	606875	691030	814153	684136	1086882	837637	995110	1171130	1116583	1158551	1550192	1606601	1800951	1958742	2916729	2878873	4648577	11013726	32417577	3630177	0	0	0	0.4208
3	21449076	17600273	15387507	23262188	45729	45729	0	0	0	38324	90604	114109	119163	143858	140158	250586	315417	244071	389638	432964	350208	642555	357525	688106	625480	685532	829061	681923	1094275	861151	982098	1180164	1127286	1139540	1549748	1602707	1791150	1948422	2887690	2875796	4615556	10985177	32251281	3667721	0	0	0	0.5077
4	21803836	17233593	15623767	23000492	83085	83085	0	0	0	58857	125372	146574	148364	169948	168887	276574	337204	275599	401103	449208	371667	640220	390063	687634	632045	686081	829797	693166	1067186	861567	984231	1168136	1114154	1164831	1528683	1590175	1793828	1971732	2826240	2923711	4674256	10869456	31246528	4388611	0	0	0	0.6196
5	21553656	16708645	16377003	23001245	104224	104224	0	0	0	60712	126715	149086	150552	173375	169793	282532	347816	275849	412864	461364	375394	661527	388199	707454	646338	695040	846401	695695	1091311	873656	987196	1183995	1128627	1160087	1545783	1600592	1796568	1972075	2847700	2919365	4659464	10885935	31284848	4076641	0	0	0	0.6558
6	21148561	16933022	16232031	23375645	55514	55514	0	0	0	60452	130782	153202	155432	180367	177733	287463	349856	287589	411455	462074	380825	652591	401558	696203	643460	691987	843766	697307	1077392	871824	988738	1177587	1117993	1170636	1533828	1596185	1798425	1979116	2826913	2932345	4680897	10864358	31164546	4244374	0	0	0	0.6015
7	21567816	16411137	16764768	22703610	297442	297442	0	0	0	52015	123227	148606	150993	176534	172978	287442	351451	279882	417529	464319	377682	655618	392526	703062	647748	685623	842274	692332	1077204	875435	976905	1176963	1123660	1156531	1531943	1594011	1793778	1973281	2827636	2936742	4684324	10869402	30823384	4404291	0	0	0	0.9008
8	20770954	17117502	15865530	23941117	49670	49670	0	0	0	72601	151167	171586	170401	192727	188337	302093	364635	295623	425476	477151	390132	666353	408432	712601	656550	696555	852476	703699	1080633	886399	987467	1183828	1129290	1172742	1539907	1599782	1805317	1992589	2829309	2961393	4701576	10859140	30660568	4406568	0	0	0	0.6301
9	20718597	16926556	16013093	24084242	2285	2285	0	0	0	43065	113245	137725	140167	163132	162295	276401	338158	276945	405177	455498	376248	645622	395283	695488	649176	681702	842182	691821	1074851	879677	976525	1177989	1129901	1155373	1535647	1595487	1797668	1976152	2830922	2943605	4682662	10924994	31212374	4359331	0	0	0	0.4972
10	20890823	16828215	16366513	23561808	97414	97414	0	0	0	66941	148475	170861	171221	194026	188718	305904	367191	300918	429915	479391	396399	665294	415841	714098	666145	694703	854278	706157	1077729	893274	984317	1184709	1134898	1170359	1541578	1598786	1808817	1998918	2821849	2978711	4707803	10842532	30425225	4541378	0	0	0	0.6900
11	20952814	16897111	16302329	23591002	1517	1517	0	0	0	66872	145122	169213	169417	193361	187433	306169	367623	297642	430875	479418	394542	665196	412900	711605	662230	692206	856600	701814	1078660	891363	980792	1184617	1133068	1162853	1535302	1593369	1799552	1984563	2817976	2944994	4675437	10860332	30836320	4353820	0	0	0	0.5634
12	20878734	17087179	16277127	23453700	48033	48033	0	0	0	71780	158701	182008	180987	205385	198265	317886	380065	309627	442525	490138	404651	674241	424524	721264	674058	698706	862557	710344	1084810	901665	987953	1189443	1138745	1174381	1540318	1599535	1808198	1992342	2812521	2955667	4678945	10813511	30497354	4413640	0	0	0	0.6494
13	20858105	16964161	16262853	23280398	379256	379256	0	0	0	81787	179778	204411	200278	223799	213292	333077	396680	317371	452681	501900	409476	684582	425841	729120	676575	697060	864830	707664	1083524	902460	980763	1185477	1140068	1166159	1538712	1595368	1798809	1988036	2799692	2963237	4685520	10762473	30014923	4460094	0	0	0	1.1136
14	20907363	17074042	16341213	23366832	55323	55323	0	0	0	81382	177679	199257	197186	219107	211546	330010	392146	322641	449908	500240	417118	679460	437924	725323	679679	703385	867706	721342	1081849	907479	994411	1192451	1144467	1185548	1543074	1604717	1815474	2009511	2811036	2981592	4714648	10792263	30082814	4515077	0	0	0	0.6924
15	20863562	17183953	16432241	23262238	2779	2779	0	0	0	92366	188250	207798	202135	224404	214928	334995	398200	320469	457160	503777	415931	684147	433994	732039	686663	695319	871352	714450	1084160	914542	982860	1192660	1148939	1173295	1541176	1603175	1814375	2010408	2805359	2987930	4718136	10803556	30029895	4553151	0	0	0	0.6422
16	20913256	17158014	16467506	23200933	5064	5064	0	0	0	131660	264178	287404	276148	300977	286873	334883	393976	323046	448807	497366	415894	672446	440572	720958	680191	694671	864305	716595	1073366	909826	985256	1187879	1142234	1181549	1536695	1600571	1815325	2016703	2804115	3001776	4732654	10761270	29634455	4605085	0	0	0	0.7662
17	20869599	17137936	16529212	23107339	100687	100687	0	0	0	127690	270366	296558	285059	310568	290643	341433	401511	325748	455224	502134	417883	676305	439255	723800	683281	690727	864541	711583	1070551	911455	979502	1183109	1143334	1169503	1533632	1594449	1810921	2006131	2793290	2993787	4714474	10722983	29593944	4608712	0	0	0	0.9000
18	20755928	17272340	16419876	23010964	285665	285665	0	0	0	107288	248382	276557	265052	290225	276063	324544	382679	315941	439787	487783	409703	659903	434661	710079	674687	684433	856135	709249	1058068	909846	972739	1178340	1137117	1170555	1526381	1589009	1805822	2007548	2781189	2983283	4700373	10732579	29673992	4679116	0	0	0	1.0921
19	20791191	17228477	16541278	22980156	203671	203671	0	0	0	122615	269836	296358	283007	307838	288898	339228	398377	325747	452041	498960	420574	670090	441500	718352	682836	687629	861900	711913	1063604	914823	974014	1181436	1143371	1173629	1528533	1593182	1807800	2010651	2783274	2988714	4705762	10718382	29443401	4732827	0	0	0	1.0270
20	20954756	17226677	16565336	22993239	4765	4765	0	0	0	118137	278830	307181	294662	317141	300585	349702	406488	337460	461554	507150	431309	676136	456137	725413	692222	697165	868841	724383	1064280	926152	987227	1190631	1152659	1186981	1538473	1602882	1823604	2025538	2790790	3010095	4716010	10704321	29340954	4728915	0	0	0	0.7888
21	20831807	17312469	16604167	22887677	108653	108653	0	0	0	144489	304413	327062	308111	331134	308806	357637	414362	341227	466493	512325	432053	675772	455280	727528	692140	697494	870398	722889	1064327	927174	987337	1188079	1154318	1189210	1541872	1605578	1827190	2036799	2791839	3033839	4759882	10673118	28962578	4803367	0	0	0	0.9631
22	20910853	17290983	16687722	22849424	5791	5791	0	0	0	149185	314576	337268	316457	339430	317667	365599	423298	349717	473548	520156	442219	687334	468001	735043	701182	705569	878654	734831	1075373	935596	994437	1200616	1159534	1198981	1546531	1609922	1833225	2044973	2796955	3039672	4760938	10668703	28835673	4778119	0	0	0	0.8513
23	20888484	17214303	16656739	22796557	188690	188690	0	0	0	149158	318332	341683	321470	340172	319173	367275	423889	351095	474862	520538	440608	684833	463971	734937	696824	698286	874468	726315	1066397	929619	987098	1191011	1152426	1192690	1538581	1602821	1825926	2040746	2787535	3034437	4753648	10652437	28704591	4848231	0	0	0	1.0909
24	20869164	17341614	16711817	22737327	84851	84851	0	0	0	152627	331896	354844	333323	353101	328817	378309	432517	359680	482775	529425	450848	689237	475934	738527	707225	706671	882063	737845	1069388	942566	993587	1198485	1165526	1199660	1547689	1604987	1835305	2047280	2784859	3036835	4741985	10629851	28621136	4815119	0	0	0	0.9816
25	20919670	17309391	16798802	22695808	21102	21102	0	0	0	162304	343268	361713	337655	357036	332317	382458	440573	361443	489006	534652	452466	696312	475019	744445	713107	704087	883393	737134	1073869	943906	992501	1199109	1164548	1197432	1546518	1610531	1834591	2052726	2786729	3052183	4768711	10627190	28494143	4870596	0	0	0	0.9166
26	20880119	17249945	16803083	22696178	115448	115448	0	0	0	153148	343564	364654	338482	359462	334682	383995	438733	363939	486879	532711	455847	692298	482461	741137	712063	705315	883804	740049	1068539	947208	994717	1199008	1166845	1204603	1547209	1611725	1842158	2061445	2786947	3059062	4768211	10602529	28324576	4931320	0	0	0	1.0355
27	20841943	17375313	16802676	22679012	45829	45829	0	0	0	162765	366904	388890	362169	380483	352290	402269	456105	380561	502682	549449	471998	708091	496749	756235	724213	719564	895259	755488	1079989	960160	1007423	1209286	1179292	1222451	1561362	1624817	1856250	2079087	2799339	3070830	4775901	10561678	27987478	4891437	0	0	0	0.9915
28	20834180	17339552	16838327	22580851	151863	151863	0	0	0	155889	355261	380039	354567	370546	346090	393694	448372	372699	495948	539719	462500	698161	486056	746549	715992	707442	885139	741011	1067788	946416	990399	1199296	1167162	1200132	1542222	1605738	1835665	2055363	2777111	3044479	4745535	10584772	28256312	4918846	0	0	0	1.1063
29	20868678	17290755	16848129	22661391	75820	75820	0	0	0	158566	358560	380550	355919	374527	349935	397703	450630	377188	497985	542277	467756	698884	493638	748171	721515	713387	889518	750122	1070616	955112	1002008	1203873	1174218	1217993	1556147	1619528	1852705	2077747	2791830	3077614	4784583	10570074	28054158	4933916	0	0	0	1.0155
30	20799437	17400148	16885517	22651950	7721	7721	0	0	0	175050	387038	405387	374781	391244	362447	409867	466256	387559	507832	553299	478254	709081	501616	758111	728684	716368	896389	756764	1075968	964460	1005669	1210568	1182262	1221391	1558113	1624252	1858486	2089771	2793938	3083363	4779932	10546867	27830311	4945674	0	0	0	0.9730
31	20855166	17348685	16974982	22554457	11483	11483	0	0	0	177438	399136	417616	387128	402443	371590	421721	476566	396058	518371	562792	486284	718636	509293	766361	739518	725568	905123	765211	1084547	973818	1014622	1218206	1190567	1232432	1571992	1633302	1868751	2101045	2802137	3101880	4802388	10514989	27515513	4960248	0	0	0	1.0009
32	20878989	17327725	16951618	22576682	9759	9759	0	0	0	177284	415720	437267	403766	417788	382294	433161	487246	402771	528460	572770	491207	724441	514533	772685	744889	727263	908647	766066	1083539	982507	1009299	1220271	1196984	1228479	1569036	1631573	1866660	2095944	2791881	3091142	4773703	10480425	27457938	4947375	0	0	0	1.0259
33	20735003	17429433	16966271	22485892	128174	128174	0	0	0	214246	457612	475829	431759	445119	404467	454604	511136	418568	549210	591925	506777	741322	528901	788441	757399	738468	922642	779850	1096661	991057	1022606	1230524	1203424	1245433	1580275	1643718	1881314	2110920	2801348	3114681	4810653	10401990	26886853	4876867	0	0	0	1.2544
34	20714831	17376073	16983197	22352996	317676	317676	0	0	0	206073	465030	485421	442069	454465	407606	463615	518176	420187	553148	598560	506948	746731	525864	792268	762046	734215	921650	775940	1096283	994132	1016084	1230053	1206449	1235469	1577732	1643629	1879001	2111069	2795216	3117045	4796450	10330551	26751153	4866769	0	0	0	1.5078
35	20606424	17362423	16937609	22380281	458036	458036	0	0	0	219573	475989	491475	446487	456335	410552	464051	518474	419615	552852	595952	507371	742178	527875	788047	755324	731720	917880	772252	1088636	988765	1012696	1223721	1201678	1231299	1568743	1630138	1870740	2104872	2782802	3102703	4778025	10331471	26713116	4863330	0	0	0	1.7030
36	20713733	17511942	17043317	22463117	12664	12664	0	0	0	219533	486239	504158	456890	468734	421777	475360	527706	431789	563382	604465	516418	751395	536899	797605	766241	740495	926887	783735	1096430	1000409	1020408	1231636	1212977	1244517	1580052	1641042	1884149	2121136	2795204	3119380	4795347	10372401	26707452	4929861	0	0	0	1.1518
37	20717835	17474725	17059373	22346574	146266	146266	0	0	0	219505	493504	512209	465590	473535	424940	480132	533942	435768	567184	608568	520196	754490	541683	798314	769903	741731	927953	786756	1097113	1004447	1024120	1234617	1212462	1247015	1581922	1645971	1886605	2121834	2793014	3125723	4796347	10321282	26526925	4923207	0	0	0	1.3354
38	20675815	17454204	17046592	22395017	173145	173145	0	0	0	231289	515776	530816	480225	486497	439442	490446	543501	446744	573940	618289	530426	760105	553973	807689	777822	752104	936776	801706	1101963	1015023	1036731	1243388	1226951	1264925	1598546	1657954	1904056	2147891	2808776	3148338	4814875	10281385	26144099	4899161	0	0	0	1.4058
39	20630928	17515641	17093463	22407029	97712	97712	0	0	0	245505	535890	547348	491277	496144	445196	496905	550139	451645	583219	623268	537658	766876	558541	815056	784503	754180	946475	803611	1109342	1023365	1036073	1248087	1232960	1267622	1602233	1668102	1912162	2154282	2815479	3162910	4824112	10263676	26024649	4868571	0	0	0	1.3392
40	20684909	17500402	17137986	22336031	85445	85445	0	0	0	240456	539292	553810	496514	503989	453289	502959	557851	456324	584617	627866	541013	772042	562312	814996	785994	757622	944203	804507	1108049	1023206	1041736	1249576	1232757	1270496	1601734	1664680	1909270	2150872	2809520	3159107	4819201	10243632	25976305	4899531	0	0	0	1.3313
41	20691101	17490834	17147053	22400785	15000	15000	0	0	0	235293	542455	558813	501808	507582	455308	507956	560832	460715	587357	630309	543958	771181	566405	817403	787124	759386	945269	807704	1109242	1023552	1043394	1251666	1233123	1274311	1600859	1666558	1913079	2160736	2808992	3159349	4820499	10239722	25956514	4921319	0	0	0	1.2453
42	20748036	17512186	17072367	22318463	93721	93721	0	0	0	243013	577598	601107	536689	536730	481357	533703	585099	480055	610101	650336	563678	788976	582087	833259	803509	772528	960943	824195	1120272	1043607	1052162	1261389	1248232	1283074	1611412	1679727	1920759	2164793	2811845	3162942	4805376	10141714	25543529	4835256	0	0	0	1.4105
43	20585762	17486320	17096706	22282044	293941	293941	0	0	0	252024	573526	591501	526921	528998	472148	524936	576111	472741	600439	643615	556473	781506	574500	828208	800101	765356	953333	815961	1114435	1037736	1043825	1258294	1244554	1276642	1608913	1673281	1921068	2168121	2814200	3169155	4816467	10131951	25453898	4879894	0	0	0	1.6574
44	20616373	17528186	17148687	22377608	73919	73919	0	0	0	256382	589564	604796	539867	540150	482291	534764	585835	480061	608431	652199	563985	789098	583495	832203	805121	771511	957749	825110	1116442	1045952	1053145	1263391	1251821	1288237	1614445	1679892	1927119	2181421	2817177	3181668	4827209	10135514	25389059	4895750	0	0	0	1.3998
45	20504483	17590982	17139852	22336844	172612	172612	0	0	0	266674	606952	620038	550754	548385	488674	541110	590144	485169	612855	654014	567610	789339	587932	836391	805911	773018	959281	826661	1118213	1046369	1053198	1263065	1251529	1288921	1613929	1681832	1927963	2182172	2815474	3176391	4817835	10105753	25219041	4899564	0	0	0	1.5520
46	20691836	17564346	17165089	22279650	43852	43852	0	0	0	258325	616449	633671	563923	560868	501476	550412	598778	497327	621813	663526	578295	797060	599969	840740	812234	783777	968404	838036	1121295	1058229	1062991	1269156	1257822	1301236	1622868	1686164	1935277	2189366	2811802	3181606	4810139	10077792	25116116	4913979	0	0	0	1.4042
47	20552302	17466490	17107969	22198344	419668	419668	0	0	0	276820	649848	666152	587924	583630	517021	567735	617293	507780	635922	678407	587400	807979	605061	852524	821366	785850	974613	841568	1127001	1063181	1065027	1270852	1263849	1297442	1618846	1683186	1929787	2179776	2801672	3165690	4783330	9970994	24725828	4813751	0	0	0	1.9423
48	20546376	17649133	17243984	22282508	22772	22772	0	0	0	282127	671488	691917	611094	605368	535365	589724	637999	524397	655345	699617	603208	834418	622613	876679	843020	804591	997190	860640	1150613	1087094	1081135	1298922	1286645	1323834	1650096	1718317	1966137	2222529	2840296	3214051	4832001	9932881	24443712	4726938	0	0	0	1.4777
49	20641828	17592953	17263570	22200570	45852	45852	0	0	0	286566	682200	699118	618126	609669	541367	590978	638173	526341	655461	696965	607395	828213	624708	869886	841306	801658	992689	859977	1142121	1084166	1082688	1292352	1283533	1322670	1644615	1710054	1959923	2216667	2829977	3207674	4820804	9936307	24418955	4775619	0	0	0	1.5199
50	20545455	17614937	17346034	22210477	27870	27870	0	0	0	307776	767258	800335	704757	692344	607274	663905	716869	581632	728581	771774	660806	906854	673885	948868	905462	852537	1062401	915743	1215136	1163757	1130552	1367937	1365105	1386106	1727142	1801167	2046898	2316847	2914125	3302670	4872314	9613553	22663333	4561200	0	0	0	1.6672
