#Name	E:\SaveData\2016-10-13_11_11_05_1001160120_R0057_A_CL100007973_BGI12297_WESPE_result\\CL100007973\L02\CL100007973_L02_24_2.fq
#PhredQual	33
#ReadNum	90849094
#row_readLen	50
#col	48
#BaseNum	4542454700
#N_Count	6565157	0.144529
#GC%	45.85
#Q10%	97.28
#Q20%	90.26
#Q30%	76.72
#EstErr%	1.077162
#Pos	A	C	G	T	N	0	1	2	3	4	5	6	7	8	9	10	11	12	13	14	15	16	17	18	19	20	21	22	23	24	25	26	27	28	29	30	31	32	33	34	35	36	37	38	39	40	41	Err%
1	28480529	22468100	20878763	18717330	304372	304372	0	0	0	8791	41845	58147	63762	79974	91843	183644	232457	205703	315776	360051	321697	570720	351372	630447	601770	698464	825541	715913	1115339	895410	1061190	1253968	1215164	1271101	1704628	1779671	2019488	2222480	3285882	3292077	5377991	13072777	39693849	4925790	0	0	0	0.6202
2	24732884	18311439	21678836	26125169	766	766	0	0	0	30036	85295	112010	121664	150885	152565	271762	344205	270997	422999	472948	389603	705981	404089	756746	689679	781774	921589	781934	1224898	961049	1134816	1332542	1273887	1331885	1773056	1840113	2073830	2271330	3374368	3335004	5398993	13116678	37938779	4600339	0	0	0	0.4081
3	23609471	21718471	18628496	26839062	53594	53594	0	0	0	44928	109229	135128	140653	168181	164189	290578	364325	283996	445296	495579	403750	728769	416585	780800	717216	784495	947950	786915	1244397	989623	1127368	1350092	1296955	1317627	1776241	1840101	2067884	2257161	3354557	3316203	5347703	13053992	37784150	4462884	0	0	0	0.5059
4	24135473	21178694	19132219	26300597	102111	102111	0	0	0	54813	125047	150573	152983	179452	175737	304315	374981	298277	454368	505604	414339	731988	431526	786477	724796	783053	951685	787040	1236650	996479	1122884	1349431	1296443	1318153	1770800	1834096	2062644	2259038	3317620	3338078	5352928	13004791	37397083	4702811	0	0	0	0.5850
5	24017736	20682645	20024524	26001375	122814	122814	0	0	0	72718	154905	179911	179406	205090	201316	331890	403517	327715	475333	531173	439987	750276	460741	802658	740899	800103	967018	808464	1238703	1007034	1140470	1353573	1293350	1348117	1772560	1841233	2075913	2288478	3301451	3379375	5402393	12933699	36450780	5066031	0	0	0	0.6609
6	23547446	21140836	19773523	26321923	65366	65366	0	0	0	69835	153863	179748	181079	208300	205730	335695	404639	334743	475604	531004	441743	745331	467721	798224	739892	794141	965846	804156	1230504	1004601	1137922	1351454	1289156	1347259	1763785	1836989	2074023	2286304	3285174	3375443	5401060	12945695	36616745	5000320	0	0	0	0.5983
7	24129901	20473414	20400948	25495579	349252	349252	0	0	0	79540	169843	196627	195867	223268	215958	345970	415823	338835	485770	540511	444812	753919	465345	803679	741076	796464	967786	802326	1229633	1004034	1131181	1347940	1286809	1334822	1758146	1826067	2057148	2267679	3264118	3358242	5374495	12881147	36399089	4995873	0	0	0	0.9361
8	23325830	21375805	19268128	26820981	58350	58350	0	0	0	84180	183331	204927	202215	227119	221523	355131	423352	352083	491436	548242	461113	757560	486151	812094	756377	801932	978116	816275	1226192	1020690	1141228	1354142	1296787	1364913	1769696	1840291	2087339	2314327	3274766	3430645	5461926	12893874	35686941	5463830	0	0	0	0.6330
9	23312203	21085093	19547054	26901706	3038	3038	0	0	0	61381	149615	174005	175784	200007	199066	330428	397999	328810	469321	525784	439891	737999	464498	793545	741830	787524	964574	801115	1226221	1009940	1127841	1350521	1292108	1335392	1759644	1828660	2066577	2280003	3277110	3371385	5389279	12961162	36759809	5067228	0	0	0	0.5167
10	23782131	20919981	19921498	26111580	113904	113904	0	0	0	59948	154317	182292	183200	209019	205771	343692	413930	342698	487734	542457	457285	752237	484266	809818	761247	792344	976166	815066	1225556	1032199	1132873	1357265	1308478	1356839	1771809	1845254	2094712	2328086	3278395	3465354	5511626	12902072	35365142	5786043	0	0	0	0.6542
11	23822322	20909894	19969482	26145709	1687	1687	0	0	0	81258	178228	204306	204028	230358	224816	362304	431701	355933	501123	556952	462092	763358	486792	816749	766703	799540	983022	816567	1231611	1028390	1133956	1360198	1303122	1350838	1766485	1836269	2079796	2297710	3268040	3405281	5421713	12886546	35961012	5290610	0	0	0	0.5720
12	23746474	21067369	20010588	25967972	56691	56691	0	0	0	84853	192676	219162	217838	242204	236121	375825	445672	366297	513252	569068	476438	778038	500681	828647	776498	807034	993675	824504	1240565	1040769	1141720	1366641	1312015	1356404	1771403	1840972	2085028	2305001	3264205	3416068	5422395	12846980	35629514	5304240	0	0	0	0.6565
13	23776751	20886184	19976006	25753814	456339	456339	0	0	0	98835	220077	247430	239982	267063	255325	395221	466088	379197	529311	582201	484760	786906	505790	838261	783937	807768	996635	824823	1237834	1042779	1136900	1365199	1311235	1354870	1764503	1836580	2081855	2306815	3250001	3427632	5434693	12762542	34974469	5395238	0	0	0	1.1388
14	23842154	20941032	20074541	25927113	64254	64254	0	0	0	96269	215619	241188	235826	260333	252382	394337	463162	383211	527556	584014	490182	785427	515831	838747	790363	815008	1004307	835618	1243145	1052801	1148035	1373131	1320600	1373362	1777779	1846848	2098068	2328046	3259813	3448752	5466825	12811812	35111871	5394572	0	0	0	0.7012
15	23749291	21089920	20155121	25851704	3058	3058	0	0	0	111140	229736	251666	244073	268347	257457	400449	469362	384234	531461	587510	491750	786033	517170	841337	792756	809099	1003025	832663	1240307	1056364	1142330	1371562	1321548	1368893	1778429	1849602	2102456	2335992	3257876	3468695	5487014	12803924	34892476	5559300	0	0	0	0.6538
16	23800606	21032862	20227863	25781821	5942	5942	0	0	0	156500	322015	348901	332314	361310	341072	395989	464192	383952	523973	579039	490157	776303	518160	830715	788718	805891	996123	832156	1230048	1054248	1142216	1368595	1319773	1371358	1773182	1844443	2101936	2340470	3252801	3477160	5491952	12749122	34553320	5525048	0	0	0	0.7805
17	23763060	20984306	20265593	25718224	117911	117911	0	0	0	151389	329715	359559	341989	371143	349166	404935	472387	388029	531304	585793	492661	777466	517213	833440	790993	802954	996787	829480	1227848	1056926	1134817	1369618	1319908	1361005	1766381	1841520	2092788	2332673	3237342	3466381	5479107	12705149	34483236	5530081	0	0	0	0.9148
18	23599121	21114870	20159108	25638959	337036	337036	0	0	0	127976	304482	335657	323204	350306	332018	387797	452779	376612	517185	571792	485755	764234	514828	822302	784594	793953	990696	824313	1220875	1054117	1128238	1359236	1317475	1357963	1762393	1834544	2090521	2329210	3225947	3455485	5450566	12712693	34602342	5549970	0	0	0	1.1131
19	23630085	21060717	20323705	25593055	241532	241532	0	0	0	146547	330235	359325	342445	368147	348104	403570	469558	388493	529589	583602	495248	776576	521480	832281	794283	801362	995359	830927	1223186	1060544	1132301	1365645	1321456	1359991	1764594	1838743	2092578	2332867	3229648	3464559	5464079	12691493	34308048	5640699	0	0	0	1.0478
20	23785932	21039955	20341878	25675773	5556	5556	0	0	0	141490	342403	374140	357756	382337	361417	417297	481263	402044	540779	594388	511007	781394	539004	838899	802570	810411	1005915	846043	1226328	1074148	1143596	1374092	1335877	1379074	1778953	1849525	2110149	2357613	3241477	3485860	5483636	12672800	34135304	5664549	0	0	0	0.8083
21	23609111	21158813	20382072	25572840	126258	126258	0	0	0	172181	371684	395636	372559	397868	370955	425362	490214	406032	545854	599101	510475	786394	538454	839540	802922	809047	1006297	845224	1227371	1072942	1144689	1372736	1333101	1384662	1781732	1851541	2117648	2369416	3242972	3516367	5528088	12623424	33743332	5727016	0	0	0	0.9805
22	23698608	21144242	20507558	25492137	6549	6549	0	0	0	176310	382401	408061	382524	405915	380785	435801	498410	416812	555868	608907	522308	795769	551847	851885	816913	819883	1016145	854524	1236404	1085003	1155416	1384505	1342968	1393242	1788904	1862215	2126928	2378489	3248211	3523919	5532654	12625723	33552253	5724643	0	0	0	0.8681
23	23690234	20988636	20460719	25487302	222203	222203	0	0	0	179658	389785	414925	387716	409327	384924	437051	501341	417345	556198	610684	520663	796254	549326	849601	812170	813176	1010967	849795	1226320	1079891	1145099	1374019	1334282	1386545	1778520	1849157	2118454	2371825	3234301	3520360	5526281	12598541	33404090	5788300	0	0	0	1.1137
24	23630562	21159368	20522503	25434827	101834	101834	0	0	0	181669	406424	432043	403648	423803	396265	450689	513631	428213	567287	618197	534615	799223	563505	857141	822510	820168	1020485	862453	1233664	1096198	1156495	1384411	1350735	1396994	1789135	1862312	2130026	2387998	3238761	3525818	5513456	12568200	33245930	5765158	0	0	0	1.0061
25	23691923	21151229	20637671	25342727	25544	25544	0	0	0	192536	415187	438194	409268	430385	398635	455903	521116	430578	572687	626723	535172	807648	564124	863636	827322	820628	1024889	860200	1236633	1096274	1152218	1386286	1350822	1394699	1790425	1862558	2130591	2381569	3238804	3544228	5537914	12566639	33151686	5807373	0	0	0	0.9369
26	23675307	21041624	20617227	25379482	135454	135454	0	0	0	185681	421458	443390	412503	432785	404881	459842	522070	435853	573742	626443	541144	804432	570049	861328	829049	822333	1025650	866837	1232453	1099334	1158501	1387879	1354003	1405356	1792469	1865011	2140680	2400273	3239630	3549419	5539170	12524796	32921866	5863330	0	0	0	1.0617
27	23593460	21230526	20588906	25380903	55299	55299	0	0	0	195135	449903	474170	438457	458236	426678	478472	542889	455255	593192	644070	559599	821517	588806	879423	844428	841071	1038864	884117	1247638	1117436	1173538	1401352	1367837	1426738	1808230	1881996	2155861	2420736	3249653	3570381	5556988	12464232	32507376	5829521	0	0	0	1.0191
28	23605845	21175633	20669801	25213805	184010	184010	0	0	0	188389	437175	465432	430342	448688	418171	473048	534406	446304	585418	637108	548530	813014	576978	868062	835232	825754	1028790	870736	1235242	1103733	1156448	1389763	1353866	1403282	1786696	1861735	2130348	2392661	3223236	3538236	5523452	12483007	32784411	5867391	0	0	0	1.1417
29	23645993	21097307	20666210	25338917	100667	100667	0	0	0	192384	443740	466375	435066	454677	423722	475744	536313	452893	587625	639644	556986	816928	586259	871543	840244	833556	1035682	880486	1239660	1112813	1167440	1396231	1362389	1420975	1803369	1877547	2153544	2423168	3246904	3578984	5571039	12464364	32521862	5878271	0	0	0	1.0595
30	23566002	21247056	20705824	25321386	8826	8826	0	0	0	210559	475343	493066	456744	473530	437990	492004	552424	464462	600256	651997	566886	827591	595734	882362	851614	839750	1043544	887956	1244001	1123543	1174674	1403712	1373274	1428074	1809476	1881181	2161303	2431892	3249694	3588046	5570149	12435312	32264532	5897593	0	0	0	1.0015
31	23644536	21197494	20814135	25179321	13608	13608	0	0	0	213005	489302	509119	469280	485761	449158	503833	564749	474629	611635	664697	575835	837998	604626	894928	861285	848890	1051707	896834	1252826	1133728	1183627	1412074	1383687	1438622	1819573	1893165	2174929	2446104	3258136	3606517	5586934	12398590	31942408	5897295	0	0	0	1.0294
32	23687817	21138936	20764621	25246662	11058	11058	0	0	0	213080	509112	531450	489961	502934	462790	518546	579963	482624	626459	674620	584896	846014	610969	900609	869863	847737	1058251	901441	1256968	1144877	1179901	1414738	1387763	1436270	1816910	1891349	2170915	2440879	3249714	3593762	5558640	12346465	31854016	5883550	0	0	0	1.0548
33	23487363	21270133	20789095	25137753	164750	164750	0	0	0	257422	559236	578928	525599	535582	488655	543620	607093	502018	646681	696305	601631	868135	626994	921764	884677	865197	1071563	914436	1270374	1154008	1193759	1424441	1396661	1453099	1833873	1906697	2185971	2461893	3259379	3627460	5594011	12253177	31187646	5786359	0	0	0	1.3023
34	23489764	21206364	20823876	24953736	375354	375354	0	0	0	247423	569441	591040	536009	547687	493483	554809	616608	505168	652818	701706	602866	872301	624872	924681	889406	859365	1073366	911457	1266499	1159449	1186375	1427998	1399793	1446255	1834163	1905403	2185854	2463468	3251063	3624643	5585848	12168177	31024997	5769249	0	0	0	1.5447
35	23389614	21177969	20742997	25006140	532374	532374	0	0	0	264737	582443	598880	540751	551441	497834	556637	616648	505490	652961	699906	600777	866862	626145	918217	885030	857372	1069480	910300	1260185	1153838	1182007	1420415	1394641	1441871	1821832	1893947	2177210	2455193	3239601	3609463	5563317	12162317	30959664	5779308	0	0	0	1.7336
36	23481919	21354401	20900199	25097316	15259	15259	0	0	0	263951	594966	612413	554614	563762	508919	568003	628431	516694	664118	712516	615173	879457	638482	930350	894963	868630	1079237	923335	1270074	1168030	1195512	1431119	1408327	1455743	1835708	1909972	2193035	2471202	3253887	3630625	5582074	12203078	30958298	5849137	0	0	0	1.1852
37	23497137	21320098	20924588	24932220	175051	175051	0	0	0	263161	604781	623249	563630	572515	514945	572665	636169	521869	671334	718163	618566	882142	643278	934382	898314	869873	1080443	925401	1270833	1171488	1197076	1434405	1411095	1461001	1837326	1913248	2195277	2478685	3250987	3635908	5594959	12141092	30727827	5837956	0	0	0	1.3742
38	23447275	21250972	20889398	25055384	206065	206065	0	0	0	279211	630601	647176	581533	586000	532255	586344	645947	536297	680189	728347	634439	890671	658451	943990	909655	884664	1092421	941242	1279151	1186355	1213907	1446088	1425930	1482570	1856981	1931342	2219551	2508167	3273381	3666847	5615704	12082133	30261716	5803773	0	0	0	1.4460
39	23377268	21346248	20954529	25056981	114068	114068	0	0	0	295186	656349	669027	597012	599060	539470	596625	656618	542133	688829	737227	639318	897469	662942	952046	918689	886906	1101215	947187	1288590	1197454	1212602	1454731	1436146	1484508	1864233	1940163	2231471	2515459	3280082	3683142	5622721	12058939	30113281	5768196	0	0	0	1.3778
40	23464493	21310204	21019071	24957354	97972	97972	0	0	0	286744	657042	670892	603916	608392	546712	605010	663319	548434	695172	741731	646506	903120	670185	958134	923236	891273	1101380	948750	1287323	1196516	1216444	1452850	1433900	1488714	1863085	1939019	2225524	2515264	3272024	3678499	5618342	12031953	30068068	5793649	0	0	0	1.3646
41	23484273	21285865	21019430	25042445	17081	17081	0	0	0	284020	665086	679825	612203	613506	553348	608975	668135	554708	697746	745646	649618	904245	675172	955523	923491	894463	1105517	954823	1288449	1198014	1223563	1455927	1438817	1492667	1864807	1939942	2230405	2525004	3273714	3680214	5623371	12017852	30010057	5823160	0	0	0	1.2852
42	23533124	21330206	20928859	24946271	110634	110634	0	0	0	293250	704928	730035	651816	650170	582572	639905	697923	578544	722601	772159	672888	928371	692794	979253	943528	908566	1120739	968476	1300587	1220581	1231121	1469195	1454780	1505251	1874306	1952855	2237605	2533455	3274994	3687900	5601274	11900922	29543527	5711589	0	0	0	1.4524
43	23330890	21297900	20998142	24878183	343979	343979	0	0	0	302754	704367	721401	640659	640213	571482	629360	687411	568251	712084	762483	662450	918214	686183	968909	935587	899982	1113533	962930	1295861	1212696	1225209	1464142	1449466	1499033	1871065	1946148	2235412	2533553	3273498	3692669	5615558	11888715	29445290	5768547	0	0	0	1.6999
44	23372330	21312335	21044391	25025107	94931	94931	0	0	0	307727	722089	738640	657331	654103	584245	641042	699464	578260	724992	772061	673119	927505	695331	978961	944525	908051	1121677	972053	1298164	1224693	1231897	1469267	1458867	1511461	1882309	1959563	2249375	2547429	3280901	3704637	5626307	11894103	29339946	5774068	0	0	0	1.4525
45	23256352	21413625	21027205	24948992	202920	202920	0	0	0	321788	744328	757777	669172	665112	592884	648998	706041	585359	727995	776799	676958	929896	698528	978392	946651	909199	1122615	972412	1300277	1225023	1235614	1472532	1458489	1512239	1879405	1957616	2249302	2551134	3278068	3704467	5613781	11854306	29135551	5787466	0	0	0	1.5989
46	23459726	21384739	21081547	24869441	53641	53641	0	0	0	311924	756188	771702	685744	680729	609048	660905	717733	599272	740188	787691	691159	937601	715005	989310	957365	923145	1129213	990116	1308340	1238010	1248086	1482402	1470623	1527730	1889797	1966626	2256426	2559689	3279341	3702848	5607542	11816187	28993703	5794065	0	0	0	1.4532
47	23318464	21251975	20988841	24797094	492720	492720	0	0	0	332245	795494	813188	715523	707513	627367	683835	738528	611841	756062	803887	702999	953091	720773	999514	966285	925481	1139359	991778	1312808	1244314	1246892	1483239	1470602	1523442	1888154	1965899	2254163	2552048	3265787	3690103	5570164	11686355	28543006	5674635	0	0	0	1.9924
48	23305428	21463140	21172058	24882329	26139	26139	0	0	0	337326	821430	840297	742536	731477	648647	707669	765793	630545	781818	830404	722156	978207	741340	1027587	989608	946859	1166322	1015735	1339591	1273548	1268094	1513859	1505871	1553025	1924596	2005372	2293974	2596298	3309706	3745833	5628643	11636900	28249348	5552541	0	0	0	1.5234
49	23404166	21405444	21203988	24781390	54106	54106	0	0	0	344768	834024	852568	748539	736746	654841	710658	766787	634559	781171	829308	723656	977572	745306	1023332	988843	948441	1163019	1017615	1336345	1271404	1271023	1508004	1498997	1550899	1920804	1994331	2286827	2594557	3301165	3736038	5617239	11639686	28177021	5608895	0	0	0	1.5689
50	23276420	21423235	21319704	24796505	33230	33230	0	0	0	372046	939386	976163	855725	838709	734513	800230	860058	699977	868007	918196	790107	1067828	803761	1117467	1065705	1008665	1245733	1080296	1417945	1362408	1328611	1600321	1595446	1633232	2013524	2104437	2392329	2716510	3398195	3859061	5681431	11224855	26081636	5363351	0	0	0	1.7246
