#Name	E:\SaveData\2016-10-13_11_11_05_1001160120_R0057_A_CL100007973_BGI12297_WESPE_result\\CL100007973\L02\CL100007973_L02_19_1.fq
#PhredQual	33
#ReadNum	77744773
#row_readLen	50
#col	48
#BaseNum	3887238650
#N_Count	5299015	0.136318
#GC%	43.47
#Q10%	99.30
#Q20%	97.11
#Q30%	89.43
#EstErr%	0.389700
#Pos	A	C	G	T	N	0	1	2	3	4	5	6	7	8	9	10	11	12	13	14	15	16	17	18	19	20	21	22	23	24	25	26	27	28	29	30	31	32	33	34	35	36	37	38	39	40	41	Err%
1	27150229	17142848	17077960	16372411	1325	1325	0	0	0	11394	39037	58574	49406	48453	47103	51232	54380	52901	61927	69642	70733	95439	92603	112042	128089	193945	236232	249589	315913	390056	449865	525999	641737	654511	894867	946696	1140194	1172112	1311786	1261738	2254086	6855150	50444790	6761227	0	0	0	0.1504
2	23360011	14037721	18215482	22035430	96129	96129	0	0	0	34151	69172	83667	72188	70011	66226	72590	78014	76670	89762	101454	105711	139787	136758	164573	182812	260252	310026	326653	399128	472941	529740	606165	697101	738150	942948	1017655	1210196	1341225	1617306	1707087	2902549	7899367	46105085	7021524	0	0	0	0.3386
3	22345799	16936273	15770974	22549273	142454	142454	0	0	0	27713	61478	75653	66692	65385	62801	69277	74490	73892	87000	99550	102761	135269	133613	161264	175577	253929	302696	321832	391305	468445	519843	592003	688399	726747	926731	997183	1186043	1311843	1572949	1662042	2820756	7797355	46009475	7580328	0	0	0	0.3839
4	22898233	16596354	16239127	22009619	1440	1440	0	0	0	7524	18017	23845	22197	22678	22635	25546	28289	28681	35825	41660	46099	63656	66498	78024	100751	166966	206244	229686	285302	370038	421289	485178	595781	597184	805940	855009	1034886	1100509	1286264	1258967	2291871	7371217	50416252	7332825	0	0	0	0.0960
5	22735676	16242872	17036357	21691469	38399	38399	0	0	0	384	9196	15038	14742	15465	16394	18859	21882	23551	29142	34251	40667	56740	61166	69763	97869	164307	204227	228819	285582	373798	425455	489359	602477	593169	813159	852365	1033922	1089453	1284642	1210302	2246016	7507196	51104150	6672867	0	0	0	0.1255
6	22532325	16561117	16683267	21967858	206	206	0	0	0	330	8963	13971	14010	14701	15931	18394	21038	23243	30032	34636	42083	58959	63259	71450	104330	171680	212365	237823	296283	384408	435807	502413	613553	601892	825778	866701	1052922	1114606	1345353	1270593	2358074	7763581	50803567	6351838	0	0	0	0.0764
7	22961367	16148194	17079912	21406874	148426	148426	0	0	0	3473	19137	22640	21013	21381	21601	23597	25376	27083	34172	39211	46161	64422	67979	77643	112234	180100	222534	247214	309308	394438	445233	512737	619198	609125	833764	877639	1065947	1142253	1400471	1343370	2482366	8000319	50022644	6260564	0	0	0	0.2829
8	22365107	16741240	16178909	22435117	24400	24400	0	0	0	800	9489	14319	14522	15381	16302	19500	22334	24160	31950	36996	44984	64145	67542	76973	114133	182552	226830	249075	315055	398794	450372	516948	621365	612039	837216	882644	1070039	1147958	1433772	1369592	2538988	8152502	49962237	6178865	0	0	0	0.1105
9	22250503	16506929	16403962	22583360	19	19	0	0	0	390	9436	14307	14417	15559	16923	20072	23390	25379	33657	38856	47093	67608	70431	80217	119805	188607	234133	255192	323202	402504	456107	523868	621330	616538	841488	888907	1079127	1172317	1481870	1437157	2662042	8369049	49421033	6172743	0	0	0	0.0804
10	22588274	16416274	16690303	22049764	158	158	0	0	0	466	9643	14276	14667	15987	17039	20823	23825	26161	34608	40186	48945	70163	72138	83597	123730	192504	239810	259575	330689	406463	458152	528652	624059	617654	844699	893700	1083658	1179682	1512163	1468323	2717116	8499388	49145809	6126265	0	0	0	0.0818
11	22657763	16384409	16723185	21979407	9	9	0	0	0	595	10198	15357	15351	16582	18086	21645	25418	27185	36979	41902	51187	74061	75495	88017	128522	198496	247214	264304	339615	410966	465714	537302	626552	624085	850571	898544	1096003	1196774	1553066	1518960	2801637	8661758	48722762	6083861	0	0	0	0.0842
12	22581457	16546376	16725287	21891316	337	337	0	0	0	721	10459	15523	15533	16926	18645	22451	26194	28130	38028	43632	52886	77660	77166	90875	132761	203641	252161	269129	347004	416206	473065	544746	634114	627730	860238	906510	1100204	1198244	1559673	1512223	2800894	8687409	48727942	5955713	0	0	0	0.0861
13	22642419	16465660	16751583	21816049	69062	69062	0	0	0	2507	12430	18039	17999	19666	21346	26306	29936	31921	43940	50525	58341	86267	83616	100297	143205	213730	263341	277748	360549	423620	479659	552947	634313	634330	860997	913718	1108817	1218979	1609887	1589914	2925065	8893202	47959630	6008924	0	0	0	0.1822
14	22561458	16469580	16737340	21820752	155643	155643	0	0	0	2395	15961	20897	20631	22158	23870	28693	33249	34466	47045	53943	62000	90962	87242	105116	147895	217798	270365	281515	367722	426309	483599	556262	636117	637722	864426	918498	1114380	1235792	1644577	1639199	3004473	9036051	47454344	6003458	0	0	0	0.2995
15	22508018	16619980	16800249	21782125	34401	34401	0	0	0	1912	14291	20315	20334	22430	24139	29226	34380	35437	48795	55421	63288	94465	89595	109153	152777	223766	276883	286858	376816	430733	491245	565399	640241	644647	873704	927440	1123116	1241178	1663444	1647117	3031203	9087148	47447174	5916302	0	0	0	0.1437
16	22519300	16583092	16845751	21759138	37492	37492	0	0	0	3151	21479	29938	30289	32785	34621	41540	48063	48790	65498	75189	82014	121902	111270	140074	182605	223502	277560	285847	377036	430357	489902	563443	636166	643512	868381	924306	1123936	1250376	1687392	1685724	3102065	9217100	46941925	5909543	0	0	0	0.1702
17	22468053	16577896	16922428	21736791	39605	39605	0	0	0	7427	26873	35409	35195	37963	39934	47050	54645	54147	73146	83284	89050	132789	117616	150832	192280	233915	289578	294494	391221	437542	496317	573793	640907	651938	879565	936127	1135580	1269973	1729090	1747708	3199521	9383284	46319727	5917248	0	0	0	0.1867
18	22345175	16753164	16884616	21687515	74303	74303	0	0	0	5227	28028	37081	37042	40332	41985	49357	56803	56314	74677	85859	90838	137171	119682	154630	196542	237098	294465	297943	397043	440189	502464	578685	643534	653456	881515	939127	1136175	1267707	1736161	1739760	3193690	9398162	46311661	5810067	0	0	0	0.2341
19	22364635	16703686	16989702	21644320	42430	42430	0	0	0	16605	36099	43101	41579	45614	46782	55350	63416	62608	82964	95902	98889	149065	128342	167503	208102	249419	308701	308638	412901	450246	514471	593444	652108	669176	896751	957862	1160193	1307367	1795617	1832512	3335577	9602937	45461937	5850565	0	0	0	0.2123
20	22384349	16640550	16968896	21598668	152310	152310	0	0	0	9573	34797	44575	43651	47412	49907	58348	67131	65723	88014	100371	103340	156786	133754	175209	216500	257625	317990	316010	426226	458954	523280	603000	658223	675751	907425	966227	1166751	1310758	1815138	1854952	3376476	9656219	45099767	5806600	0	0	0	0.3543
21	22335832	16743119	17015519	21571502	78801	78801	0	0	0	9167	34854	43928	43990	47735	49934	58655	67625	66470	88769	100858	104486	158456	133782	177635	219084	259383	321875	318764	430248	460432	526196	607342	660795	679668	912045	973201	1175865	1325150	1842808	1878767	3416154	9739618	44958388	5773845	0	0	0	0.2602
22	22301001	16658609	17023628	21412733	348802	348802	0	0	0	13162	41539	51498	49863	54296	55618	65023	75572	72349	96139	109889	111306	168844	141968	189618	229045	270446	334899	326760	442725	467923	535703	619516	667290	692439	923853	987780	1191271	1347898	1883287	1935227	3495528	9835453	44187744	5724500	0	0	0	0.6233
23	22447649	16681953	17091290	21489325	34556	34556	0	0	0	11932	39081	49816	49459	54856	56440	66526	77515	73712	99387	113358	113735	175653	144835	195348	235660	278465	341802	333437	455104	475299	544444	628031	674577	699538	931549	997852	1202030	1353739	1901151	1947852	3525470	9927359	44261713	5673492	0	0	0	0.2191
24	22364073	16812800	17116306	21450366	1228	1228	0	0	0	14071	43157	54550	54225	59472	61804	71531	83762	79480	106598	120214	120709	185274	152196	205782	244546	286927	354105	342399	465910	483496	554044	639252	681879	714171	946124	1014774	1222429	1388821	1948382	2016338	3626427	10057530	43615271	5727895	0	0	0	0.1879
25	22428145	16774684	17167110	21373989	845	845	0	0	0	15577	45426	56610	56208	61787	64275	74644	87354	83040	110703	126147	125593	194006	157198	214113	252344	294907	363089	347685	478279	488878	562819	649985	687496	718837	956486	1023462	1231372	1394841	1965972	2033459	3655538	10103261	43394083	5668454	0	0	0	0.1941
26	22428991	16722578	17190999	21400999	1206	1206	0	0	0	18388	50673	62783	61877	68172	70104	81339	95181	90038	120214	137009	132930	205582	165518	227605	265478	306079	377969	359845	495303	502767	576111	665766	701200	738574	973456	1045110	1254125	1427576	2012170	2102734	3746560	10216168	42716857	5672306	0	0	0	0.2095
27	22310786	16850566	17187155	21395447	819	819	0	0	0	20584	53104	64117	64048	70655	72853	84768	99322	92537	124688	141636	139043	214638	170934	235974	273417	313709	387979	366228	507061	506492	583221	675945	705418	746551	984928	1056964	1265696	1440668	2039109	2139223	3800475	10290337	42338591	5673041	0	0	0	0.2161
28	22315164	16783642	17181864	21271266	192837	192837	0	0	0	23854	60940	72210	71242	78060	79878	92803	108155	101071	135031	152071	147928	227918	180999	251175	285928	326549	402725	378244	523890	518150	595344	691215	717713	764329	1001879	1075459	1287972	1468399	2079208	2205609	3895189	10394498	41461961	5694340	0	0	0	0.4812
29	22374476	16749675	17243241	21375487	1894	1894	0	0	0	24944	60513	71834	71356	79785	81782	94751	110457	103384	137841	156683	150447	233796	183487	257691	291693	333906	411481	383633	535322	524005	602812	700012	720235	768061	1009286	1082396	1296385	1472114	2089667	2204856	3905842	10425850	41529016	5637556	0	0	0	0.2386
30	22224642	16788635	17187794	21242509	301193	301193	0	0	0	29262	71444	81147	79866	86827	87362	101399	118142	108347	144237	163839	156007	243482	188908	265592	299928	340176	420160	389149	543820	530025	610481	709465	726294	776334	1018914	1092344	1307461	1487121	2117244	2235368	3937839	10454008	40937625	5583963	0	0	0	0.6419
31	22298286	16742394	17286045	21169162	248886	248886	0	0	0	33407	76297	87479	85597	94805	95159	111112	128360	118157	157842	177820	167540	258571	201556	283771	314931	355775	438376	403022	564596	544709	627544	727462	744110	800479	1044968	1121352	1337016	1526671	2166604	2307425	4035983	10544678	40230821	5581892	0	0	0	0.5928
32	22320732	16743908	17277799	21210036	192298	192298	0	0	0	35963	81447	91965	90821	99958	101220	117031	136013	124281	165196	186100	174932	271618	209884	295111	327086	364796	451129	412727	579183	553296	639034	741760	753438	813912	1059183	1136655	1356085	1548074	2197739	2350329	4098583	10624776	39774440	5588710	0	0	0	0.5332
33	22262254	16845701	17259940	21184522	192356	192356	0	0	0	39966	87403	98553	96205	106404	107499	123808	143452	130824	173291	195403	182477	283629	218201	309522	338310	378660	465920	422727	596989	564998	652656	757296	766820	827936	1077674	1153558	1370873	1564118	2221430	2380491	4137174	10656786	39350717	5570647	0	0	0	0.5489
34	22254042	16784345	17306090	21111167	289129	289129	0	0	0	40272	86691	97638	96788	106216	107134	123453	143875	131684	174952	197324	183413	287047	218092	311492	340091	380184	469422	425043	600641	567361	654212	760533	764526	827060	1077642	1156495	1373858	1564439	2228516	2383220	4139982	10680971	39230109	5525268	0	0	0	0.6736
35	22165906	16780502	17260227	21135200	402938	402938	0	0	0	45238	96312	106286	104501	114510	114916	132435	154107	139987	185580	208086	193024	299917	228528	325724	353321	391109	482406	437125	616696	580224	666930	776164	779610	847083	1097624	1177398	1399806	1596059	2270901	2435736	4204425	10725515	38540345	5514207	0	0	0	0.8406
36	22272223	16923463	17348852	21199127	1108	1108	0	0	0	46508	95329	106931	105894	117100	119204	137577	160570	146139	191715	216216	201369	309700	237851	338975	364933	403779	497198	447148	633536	592681	682847	793215	793662	867695	1119222	1203734	1429910	1632259	2313513	2496761	4288448	10841522	38247688	5562836	0	0	0	0.3307
37	22285391	16890701	17402702	21127413	38566	38566	0	0	0	51272	103852	114820	113155	126137	126405	144991	168237	152581	201505	226887	208023	323258	244853	351250	375961	413340	510474	457013	648574	600947	694298	805343	801815	876913	1132796	1215658	1439208	1639662	2330084	2512663	4309821	10852160	37910971	5521280	0	0	0	0.3976
38	22241179	16888649	17406235	21200129	8581	8581	0	0	0	55075	110220	121074	119403	131796	133356	152981	177687	161711	211422	237897	220203	336959	257342	365326	390569	427186	526953	470868	666062	616024	708991	826117	820217	901947	1154348	1240680	1471691	1680460	2371126	2581712	4394535	10918629	37213205	5562420	0	0	0	0.3761
39	22135126	16882501	17337373	21105663	284110	284110	0	0	0	61082	119497	129934	127865	140605	140780	161374	187156	169086	222207	248611	227739	350731	264681	380385	401947	435854	539170	478171	679423	624908	719407	836568	827957	908878	1166360	1250401	1476804	1687091	2380926	2588154	4404048	10907086	36699653	5516124	0	0	0	0.7512
40	22246953	16892704	17450646	21109297	45173	45173	0	0	0	59336	115058	126525	125380	138872	139215	160514	187344	168453	222285	249128	227986	353068	265419	382931	405341	440016	544101	482179	688552	628797	724235	842557	832733	913745	1173309	1257093	1482551	1689563	2395260	2599756	4422959	10953678	36779387	5522274	0	0	0	0.4392
41	22150400	16783929	17385265	21013526	411653	411653	0	0	0	71575	137028	147340	143406	156149	154964	177406	203468	183271	240143	267702	242394	373486	280898	403071	422879	455733	563993	496788	707261	642579	738014	860073	846397	931968	1192065	1274878	1502903	1711803	2417513	2629845	4451462	10915841	35915971	5472853	0	0	0	0.9535
42	22176530	16962036	17444205	21125882	36120	36120	0	0	0	72192	134902	145623	143572	157269	157614	181315	210540	188661	246711	275988	251718	384889	290003	416669	435686	469440	579652	510293	726242	657995	755413	883098	864241	956147	1220062	1302911	1540204	1754844	2465251	2697114	4539881	11013569	35573412	5505532	0	0	0	0.4751
43	22204879	16947881	17495723	21094856	1434	1434	0	0	0	78964	148140	157672	153958	169441	167766	192789	221940	200106	260215	289485	263038	400036	304596	434234	451687	481582	597354	525909	744407	676491	776190	901645	886194	980914	1244796	1330399	1571654	1790913	2497085	2744824	4583457	11034121	34996837	5484500	0	0	0	0.4581
44	22175948	16910326	17462296	21102099	94104	94104	0	0	0	81053	147523	158256	154536	170098	169419	194455	224269	200570	261853	292828	263734	403838	302751	438277	452679	485879	597472	524769	746287	673411	774428	901033	882362	976635	1240917	1326176	1559060	1774984	2493701	2725426	4558712	11021412	35005030	5466836	0	0	0	0.5798
45	22045427	16950521	17410774	21029392	308659	308659	0	0	0	89158	162801	171451	165464	180930	179531	205781	236037	210484	272847	304459	273986	417506	313807	449134	465392	496151	610607	535074	761730	687013	787263	917088	892153	992448	1255469	1341705	1578967	1796691	2512966	2752718	4581741	10993418	34399225	5444919	0	0	0	0.8840
46	22164884	16999946	17537227	21039302	3414	3414	0	0	0	92390	166724	174486	170445	187359	184751	211524	245075	217055	281968	314552	284781	430139	324697	465201	478653	507749	628237	548781	779168	700148	803571	934011	911095	1010423	1277505	1360782	1604287	1826282	2546606	2793172	4640408	11055841	34125640	5457853	0	0	0	0.5050
47	22144231	16973890	17505022	21060491	61139	61139	0	0	0	98726	178884	186440	180873	198790	195913	224291	256948	229562	296264	328972	297441	447893	336838	482769	495898	522563	646176	563081	797220	716673	820746	954804	927940	1030767	1298481	1385773	1628957	1851801	2575692	2831885	4683803	11047626	33523467	5439677	0	0	0	0.6066
48	21974350	16986009	17421374	20975683	387357	387357	0	0	0	102955	185488	192392	186212	204708	201582	230255	263654	234074	303065	337086	302498	459782	343005	493501	502291	530137	653857	567544	806914	720940	823294	961892	930568	1033066	1303151	1388218	1627310	1846153	2568099	2828146	4672670	10994291	33156837	5401781	0	0	0	1.0404
49	22170135	17001861	17546640	20974409	51728	51728	0	0	0	109067	193799	199948	194178	212563	208743	237725	272734	242480	312999	347688	311899	470502	352415	506398	514616	539947	668987	580068	822327	736945	840239	977304	947710	1054786	1326462	1411636	1655056	1876908	2604482	2870025	4715428	11052521	32900048	5424412	0	0	0	0.6286
50	22123701	16913658	17508149	20979732	219533	219533	0	0	0	125327	226281	235675	225099	246168	235480	270106	312304	265083	352219	388970	338349	519910	374260	558508	554016	574702	709949	612240	875977	774965	871210	1023093	995669	1092064	1382242	1463592	1714904	1952199	2676546	3002108	4882617	10949412	31080957	5663039	0	0	0	0.9184
