#Name	E:\SaveData\2016-10-13_11_11_05_1001160120_R0057_A_CL100007973_BGI12297_WESPE_result\\CL100007973\L02\CL100007973_L02_23_1.fq
#PhredQual	33
#ReadNum	78314871
#row_readLen	50
#col	48
#BaseNum	3915743550
#N_Count	5694817	0.145434
#GC%	47.13
#Q10%	99.31
#Q20%	97.25
#Q30%	89.80
#EstErr%	0.388379
#Pos	A	C	G	T	N	0	1	2	3	4	5	6	7	8	9	10	11	12	13	14	15	16	17	18	19	20	21	22	23	24	25	26	27	28	29	30	31	32	33	34	35	36	37	38	39	40	41	Err%
1	25267435	19040215	18671694	15334062	1465	1465	0	0	0	10909	39059	58359	50402	49195	47672	51929	55510	53364	62764	70393	72164	96449	93210	113557	127710	196443	235432	250759	314093	386294	442571	517750	635476	657380	904322	973564	1185710	1228503	1355817	1262933	2239534	6960186	50217695	7296298	0	0	0	0.1503
2	21830709	15394772	19902481	21087722	99187	99187	0	0	0	30756	65817	81350	69690	68225	64928	71010	76530	75339	88037	100603	104068	137308	134681	162620	178710	256558	304596	320398	393200	464706	520159	596206	687764	735582	941698	1025563	1234818	1379497	1650184	1689460	2861240	8054971	45972821	7616591	0	0	0	0.3340
3	20876255	18668177	16902819	21714385	153235	153235	0	0	0	24533	57422	72747	64024	63323	61352	67418	73127	72174	85034	96594	100699	131686	130292	157558	170068	249249	296350	317442	382938	459647	509065	583093	679909	721559	921896	1002104	1205132	1338781	1596263	1636584	2765381	7919970	45931004	8217218	0	0	0	0.3880
4	21470525	18350189	17319024	21173694	1439	1439	0	0	0	7486	18411	24352	22600	23228	23103	25951	29205	29746	36443	42129	46085	63256	66673	78761	98800	166352	203033	227477	280301	364701	412830	478101	589499	596883	811632	869361	1063441	1143096	1323769	1244370	2244013	7505844	50186602	7965898	0	0	0	0.0962
5	21226002	17953221	18067589	21025315	42744	42744	0	0	0	439	9696	15560	15536	16032	17060	19484	22296	24171	30306	34862	41357	56777	60979	70764	95034	161948	200610	224591	279167	366513	417538	479832	596508	593696	815427	868933	1065470	1133191	1322749	1185289	2174010	7612597	50956161	7287544	0	0	0	0.1312
6	20872098	18361681	17791515	21289260	317	317	0	0	0	345	9116	14791	14538	15427	16505	19221	21725	23539	29918	35167	41907	57505	62518	71088	99996	166775	206624	231500	287982	374952	425206	491599	605856	599601	826496	880611	1081924	1155658	1376496	1230703	2263300	7855599	50755050	6965316	0	0	0	0.0766
7	21380987	17861891	18285822	20629441	156730	156730	0	0	0	3619	20129	23571	21804	22133	22278	24360	26693	27722	34247	38969	46102	63569	66605	76413	107439	174652	216139	239258	299202	384382	432030	501696	611309	606440	833799	887403	1090011	1175260	1424083	1297215	2381018	8069141	50043393	6866057	0	0	0	0.2925
8	20764904	18546554	17359532	21615370	28511	28511	0	0	0	998	10183	15192	14771	15944	17103	19811	23195	24694	31895	37001	44626	62588	66245	76191	108396	176785	219824	242352	304310	386839	438009	505342	612161	608093	836947	888981	1093033	1180311	1451137	1317616	2428429	8200687	50057830	6768841	0	0	0	0.1156
9	20662928	18287583	17722627	21641725	8	8	0	0	0	424	9918	15159	14980	16281	17369	20731	23787	26057	33331	38812	47002	65256	68868	79677	113604	181696	224499	248232	312012	392158	441678	510822	615461	612390	838838	892763	1100017	1198142	1495531	1380409	2542147	8395193	49596261	6745358	0	0	0	0.0802
10	20996474	18148498	18089123	21080624	152	152	0	0	0	550	10262	15312	15557	16687	18166	21442	24550	26590	35031	40625	48181	68493	70427	82052	116701	185872	230942	251259	318030	395955	447364	516225	616522	614337	841418	896876	1101217	1204258	1514699	1410104	2597709	8497339	49392224	6671743	0	0	0	0.0820
11	21088752	18081071	18071965	21073043	40	40	0	0	0	681	10902	16258	16144	17585	18515	22564	26089	27919	36787	42802	50952	72614	73571	86110	122403	191411	237298	256768	326228	401729	453382	522138	620253	619497	845390	902038	1107748	1216110	1547601	1456838	2683526	8649773	49036982	6598225	0	0	0	0.0844
12	20984990	18273174	18105839	20950509	359	359	0	0	0	799	11174	16525	16425	17875	19425	22996	26441	28563	37824	43616	51552	74484	74798	88698	126461	195181	242179	260924	333648	406631	460032	530124	625333	624144	851248	907699	1108786	1212964	1550600	1448832	2674267	8654953	49107222	6462089	0	0	0	0.0861
13	21088932	18177513	18149496	20820600	78330	78330	0	0	0	3428	13402	19188	19101	20728	22164	26821	30692	32352	43314	49454	57077	82731	80959	96788	135515	204441	254203	268504	346422	413566	467062	538166	627373	627741	857276	911663	1113386	1229920	1594362	1522935	2800256	8841742	48397000	6486809	0	0	0	0.1938
14	20989502	18169923	18119577	20871997	163872	163872	0	0	0	2322	16898	22217	21744	23582	24472	28840	33126	34616	46113	52943	60419	87054	84726	101277	140080	209681	258716	273018	352143	416044	471055	543353	627195	633653	857356	913423	1115540	1240503	1621645	1567891	2882732	8980903	47952959	6452760	0	0	0	0.3083
15	20906493	18366991	18166229	20836708	38450	38450	0	0	0	2080	14791	21098	21376	23028	24768	29725	33866	35016	47217	54216	61869	90348	86129	105074	144478	213560	265153	275949	359407	422143	478603	550139	633846	636641	864815	919186	1123342	1243900	1633255	1576850	2899174	9014190	48016334	6354855	0	0	0	0.1477
16	20952691	18307411	18252947	20761170	40652	40652	0	0	0	2911	22465	31469	30956	33533	35445	41032	47703	48689	63080	72448	79366	115626	107431	133423	172307	212988	264229	275163	359790	417686	475827	548450	628328	633808	859194	915242	1118678	1246461	1651274	1610991	2968517	9131407	47591824	6326478	0	0	0	0.1725
17	20928683	18293393	18290189	20759029	43577	43577	0	0	0	7178	28367	37323	35912	38250	40104	46645	53013	53847	69957	79901	85871	124791	114629	143651	181667	221699	275548	284653	371681	426522	484282	558295	634646	641885	864669	923648	1129402	1263121	1687321	1677167	3069652	9288563	47021988	6305446	0	0	0	0.1898
18	20780228	18466777	18292902	20694751	80213	80213	0	0	0	4951	28552	38648	37739	39936	41938	47964	55485	55199	71274	82338	87260	127826	115423	146051	184331	225754	279238	287619	376816	430475	489244	561552	635975	643868	869448	924458	1127479	1260930	1691447	1664769	3056965	9287373	47074095	6182238	0	0	0	0.2382
19	20852758	18398181	18401553	20616837	45542	45542	0	0	0	15209	35845	44179	42528	45171	46534	53855	61780	60683	78825	89777	94742	139321	123443	158104	196081	236203	292497	298498	391776	438826	499268	575820	643659	656022	881270	942537	1146474	1290398	1747932	1756298	3202178	9489733	46299405	6194458	0	0	0	0.2116
20	20861669	18307305	18348515	20637723	159659	159659	0	0	0	9270	35546	45461	44677	47241	48802	56598	64929	63636	83302	94124	98449	145416	127970	164143	202837	244376	302431	304974	402535	445841	507586	586540	648591	662739	890609	947461	1150667	1293817	1759335	1780534	3245649	9533658	46009322	6106146	0	0	0	0.3585
21	20770526	18476255	18402242	20581583	84265	84265	0	0	0	8445	35316	45696	44516	47491	49370	56461	65414	63919	83850	95596	99578	147914	129827	166249	205708	246049	304304	306706	407455	449753	511699	589995	649859	666779	893505	952702	1158051	1304702	1783365	1803487	3282863	9606892	45907658	6059432	0	0	0	0.2625
22	20756141	18359865	18434744	20385317	378804	378804	0	0	0	12141	42348	52639	50515	53709	54465	62500	71855	69384	91069	103031	106193	157235	136090	177094	215138	256129	315850	316547	420547	456098	522238	598967	656148	679501	904137	966925	1172695	1327062	1819077	1857639	3364887	9699081	45156054	5991079	0	0	0	0.6535
23	20896012	18362956	18488017	20529487	38399	38399	0	0	0	11078	39361	50609	49597	53385	55291	64107	73111	71392	94054	106503	108951	162536	138977	182275	221791	262809	325286	321067	431205	465461	530504	610641	666350	685718	913706	975491	1179534	1331446	1838319	1876788	3403968	9783274	45278782	5913105	0	0	0	0.2182
24	20769685	18554066	18498015	20491733	1372	1372	0	0	0	12818	43404	55122	54098	58128	59349	69105	79135	75968	100270	113808	114119	171217	146122	192221	229878	270776	334668	329745	442338	471244	536611	621894	671405	698128	924931	989507	1200000	1359514	1882379	1947850	3511423	9918585	44679528	5948211	0	0	0	0.1816
25	20859861	18518181	18575705	20360171	953	953	0	0	0	14270	45364	56594	55944	59892	62336	71513	82174	79014	103916	117624	118684	178558	149838	198390	237324	278474	344105	335304	452810	478710	547322	629948	677519	704033	933602	998738	1204364	1368292	1898178	1966655	3542498	9962933	44483909	5875089	0	0	0	0.1869
26	20851592	18443892	18573131	20444935	1321	1321	0	0	0	16809	51141	62410	60947	66209	67409	78192	89244	85676	111702	126523	126403	189812	158915	211697	249580	289921	357500	347474	469153	489555	559523	644679	688915	721215	951913	1018731	1227356	1397949	1943594	2037780	3649170	10080752	43830592	5855109	0	0	0	0.2014
27	20706048	18601457	18575111	20431014	1241	1241	0	0	0	18802	52990	64374	62715	67760	69871	80482	92983	88352	115544	131584	131267	196607	162820	217323	255598	297045	366507	353299	479276	497238	567005	653274	693723	730308	961282	1028617	1237507	1409786	1962777	2067228	3702519	10150806	43518252	5828109	0	0	0	0.2074
28	20713968	18527711	18608700	20258375	206117	206117	0	0	0	21581	60293	71288	69940	75447	76490	88118	101655	96237	124561	140706	138941	208732	173141	231904	269140	308105	380914	364785	495017	508321	579753	667901	702252	745765	975926	1047563	1259286	1438168	2005641	2142428	3808446	10262516	42651683	5816110	0	0	0	0.4858
29	20798179	18482191	18638576	20393552	2373	2373	0	0	0	22872	59824	71922	70001	76030	77608	89350	103788	97494	127538	145007	141916	214997	174661	237267	274943	315344	390182	369801	505608	513740	587014	677005	710167	749056	984657	1053440	1264604	1436901	2015193	2145129	3818204	10288882	42750862	5751491	0	0	0	0.2285
30	20631216	18528820	18562011	20264533	328291	328291	0	0	0	26815	70879	80693	77705	82853	83519	94781	109258	102050	133735	151679	146977	222327	179501	245257	281289	320476	396608	375854	515639	518411	593808	685621	716040	758003	992839	1063064	1275478	1455500	2041848	2177195	3857517	10309205	42161519	5682637	0	0	0	0.6617
31	20722236	18493409	18681807	20153156	264263	264263	0	0	0	30071	74509	85294	83209	89741	90259	103467	119060	110539	144404	162530	157934	237612	192070	261981	296409	335669	415452	390404	534617	533918	610678	704776	731651	780789	1019720	1090552	1308658	1492139	2091891	2252721	3963633	10423085	41475545	5655621	0	0	0	0.5953
32	20740101	18459673	18660686	20251478	202933	202933	0	0	0	32690	79294	90422	88329	94939	95771	110050	126507	117377	152808	171728	164570	248629	199557	273484	307678	346489	426321	399703	550284	544518	622675	719094	741043	794928	1033067	1105498	1326211	1515503	2126421	2301546	4034771	10504927	41029831	5635275	0	0	0	0.5302
33	20649794	18594154	18664518	20201496	204909	204909	0	0	0	36806	85089	96476	92894	100280	101309	115380	133046	122465	159824	181011	172165	261068	206691	285385	318916	357339	441164	409985	565813	555996	634436	734985	752995	810282	1050767	1123792	1341290	1533191	2151564	2333044	4084451	10541584	40618653	5599826	0	0	0	0.5470
34	20677181	18525694	18730916	20068185	312895	312895	0	0	0	36442	84908	96369	93877	100756	101415	116432	134412	123953	161653	181859	173326	262144	208332	288004	321153	360142	443681	411674	569705	556773	636744	736999	754154	811090	1050452	1122861	1343214	1533782	2157668	2336940	4089690	10552307	40497637	5551428	0	0	0	0.6858
35	20617692	18472455	18659983	20128701	436040	436040	0	0	0	41343	94278	105383	101597	109256	108687	124688	143914	132491	170896	193096	182949	274877	218269	302324	334504	372224	458899	424407	586084	569039	651726	753066	765320	830137	1070107	1145649	1369709	1567870	2202993	2398926	4169148	10619225	39776650	5509100	0	0	0	0.8633
36	20639785	18687960	18783902	20202040	1184	1184	0	0	0	42562	93631	105044	102430	111860	112098	128890	148867	136878	177214	199649	190812	285194	226549	313952	344620	383563	472306	435673	602934	580952	666192	769488	781504	850223	1093619	1171637	1400327	1602636	2245539	2462139	4265788	10728058	39529779	5551080	0	0	0	0.3139
37	20686971	18652749	18854996	20081445	38710	38710	0	0	0	46600	101170	112167	110492	118699	118893	135214	157166	143686	187115	210259	197528	298817	234985	325392	357459	393235	486093	445298	620123	591541	676929	783489	792590	861258	1106295	1185176	1410678	1613038	2263993	2483404	4285918	10748721	39184392	5488348	0	0	0	0.3791
38	20669469	18596298	18845853	20194443	8808	8808	0	0	0	50234	107386	118427	114522	125613	126165	143825	165550	152012	196448	219031	208180	310578	246379	340548	370818	405997	502069	459211	633542	607088	694023	802073	810039	884454	1132894	1213153	1446629	1656625	2311211	2557560	4385178	10818775	38483094	5506732	0	0	0	0.3571
39	20522510	18636763	18766225	20089988	299385	299385	0	0	0	55397	115943	126077	123059	132831	132962	150903	173821	159582	205423	229558	216021	323492	254318	353436	381777	417744	513044	468144	648604	615203	704634	814240	815527	892657	1140811	1224596	1452349	1661208	2324507	2571458	4406266	10806203	37953697	5449994	0	0	0	0.7467
40	20638201	18659563	18907107	20061381	48619	48619	0	0	0	54397	112752	124399	120858	131760	130982	151316	173376	158189	206727	230859	216723	325962	254623	355269	384741	420278	520255	471026	655242	619243	706554	820270	821867	895517	1149977	1229823	1459213	1664727	2331161	2584074	4424880	10854119	38055415	5449678	0	0	0	0.4236
41	20568499	18504138	18794866	20003528	443840	443840	0	0	0	65811	134504	144645	138887	148983	147198	166656	191869	172714	223671	248785	232598	345818	271442	376101	403667	437445	537924	485843	675691	635118	725358	837085	837208	915502	1169075	1249933	1481489	1693036	2359785	2624213	4466882	10814152	37132616	5379327	0	0	0	0.9703
42	20559782	18737599	18888642	20088167	40681	40681	0	0	0	66252	132452	143136	138249	149349	150126	170245	194932	177894	228298	255108	240117	355511	279561	388617	415903	449946	554861	500196	693143	649463	742521	859955	853295	941687	1197549	1280564	1518847	1735450	2414485	2695301	4562444	10934401	36809407	5394925	0	0	0	0.4590
43	20602034	18711141	18970365	20029787	1544	1544	0	0	0	71955	143843	153278	147927	160886	159275	181876	207508	188540	242313	269617	252340	371413	293217	405765	432883	462756	570988	515244	712717	667179	762945	880046	875216	969397	1224022	1309934	1552137	1777382	2455469	2752235	4623045	10960270	36200147	5359562	0	0	0	0.4343
44	20604602	18623794	18903822	20082057	100596	100596	0	0	0	73342	144470	154509	149246	161568	160799	183349	209881	190386	243868	271934	252933	377437	293805	408504	435086	466723	574646	514402	718274	667340	761936	881454	874406	962826	1221298	1303491	1545980	1765777	2449034	2735013	4602017	10937744	36190145	5330652	0	0	0	0.5640
45	20455871	18712229	18834797	19980521	331453	331453	0	0	0	81314	157885	166524	159652	172595	169938	193571	220755	198913	255959	284203	263131	388462	303851	422459	447694	477124	588107	526250	730110	677310	773842	896333	886477	978616	1238855	1320425	1565655	1790411	2470994	2768973	4637443	10920320	35551254	5298013	0	0	0	0.8850
46	20557288	18776959	19002654	19973611	4359	4359	0	0	0	84754	162186	171207	163728	177584	176844	200198	229239	206530	265279	294136	273088	401523	313876	438470	461107	489910	604510	539245	749797	693270	792001	915355	901606	1002560	1260943	1346393	1591629	1818442	2511894	2813739	4695433	10985685	35279506	5298845	0	0	0	0.4816
47	20579646	18681047	18956709	20028328	69141	69141	0	0	0	90633	174016	182368	174192	188503	186475	210697	240788	217345	278081	307496	285638	418603	328561	455412	478238	506868	622316	555416	771523	712736	809896	937707	921872	1023770	1287673	1371255	1620946	1851790	2539562	2860182	4752620	10977352	34643489	5261711	0	0	0	0.5900
48	20379965	18719281	18885996	19917733	411896	411896	0	0	0	94085	181495	188731	180115	195576	191634	217305	248010	222518	286027	314624	290932	427855	332911	465223	485078	513877	632103	560603	781222	717210	812770	943045	923923	1027455	1291058	1375337	1621239	1846685	2538982	2857709	4742967	10921667	34251690	5221314	0	0	0	1.0423
49	20565905	18769336	19015762	19907490	56378	56378	0	0	0	100184	188881	195180	187259	202233	199784	226121	257611	231007	294114	325688	301883	439678	344536	478391	496278	523230	645709	574452	795687	731505	832657	961771	941789	1049745	1313631	1400182	1651566	1881873	2573804	2906376	4803105	10971431	34004226	5226926	0	0	0	0.6073
50	20511208	18634733	18977467	19951898	239565	239565	0	0	0	115297	224412	232964	221140	237421	228312	259087	296089	258330	334871	367002	332097	492269	371164	530640	539474	563264	692439	612134	851463	775988	871081	1011466	995550	1096699	1378917	1460316	1717666	1965749	2657330	3041207	4960535	10867598	32067671	5447664	0	0	0	0.9185
