#Name	E:\SaveData\2016-10-13_11_11_05_1001160120_R0057_A_CL100007973_BGI12297_WESPE_result\\CL100007973\L02\CL100007973_L02_21_1.fq
#PhredQual	33
#ReadNum	79753692
#row_readLen	50
#col	48
#BaseNum	3987684600
#N_Count	5553957	0.139278
#GC%	47.18
#Q10%	99.13
#Q20%	96.45
#Q30%	87.91
#EstErr%	0.452142
#Pos	A	C	G	T	N	0	1	2	3	4	5	6	7	8	9	10	11	12	13	14	15	16	17	18	19	20	21	22	23	24	25	26	27	28	29	30	31	32	33	34	35	36	37	38	39	40	41	Err%
1	25587348	19302422	18969107	15893379	1436	1436	0	0	0	10872	38810	58026	49189	48856	47036	51077	54093	53034	61601	68900	70234	94991	92052	110945	128022	194064	235641	250780	315756	389846	449002	524795	643411	659567	909645	973216	1183344	1220388	1349005	1281794	2294532	7036670	51512589	7290473	0	0	0	0.1467
2	22169486	15708285	20191754	21584083	100084	100084	0	0	0	34739	69526	85815	73032	71541	67164	73936	80315	78560	92222	104473	107961	143425	139265	168696	187382	267467	318916	335362	409999	483145	541717	617231	710725	754537	964188	1045109	1251621	1392145	1671621	1766594	3008407	8154569	47000004	7382199	0	0	0	0.3392
3	21259871	18873888	17341727	22129707	148499	148499	0	0	0	28080	63907	78708	69069	68431	65548	72007	78588	77239	90761	103061	107087	140653	138756	167053	183320	265264	314839	334018	406413	484833	537596	610296	707921	747176	954511	1029083	1224945	1359340	1623854	1739381	2948748	8024276	46931206	7829225	0	0	0	0.3891
4	21832533	18591195	17731727	21596808	1429	1429	0	0	0	7715	20102	25651	24569	25404	24844	27920	31178	31733	39342	45203	50392	69234	71150	83016	109130	179412	220601	243863	302727	389445	441467	506439	619271	618174	836644	885500	1071356	1145567	1336289	1345938	2447309	7606021	51434537	7435120	0	0	0	0.1000
5	21610766	18260547	18467744	21374833	39802	39802	0	0	0	573	10536	16904	16794	17629	18696	21098	24295	26025	33083	38178	44956	62599	66625	76466	107313	179090	220773	245171	305783	396876	449326	513996	628705	617724	844672	889015	1073259	1133285	1338471	1307253	2417898	7732881	52153608	6684334	0	0	0	0.1303
6	21292023	18667550	18175557	21618287	275	275	0	0	0	480	10453	15945	16017	16926	18318	21231	24261	26335	33520	38553	46896	65863	69698	78869	114791	186391	231475	256220	320284	410522	463479	530684	643187	630953	861281	905194	1095343	1161220	1401856	1375689	2542522	7998283	51820020	6320658	0	0	0	0.0812
7	21798630	18171431	18649116	20980085	154430	154430	0	0	0	3578	21336	25047	23634	23886	24291	27059	29879	30441	39124	44539	52847	73771	75469	87384	125670	198308	245480	268673	339008	423852	477534	546442	652144	640495	874788	919613	1112130	1189313	1464390	1462999	2691436	8236541	50975186	6172975	0	0	0	0.2914
8	21176532	18841968	17755326	21954601	25265	25265	0	0	0	1116	11412	16823	16729	17915	19431	22808	26104	28242	37151	42730	51869	73446	75381	87243	128132	202676	251514	273088	346803	428871	484013	552947	657271	646291	882226	927318	1117575	1201136	1498461	1494740	2764652	8387063	50906597	6048653	0	0	0	0.1171
9	21082451	18577429	18104438	21989363	11	11	0	0	0	651	11603	17305	17301	18353	20131	23621	27455	29805	39466	45248	55034	78076	80069	92983	135341	211177	262067	280710	357717	436783	492998	564841	661677	655577	889917	939240	1132010	1228185	1554455	1580753	2904991	8610379	50306659	5991103	0	0	0	0.0877
10	21401432	18448912	18476992	21426179	177	177	0	0	0	772	11881	17596	17770	19195	20562	24913	28927	30388	41173	47698	56829	82349	82280	96273	140427	216903	269458	285795	368775	442322	498603	570974	666254	660240	896213	947285	1140218	1240027	1587978	1619028	2983069	8731939	50010823	5898578	0	0	0	0.0899
11	21492753	18380731	18477929	21402234	45	45	0	0	0	959	12891	18663	18749	20328	21696	26603	30747	32579	44662	51194	60489	88352	87354	103211	148157	225215	279225	294656	381511	449824	508779	584760	672144	670196	906665	958764	1153820	1264558	1632781	1681698	3088067	8893594	49526092	5814664	0	0	0	0.0934
12	21405134	18566593	18498650	21283022	293	293	0	0	0	1209	13175	19077	19373	21265	23006	27672	31958	33618	46385	53104	62134	91900	89526	106707	154216	233447	288069	301310	392214	459217	518871	595463	681257	676289	917736	965148	1161010	1263005	1644955	1684612	3096762	8920297	49498194	5661218	0	0	0	0.0961
13	21520707	18457496	18555179	21146926	73384	73384	0	0	0	3846	15939	22286	22854	24529	26785	32545	37773	39045	53169	61176	70365	103891	97737	119135	166733	245904	303437	311285	410131	467943	529146	607720	685801	687681	927478	979519	1177172	1291136	1703488	1774927	3241901	9123464	48650131	5664236	0	0	0	0.1978
14	21412697	18444024	18517582	21219283	160106	160106	0	0	0	3151	19551	25732	25780	27747	29594	35552	41173	42285	57502	65548	74191	110190	102143	126736	173846	253887	311648	318427	419562	474012	535752	615966	690026	694828	933836	990030	1188051	1310576	1742969	1834028	3337841	9271542	48086192	5623692	0	0	0	0.3132
15	21320037	18648032	18577455	21171996	36172	36172	0	0	0	2954	18524	25622	25897	28233	30631	36887	43306	43958	60640	68619	77024	116108	105232	132076	179644	260304	320954	326000	432331	482723	547354	626475	696963	701230	945745	1001622	1195592	1321031	1768192	1846199	3371658	9327032	48037758	5513002	0	0	0	0.1595
16	21384714	18595870	18656387	21077712	39009	39009	0	0	0	4410	27903	37933	38319	41696	43674	51614	59824	60235	81511	92940	99139	149116	132518	168504	216078	261010	322914	325171	436682	480779	545455	628039	693381	704247	943118	1000664	1200508	1332021	1794636	1894082	3458158	9439230	47472622	5476552	0	0	0	0.1904
17	21331771	18585147	18677569	21117813	41392	41392	0	0	0	9717	34772	44562	44688	48265	50419	59464	68585	68018	90979	103433	107477	162818	140354	183119	229530	273818	337898	337452	452324	491602	558828	641103	701577	716047	957519	1018670	1219081	1358002	1842078	1968423	3570096	9600505	46769119	5451958	0	0	0	0.2106
18	21184390	18786894	18667955	21037374	77079	77079	0	0	0	7511	35593	47105	46810	50586	52777	61878	71738	69901	93991	107251	110778	167684	143303	188575	233227	280041	346356	342014	462121	496194	564012	648848	707064	718947	962306	1022354	1222469	1358007	1853592	1966151	3576057	9611330	46720756	5329286	0	0	0	0.2588
19	21237495	18713224	18808605	20951008	43360	43360	0	0	0	19600	45233	54517	52742	57806	59936	70019	80838	77864	104088	118772	121503	183110	154671	204950	249305	294577	363287	356559	482048	509364	580617	668043	719424	740173	986125	1047675	1251783	1402355	1921389	2071127	3727240	9799502	45803300	5330790	0	0	0	0.2393
20	21235151	18636740	18746252	20975802	159747	159747	0	0	0	13395	45166	56817	56143	60917	62922	73996	86166	82192	110198	125659	126294	193728	160329	215041	259587	306222	376647	366511	498079	519376	592705	679946	727295	750426	996658	1060569	1263023	1413367	1947274	2103215	3777797	9857080	45378161	5251044	0	0	0	0.3885
21	21162472	18792324	18800434	20916704	81758	81758	0	0	0	12766	45478	57595	57106	62461	63787	75264	87528	83131	111998	127775	128095	197478	163205	219302	264074	309198	382964	369549	505003	523355	596874	686052	732344	756591	1006483	1072764	1275222	1429794	1976634	2134373	3828744	9934697	45198133	5196117	0	0	0	0.2928
22	21167377	18668401	18812137	20739055	366722	366722	0	0	0	17418	53816	66396	64657	70636	71703	84209	96088	91912	122250	138393	137908	211349	173243	233152	276788	323123	397897	380437	523352	534380	610653	703259	740669	772821	1023608	1091580	1294808	1459018	2020904	2194092	3920901	10018453	44339662	5127435	0	0	0	0.6694
23	21276335	18672372	18881804	20887000	36181	36181	0	0	0	16629	52640	65206	64999	71073	73381	86113	99927	94600	127032	144015	142069	220767	177209	242559	285170	333567	408969	389192	536848	542931	622787	717129	750430	782514	1036873	1103574	1311326	1468499	2046285	2219563	3966039	10104470	44350290	5062836	0	0	0	0.2571
24	21153807	18860363	18899663	20838403	1456	1456	0	0	0	19867	57761	71470	70510	77581	80473	92482	108049	101049	136478	154262	150392	233233	187159	256856	297395	344914	423938	399957	552495	555663	634222	731876	760000	801121	1056062	1125865	1339464	1508488	2099515	2294708	4073371	10230465	43640249	5084846	0	0	0	0.2284
25	21236251	18817474	18980190	20718830	947	947	0	0	0	21980	60807	73685	74342	81476	83966	96938	113712	106290	142608	161619	156190	242835	192552	267052	308326	354240	437450	408671	567045	563707	645584	745441	768669	810310	1067530	1138772	1347906	1519960	2127547	2319725	4108947	10276604	43345064	5015195	0	0	0	0.2370
26	21214235	18756322	18977496	20804231	1408	1408	0	0	0	26053	68514	82347	82167	90431	91777	106986	124596	115627	154252	174474	167395	259937	203084	284830	324368	368959	454927	423487	590914	579412	664122	765905	787099	834859	1092840	1168968	1381579	1559349	2181671	2393218	4212954	10370805	42570917	4993461	0	0	0	0.2577
27	21078805	18927704	18976650	20769375	1158	1158	0	0	0	28482	71468	85309	85007	93367	95017	111605	129377	120921	161174	182407	172770	271256	210561	296011	333129	378848	467021	431594	604924	586343	673741	777527	794740	845720	1107359	1184230	1397887	1578138	2209451	2433003	4272009	10432959	42160457	4968722	0	0	0	0.2665
28	21104482	18843957	19000141	20599643	205469	205469	0	0	0	33406	81893	95587	94624	103711	105370	121971	142964	130883	173286	195918	186581	288175	223753	314309	351425	395386	487330	446538	624670	600642	691190	797080	808608	866921	1128852	1205189	1425349	1612191	2256592	2503728	4367602	10512033	41204701	4969765	0	0	0	0.5465
29	21166574	18799324	19044966	20740447	2381	2381	0	0	0	35054	81673	95812	95282	105337	107772	124611	145350	133548	178630	201661	189948	298965	226258	323100	358602	403741	498040	453191	641535	607484	700245	809911	817807	874202	1141521	1217210	1432306	1618317	2275240	2516664	4387275	10536762	41213748	4904509	0	0	0	0.2963
30	20974603	18870897	18974792	20615648	317752	317752	0	0	0	40155	94925	106996	105061	114173	115426	132808	154184	141160	188029	211391	196385	307663	234288	334637	367924	413302	509009	461136	653060	615313	709454	820571	822789	887734	1153982	1232450	1450744	1640753	2301635	2547975	4424442	10546480	40558012	4841894	0	0	0	0.7136
31	21097620	18826447	19084283	20483295	262047	262047	0	0	0	45851	102773	116072	113837	125949	126364	145193	168142	152925	203127	228520	211258	329738	249985	356138	388703	431206	531307	478317	680097	635828	730737	845992	846456	912441	1185213	1265615	1488470	1681905	2357673	2619771	4518229	10620895	39784680	4812238	0	0	0	0.6682
32	21119016	18780889	19062849	20591077	199861	199861	0	0	0	49843	108818	122981	120401	132456	133160	153823	178940	162197	213716	240230	221437	344619	260411	372639	401452	446616	547296	490731	695207	648212	743863	863051	857898	931698	1203124	1286211	1511704	1709240	2395394	2668179	4581780	10680105	39272636	4803763	0	0	0	0.6074
33	20996905	18941127	19085351	20525955	204354	204354	0	0	0	55397	117246	131018	127512	141422	141551	162715	188257	170005	223952	252641	231837	360198	269346	389916	417081	459212	565663	504166	717802	658117	761920	881611	873093	947349	1222611	1306299	1532797	1731511	2421393	2705681	4624967	10694177	38787357	4773518	0	0	0	0.6331
34	21046419	18855956	19133276	20414685	303356	303356	0	0	0	55562	118073	131441	128665	142564	142219	163525	190936	171673	226657	255177	232844	365767	271700	394160	420741	463905	570381	506431	725754	661615	765258	884267	875254	951379	1227310	1311218	1533612	1732601	2432072	2711947	4635583	10710749	38612588	4726708	0	0	0	0.7598
35	20986020	18809641	19070906	20463586	423539	423539	0	0	0	63013	130238	143109	139581	153295	153215	175360	204065	183420	241107	269757	246638	382787	285262	413656	437168	478795	589873	521669	745069	678401	780862	907995	891034	974579	1253573	1339023	1567303	1772229	2480831	2766478	4699158	10736816	37833483	4691311	0	0	0	0.9377
36	21003455	19021138	19196395	20531346	1358	1358	0	0	0	66102	131923	146045	142916	157961	159255	182368	211068	190682	249713	280202	255052	397464	296851	429455	451724	492206	607351	535318	766151	692866	800160	927907	911008	999387	1281221	1367051	1601865	1809826	2522564	2829854	4783944	10824390	37519196	4731288	0	0	0	0.4201
37	21045849	18984055	19272226	20411741	39821	39821	0	0	0	71972	141557	155526	152913	168793	167971	192903	222556	199414	262229	296284	266070	414394	305260	446115	467260	506989	624185	547017	785689	705638	815164	943592	921482	1010924	1295695	1382713	1614685	1823070	2543529	2845899	4801267	10826388	37111627	4677101	0	0	0	0.4914
38	21021629	18948797	19268854	20505397	9015	9015	0	0	0	77630	152000	164640	162407	178338	178377	202913	235098	210816	275457	308623	279249	429642	321401	464393	483693	521483	642906	563335	806111	726198	835776	968566	945697	1041330	1324498	1413373	1654069	1868637	2587748	2914739	4882973	10859711	36364254	4698596	0	0	0	0.4765
39	20894298	18981371	19188191	20395864	293968	293968	0	0	0	84847	162578	176093	171665	188791	187461	214836	247930	220657	288644	321574	289189	447639	330412	481040	497013	535532	659345	574309	824603	733262	845455	983450	952606	1050345	1338720	1423634	1660927	1873546	2605214	2926878	4886597	10827210	35803514	4644208	0	0	0	0.8584
40	20999380	19005516	19329947	20371348	47501	47501	0	0	0	83622	159233	172252	169992	187894	186428	214066	248392	220978	290519	325243	291443	452753	331106	487171	502767	541124	667235	580778	833939	739362	853661	990271	958619	1056007	1348294	1434064	1668799	1882837	2618703	2940423	4910270	10872354	35843922	4641670	0	0	0	0.5467
41	20918593	18853799	19215123	20332835	433342	433342	0	0	0	98716	185197	197518	192025	208894	206463	233630	268946	238214	310727	346191	308712	477771	349499	509576	522825	559822	688434	597053	855692	757499	871186	1010090	974653	1078123	1367835	1456349	1691517	1903933	2643353	2969194	4931151	10802932	34918959	4587671	0	0	0	1.0809
42	20910885	19088854	19301093	20414324	38536	38536	0	0	0	101652	187077	199030	193473	213385	211450	240350	277622	246911	320685	358591	319789	492329	362349	529295	539284	573596	708723	611219	878646	775318	894419	1034963	998133	1108616	1402806	1490920	1731464	1949954	2688998	3036098	5014031	10878296	34540898	4604786	0	0	0	0.5973
43	20961821	19066556	19383533	20339914	1868	1868	0	0	0	111305	203927	213811	207613	228542	225004	256058	294668	260281	338026	376529	336422	511444	380089	548475	560547	592385	729827	631948	900472	797197	914539	1059985	1022578	1133816	1429158	1516811	1765367	1991116	2731914	3079730	5049918	10866683	33912982	4572657	0	0	0	0.5864
44	20950503	18974538	19328278	20403017	97356	97356	0	0	0	114109	205424	215405	210146	230976	226866	257917	297823	262667	342892	379700	337223	518318	380169	554237	563286	594509	734343	631068	906865	795512	915717	1062105	1021251	1131100	1429411	1515401	1759922	1980324	2727188	3067069	5034305	10842981	33862153	4547954	0	0	0	0.7117
45	20795225	19064727	19276098	20297442	320200	320200	0	0	0	124138	223391	231052	225408	244004	239321	271675	312201	275013	355216	394938	350744	534129	393549	570632	578377	607153	748496	643358	923064	809435	930386	1079174	1032464	1150504	1446082	1533359	1776984	2001837	2742317	3086198	5050554	10807380	33217853	4523106	0	0	0	1.0248
46	20918441	19131102	19434674	20264826	4649	4649	0	0	0	130001	231209	239619	231936	254430	247231	281538	324432	285202	368030	409346	362794	552119	405904	589986	593844	623074	769488	658751	947234	827435	947758	1100412	1054799	1169521	1469833	1558924	1806167	2029145	2781005	3129862	5096432	10837515	32909754	4524313	0	0	0	0.6508
47	20906247	19048795	19395143	20339460	64047	64047	0	0	0	139096	246861	254310	245784	267717	262922	297842	340645	299370	385211	426499	377829	571492	422818	613417	613958	641461	791265	677056	968443	846914	969110	1126189	1071674	1193958	1494950	1583959	1833022	2057598	2807696	3167237	5125546	10805227	32263289	4499280	0	0	0	0.7594
48	20729560	19079504	19298015	20242322	404291	404291	0	0	0	144783	256382	263257	254098	276304	269502	306054	349352	306250	394900	437649	385816	583755	427503	624580	623358	649164	800753	683029	978692	853309	975188	1130446	1078192	1195396	1500084	1584686	1830834	2053785	2800828	3158866	5109508	10731724	31865293	4466081	0	0	0	1.2053
49	20913041	19129279	19437454	20219168	54750	54750	0	0	0	153765	270364	274184	264053	287260	281045	316957	362164	317461	408332	449510	397484	599086	441861	641150	638956	663690	819643	697905	998291	868399	993927	1148715	1095332	1219949	1524185	1612246	1864141	2090345	2836886	3197081	5150845	10763534	31580465	4469731	0	0	0	0.7949
50	20864958	18990918	19388272	20276673	232871	232871	0	0	0	175445	313155	321031	305909	330841	312254	358343	412154	344626	458093	500187	428136	662857	465098	702030	684309	702932	865569	732228	1058746	911975	1025199	1198748	1147040	1252023	1581790	1660560	1916444	2148979	2900502	3297812	5250789	10632671	29797418	4664928	0	0	0	1.1108
