#Name	E:\SaveData\2016-10-13_11_11_05_1001160120_R0057_A_CL100007973_BGI12297_WESPE_result\\CL100007973\L02\CL100007973_L02_20_2.fq
#PhredQual	33
#ReadNum	76944555
#row_readLen	50
#col	48
#BaseNum	3847227750
#N_Count	5642254	0.146658
#GC%	43.78
#Q10%	97.32
#Q20%	90.46
#Q30%	77.11
#EstErr%	1.063711
#Pos	A	C	G	T	N	0	1	2	3	4	5	6	7	8	9	10	11	12	13	14	15	16	17	18	19	20	21	22	23	24	25	26	27	28	29	30	31	32	33	34	35	36	37	38	39	40	41	Err%
1	25894640	17282068	17125433	16382161	260253	260253	0	0	0	7044	37902	51502	55958	68688	78548	158588	197546	175733	263775	300940	270090	474603	296638	522043	503260	583043	687995	600152	926038	753750	890072	1044091	1016986	1057063	1416883	1480366	1671713	1830083	2691369	2722535	4483976	10563090	34843787	3958452	0	0	0	0.6244
2	22055574	14477964	17995129	22415132	756	756	0	0	0	34224	89766	114105	120232	144889	146638	243704	305103	243060	363205	407024	334129	596028	346796	634114	578380	662580	779523	659264	1024541	809006	960617	1121483	1073924	1122025	1487492	1544038	1734191	1891720	2776220	2797199	4547438	10665347	33112718	3473076	0	0	0	0.4417
3	21013279	17810211	14877494	23195316	48255	48255	0	0	0	42676	105922	127152	131376	152641	151062	255662	312882	256984	372944	416181	350068	596117	369295	639971	593973	655230	784103	665814	1015091	823393	955662	1118965	1071228	1129597	1476266	1535141	1736472	1908842	2740150	2834401	4576744	10602591	32255774	4135930	0	0	0	0.5300
4	21578770	17196332	15150611	22926265	92577	92577	0	0	0	56814	123339	143146	142719	164242	162827	267302	320891	270005	376856	421502	356676	593261	382669	633715	599686	648169	786221	661490	997571	826716	945145	1113264	1062213	1126590	1462172	1522752	1724718	1904553	2692335	2829304	4561290	10529458	32255699	4186668	0	0	0	0.6186
5	21510243	16574637	16143185	22612159	104331	104331	0	0	0	61420	132952	152477	152464	173117	171452	280034	336380	282287	389725	438002	371014	607607	397460	651357	613777	660353	802154	676608	1010056	840339	956131	1124627	1074002	1142475	1475248	1537344	1741182	1929311	2703972	2864542	4595008	10519412	31636285	4339650	0	0	0	0.6577
6	21103982	16779204	16088886	22915699	56784	56784	0	0	0	59452	133025	155444	156006	175808	174665	284617	339041	284008	394685	441338	371991	614294	395403	655352	615608	661785	803830	676592	1015006	842174	956854	1126594	1075344	1139067	1473239	1537827	1740934	1924437	2707416	2857757	4586240	10531423	31740144	4240371	0	0	0	0.5998
7	21586802	16197286	16790138	22071141	299188	299188	0	0	0	51842	126785	151553	152714	174619	170753	284038	342363	277333	401433	444643	369195	620886	387689	662155	619758	659537	803005	671790	1021499	846088	943944	1126915	1082651	1122619	1472965	1533976	1732807	1913018	2715127	2860967	4589957	10549829	31424447	4336467	0	0	0	0.9056
8	20637575	16939840	15706153	23611380	49607	49607	0	0	0	70995	150538	168470	165941	184290	179694	288793	345195	286224	399892	448146	374465	619578	396548	665066	621284	663949	810600	677311	1023016	848974	953603	1131110	1084782	1131299	1476100	1535206	1735790	1914888	2702112	2859097	4590553	10538850	31607112	4245477	0	0	0	0.6159
9	20443678	16725046	15948929	23824196	2706	2706	0	0	0	49396	125014	145778	146528	165382	166100	274276	328513	275897	385444	432786	366331	603677	391107	648084	613639	655895	798175	671288	1011033	844607	947425	1123292	1080770	1125878	1470806	1531590	1733245	1914571	2704522	2849019	4573137	10570331	31954656	4263657	0	0	0	0.5066
10	20720876	16653840	16336197	23134985	98657	98657	0	0	0	64762	151727	174469	171713	191552	187880	303298	358927	298574	413560	460156	388308	627960	413121	673362	635222	664567	814733	686251	1018337	863276	953735	1134888	1093256	1141785	1483180	1541859	1755072	1947310	2709479	2904536	4622829	10525891	30920509	4549814	0	0	0	0.6909
11	20835626	16718354	16264969	23124034	1572	1572	0	0	0	64542	148961	171101	169902	191245	187075	302923	362057	296877	416505	461934	385772	634044	406906	675435	636678	665460	816939	683419	1026369	865711	950996	1138665	1093394	1128022	1480634	1537878	1742242	1923479	2707633	2871092	4582036	10539712	31417726	4259619	0	0	0	0.5622
12	20745650	16907557	16248598	22994235	48515	48515	0	0	0	69773	162267	185083	181192	202239	196682	315221	371398	307247	425580	472358	395904	640407	418239	682308	645048	673948	823713	691624	1025365	871302	955913	1139863	1100855	1141670	1483548	1540490	1749257	1937419	2703172	2882274	4590368	10499661	31021744	4392908	0	0	0	0.6487
13	20730646	16774659	16219448	22842851	376951	376951	0	0	0	80620	183022	207017	201196	220919	211443	329430	385858	313257	438138	481660	401348	649388	419496	688616	649268	671296	826982	688825	1028080	872400	950622	1137237	1098072	1132875	1477707	1536365	1741620	1931855	2691950	2887346	4591802	10451997	30592326	4397571	0	0	0	1.1140
14	20778177	16867679	16298040	22946459	54200	54200	0	0	0	79377	181924	203371	197823	217412	209976	328904	384009	320906	434509	479953	408471	645954	432464	687934	652986	677353	828331	699865	1025583	880231	963247	1142876	1105097	1154066	1486934	1547894	1762171	1954686	2702315	2912282	4630602	10477800	30571681	4501368	0	0	0	0.6915
15	20718787	16988827	16370320	22864048	2573	2573	0	0	0	90778	192593	210084	202718	222807	213631	332642	388013	320537	437796	482962	407951	647100	430924	690116	655831	670887	828987	696689	1024769	883218	956486	1143979	1106284	1146886	1486774	1543921	1760878	1959804	2701624	2927530	4639838	10484270	30446639	4606036	0	0	0	0.6410
16	20761704	16962354	16402035	22813355	5107	5107	0	0	0	128326	272086	293854	280024	301456	283864	329298	382516	320250	433017	476699	407849	637556	432550	683140	652624	669176	825800	696246	1017500	881287	955140	1140632	1105035	1148817	1483019	1543203	1762594	1966744	2698426	2937723	4648497	10450254	30109363	4584883	0	0	0	0.7691
17	20734928	16933986	16456849	22717002	101790	101790	0	0	0	125237	279783	304284	289877	310015	292292	336556	391128	322388	438959	483704	408815	641177	431836	685992	653603	667165	824931	694437	1014872	882223	951114	1137767	1104997	1142002	1479181	1539257	1753326	1954272	2682554	2924494	4630224	10406722	30063135	4594446	0	0	0	0.9082
18	20619643	17069644	16336304	22627327	291637	291637	0	0	0	106030	258655	283991	271586	291766	277537	321246	373635	313337	424864	469245	403197	625389	429126	671397	647464	659908	815810	689973	1002768	877943	946963	1131786	1099188	1142502	1473256	1533801	1753294	1951706	2675417	2918283	4616936	10406849	30130211	4657859	0	0	0	1.1110
19	20643666	17005199	16463881	22619714	212095	212095	0	0	0	121050	278228	303805	287794	306794	289968	334760	387019	323002	435564	479579	410861	636690	436250	680929	653773	664159	824735	693275	1009590	884199	947852	1136339	1104910	1142559	1475216	1539046	1758925	1960442	2677937	2922270	4617408	10395444	29917721	4694367	0	0	0	1.0458
20	20837631	16981396	16495669	22625136	4723	4723	0	0	0	115660	288495	315407	299265	319327	302522	345886	396588	335158	444662	488921	423827	642349	449144	689301	663394	672946	834587	707059	1014941	898058	959137	1144321	1117716	1156626	1487005	1547408	1769001	1977281	2683236	2944154	4634767	10380189	29788914	4702580	0	0	0	0.7956
21	20718660	17061878	16521091	22535538	107388	107388	0	0	0	141418	312034	335128	313467	331526	310342	352992	404964	337336	450084	493320	423201	645258	448451	689803	663660	672191	830692	703830	1012487	896477	956485	1145836	1115476	1161532	1486842	1553405	1774449	1986413	2691541	2971195	4671626	10360092	29426606	4767008	0	0	0	0.9685
22	20774624	17055471	16634739	22474145	5576	5576	0	0	0	145804	322185	343749	322505	338828	317759	359857	414001	346592	457402	501685	434962	651789	460532	700145	674506	680011	841812	714899	1023031	906588	965785	1154920	1122924	1169358	1496276	1558184	1784111	1996895	2699616	2973266	4675766	10356522	29284129	4742585	0	0	0	0.8559
23	20791178	16951884	16607805	22402041	191647	191647	0	0	0	146629	327873	348123	325961	342521	320616	363834	414308	347740	457751	502188	431722	652843	459288	697452	670807	675235	836299	709386	1013516	900958	959200	1145008	1117844	1164552	1488557	1549512	1775998	1990607	2690950	2969524	4667730	10339878	29134755	4813743	0	0	0	1.1041
24	20760870	17069311	16656646	22367854	89874	89874	0	0	0	150667	341450	363484	338256	353327	329968	373865	424188	356153	465410	508449	443491	657680	469744	702927	681138	682348	844926	721370	1019092	914277	967189	1154406	1128618	1171491	1497164	1558134	1783404	2000719	2689873	2972053	4648900	10310644	29050044	4779832	0	0	0	0.9969
25	20816238	17043045	16746208	22318197	20867	20867	0	0	0	158025	348643	368424	342495	357629	332130	377076	429266	357599	471746	513211	443424	663140	468351	709627	684713	680515	846856	720007	1023450	915262	964654	1155851	1128782	1171634	1496368	1560192	1787188	2006565	2693272	2987012	4681051	10310251	28930817	4838462	0	0	0	0.9200
26	20781121	16971244	16758293	22316731	117166	117166	0	0	0	150847	352740	372516	346560	360613	336269	379069	429213	361737	470710	514697	448454	659594	474740	706479	684256	682138	846381	723977	1019258	919574	966958	1154864	1133434	1178267	1498717	1560508	1793824	2016668	2693369	2992426	4680599	10293286	28742897	4881750	0	0	0	1.0477
27	20714960	17115862	16721813	22343102	48818	48818	0	0	0	160172	375978	398467	367746	380801	355127	398887	447206	378603	486775	531105	463639	675614	490454	720189	697891	696943	859827	738884	1031429	932044	983300	1168149	1146133	1197186	1514397	1576937	1808211	2031948	2703790	3011456	4689170	10251415	28371365	4854499	0	0	0	1.0050
28	20721720	17081650	16768196	22206993	165996	165996	0	0	0	152409	362857	386681	359645	372577	345559	389719	440019	369747	479260	522173	455953	666828	480790	712781	688165	686352	849408	724572	1018726	920346	967758	1153441	1131872	1175885	1494960	1555778	1787661	2005772	2678658	2981319	4662219	10262537	28653232	4882900	0	0	0	1.1331
29	20774631	17012215	16775028	22308883	73798	73798	0	0	0	154546	368947	390477	361766	375248	349934	393250	442443	374890	481859	524984	460435	668339	487233	715704	695151	692135	854308	735847	1024851	929297	976633	1162712	1137921	1190083	1509023	1571892	1806722	2029968	2700014	3016590	4700614	10260019	28434293	4892629	0	0	0	1.0225
30	20711673	17125114	16820383	22280183	7202	7202	0	0	0	172037	395398	413363	381786	393384	363673	406787	457135	384446	493892	536861	470102	680262	495795	723117	703039	697339	863529	740830	1028965	936867	982063	1168000	1149766	1196734	1515552	1577487	1813757	2041663	2699641	3024958	4700923	10231019	28184379	4912804	0	0	0	0.9816
31	20789956	17069106	16905326	22168774	11393	11393	0	0	0	173258	409875	426698	392794	404485	374120	415226	466558	394421	504088	546172	478893	688636	503923	732725	711456	703933	870585	748572	1038606	944907	989229	1178312	1159652	1208961	1524087	1587924	1824118	2057472	2713138	3040958	4717560	10203185	27878593	4920042	0	0	0	1.0104
32	20816440	17042393	16882325	22194005	9392	9392	0	0	0	173407	424372	446513	407872	419492	384485	428404	478612	400382	512590	555375	484822	693943	508276	739690	718594	705447	874708	751422	1037603	954814	988062	1176035	1163257	1202230	1524151	1586615	1823499	2053941	2702036	3030826	4691937	10163181	27815127	4913443	0	0	0	1.0343
33	20683992	17135905	16896509	22101868	126281	126281	0	0	0	211772	469412	483082	437780	445717	406221	450641	500170	418286	532300	573843	499930	713137	522890	758290	731846	718204	886826	763202	1050698	964782	1001256	1189005	1170879	1219013	1533562	1597667	1837801	2071517	2718726	3055793	4722842	10100785	27215844	4844555	0	0	0	1.2649
34	20656853	17066705	16939655	21957756	323586	323586	0	0	0	203178	474320	494901	447636	454209	412526	459485	507440	418634	538198	580234	499751	716313	520824	760010	733398	712833	887612	760974	1049952	967917	992307	1188417	1172560	1213500	1530692	1595132	1834147	2070129	2706828	3061227	4714839	10038515	27070401	4831930	0	0	0	1.5306
35	20553591	17067723	16892005	21971455	459781	459781	0	0	0	216517	483903	500214	449873	457490	412590	459721	508681	418821	538047	577681	499625	712046	520932	756323	729884	712236	883889	759542	1044844	963970	990000	1183854	1167782	1210190	1527183	1587154	1826592	2061421	2700469	3043392	4695147	10030506	27024969	4829286	0	0	0	1.7210
36	20677602	17207300	16991141	22054717	13795	13795	0	0	0	216359	497671	513309	462558	469079	423548	469498	521343	430682	548504	588031	510617	722163	532246	764809	741672	720797	895452	769356	1053059	976854	1001790	1190602	1176876	1224145	1535549	1598717	1840421	2076049	2708952	3063767	4714926	10060862	27018153	4892344	0	0	0	1.1656
37	20655123	17174778	17028170	21930495	155989	155989	0	0	0	214865	504219	520655	469132	474730	427301	475473	524764	434099	550704	591227	513866	726104	536343	766943	742134	722533	894781	771327	1051593	977052	1002863	1192064	1181295	1226533	1539315	1601832	1845885	2084330	2708012	3070566	4717545	10006498	26831282	4890701	0	0	0	1.3603
38	20616940	17149223	17004311	21994662	179419	179419	0	0	0	229767	527038	540236	484842	489314	442232	486244	534010	445094	560529	600039	526733	733816	546828	776382	751535	733901	905640	787240	1058128	989932	1017667	1204928	1195574	1244088	1552586	1618801	1860446	2104452	2724976	3093527	4736249	9971078	26431711	4859573	0	0	0	1.4302
39	20569283	17223883	17032188	22021181	98020	98020	0	0	0	242085	545480	557413	495686	497576	447253	493361	542156	451008	566880	606118	530973	739901	551259	782729	759334	736679	910138	788477	1066469	998028	1017033	1210792	1198515	1249579	1560304	1625350	1866530	2114566	2732565	3107208	4747316	9959762	26304530	4843482	0	0	0	1.3533
40	20621459	17188865	17106786	21943311	84134	84134	0	0	0	236725	547701	563371	503376	505140	454256	498564	547229	455089	571263	609656	536011	744238	557426	785826	761371	740927	912033	792011	1066656	998055	1019107	1210252	1200626	1251685	1559395	1624215	1869604	2115730	2725667	3103565	4736434	9934579	26257205	4865433	0	0	0	1.3427
41	20640029	17188808	17111510	21989067	15141	15141	0	0	0	232544	552769	567780	508720	508223	459001	503921	550783	457862	573769	614488	538789	743798	560647	787244	764560	741830	914181	796602	1067573	1002980	1022619	1213964	1202390	1252102	1559564	1626448	1870866	2120254	2729659	3101644	4739596	9933034	26222832	4886378	0	0	0	1.2593
42	20693225	17193067	17043042	21919366	95855	95855	0	0	0	238783	586162	610452	544438	538717	484505	530779	575384	479204	596386	636286	558332	764565	577301	805942	778786	755976	929231	810157	1080132	1020270	1031500	1224272	1214947	1264628	1572967	1633480	1878640	2128476	2729723	3107415	4732210	9844940	25784624	4799090	0	0	0	1.4284
43	20503571	17176474	17087694	21880961	295855	295855	0	0	0	247516	585514	601526	533187	530816	476789	521406	565780	471168	587741	628842	549996	754960	569448	796348	773262	747930	921984	802877	1072086	1013174	1024963	1218292	1212488	1259005	1568283	1630716	1877897	2128919	2730045	3116722	4742295	9836149	25705604	4844972	0	0	0	1.6784
44	20521607	17206268	17132782	21994568	89330	89330	0	0	0	250837	599029	613278	546540	541326	484667	530818	577477	479210	595117	635830	557577	760925	576955	803086	780387	755019	928485	812137	1078704	1022408	1034584	1225965	1220335	1267302	1574898	1639162	1887570	2141258	2739193	3125219	4740744	9836242	25636851	4856090	0	0	0	1.4334
45	20412733	17300861	17120786	21936432	173743	173743	0	0	0	260625	613950	629001	554781	550130	491465	536565	581685	483444	597622	638586	561561	762997	582163	804945	783052	755775	929669	813758	1076560	1021734	1035912	1227097	1221982	1271445	1575964	1639645	1890056	2139756	2733496	3125193	4736672	9806282	25471287	4865957	0	0	0	1.5668
46	20584299	17267517	17160436	21884226	48077	48077	0	0	0	252020	622923	642151	568468	561303	505162	547388	592670	495994	607451	646769	573730	770852	593337	812346	789994	767267	937080	826285	1082644	1033353	1046316	1234379	1230188	1283100	1582302	1647153	1896279	2153959	2735830	3121397	4727255	9775699	25358551	4874883	0	0	0	1.4216
47	20437381	17176495	17112630	21792252	425797	425797	0	0	0	270928	659110	673855	595307	584592	517885	565606	608589	505328	623239	661820	583450	783590	599936	823844	800142	769841	943276	828149	1088921	1040337	1043516	1236275	1233278	1277568	1582659	1646164	1888981	2144570	2723815	3112857	4698157	9677893	24943581	4781699	0	0	0	1.9693
48	20440252	17367751	17232293	21882241	22018	22018	0	0	0	273708	679493	700193	616068	606479	538529	585168	631329	523369	643414	683463	599928	807606	617551	848924	820289	788316	970848	849428	1112622	1064475	1064230	1265041	1260370	1304709	1611631	1679561	1924993	2187520	2765251	3161472	4749768	9648763	24652484	4685544	0	0	0	1.4892
49	20525798	17307084	17251790	21812749	47134	47134	0	0	0	278561	689876	707830	622552	610598	542373	587948	632101	525871	641430	683130	601137	803737	621297	844539	819257	789090	962248	848952	1106898	1061884	1064226	1255532	1254177	1304155	1606297	1672474	1921788	2179876	2755447	3152666	4738086	9647926	24628725	4734737	0	0	0	1.5344
50	20424593	17327409	17350833	21814815	26905	26905	0	0	0	298585	772453	807341	709801	693551	610900	659185	707044	581892	712732	755111	657551	878861	671402	920272	881726	841998	1035001	904004	1174561	1138036	1115937	1331400	1334409	1370033	1690724	1760277	2004000	2280078	2832781	3249068	4786259	9346573	22874354	4529750	0	0	0	1.6779
