#Name	E:\SaveData\2016-10-13_11_11_05_1001160120_R0057_A_CL100007973_BGI12297_WESPE_result\\CL100007973\L02\CL100007973_L02_24_1.fq
#PhredQual	33
#ReadNum	90849094
#row_readLen	50
#col	48
#BaseNum	4542454700
#N_Count	6269210	0.138014
#GC%	45.42
#Q10%	99.24
#Q20%	96.94
#Q30%	89.08
#EstErr%	0.408580
#Pos	A	C	G	T	N	0	1	2	3	4	5	6	7	8	9	10	11	12	13	14	15	16	17	18	19	20	21	22	23	24	25	26	27	28	29	30	31	32	33	34	35	36	37	38	39	40	41	Err%
1	30046100	21248420	21063803	18489250	1521	1521	0	0	0	12647	44161	66099	56319	55343	53024	57466	61631	59885	70583	78731	80291	108595	104446	126429	144071	220263	266264	283120	358042	442254	509374	594204	732495	751516	1039982	1108403	1351642	1395057	1549777	1445738	2582619	8037401	58564915	8434786	0	0	0	0.1465
2	26134783	17390677	22291331	24918333	113970	113970	0	0	0	37744	78305	94880	81748	79597	75381	82619	88743	87277	102589	116101	120223	158374	156539	188981	207446	297571	354676	374346	457979	541675	606944	694458	802558	853186	1091852	1185078	1419840	1579894	1899404	1970446	3341054	9281789	53617991	8607836	0	0	0	0.3348
3	25056573	20750881	19134514	25738921	168205	168205	0	0	0	30883	69708	87138	76099	75884	72405	79419	86550	85873	100584	113909	118985	156062	154250	186073	201400	294302	349588	371581	451092	541472	597958	685204	797588	842839	1078529	1165078	1392801	1548566	1847927	1926753	3261219	9147123	53459061	9226986	0	0	0	0.3826
4	25680696	20413493	19561470	25191748	1687	1687	0	0	0	8762	21755	28450	26442	27183	27000	29650	33710	34278	42191	49231	54504	74699	77681	91250	117655	194915	240019	267277	330349	427825	486758	561990	691950	695737	944775	1004348	1221467	1307994	1525075	1470733	2667294	8673043	58511452	8879965	0	0	0	0.0968
5	25513071	20003472	20355574	24931353	45624	45624	0	0	0	453	11419	17991	17613	18756	19780	22949	25644	28142	34911	41463	48529	66959	72256	82870	114742	192935	239878	267283	334596	435476	493600	570301	702923	693962	950305	1004281	1223367	1293536	1527489	1416955	2611055	8830323	59342285	8048443	0	0	0	0.1274
6	25144265	20404283	20075079	25225218	249	249	0	0	0	398	10791	17201	17092	18151	19321	22521	25661	27875	35749	41609	50152	70152	74801	84824	122125	201614	249060	277599	348036	448296	508316	584500	715660	704252	967938	1022430	1246066	1324127	1595778	1484547	2749156	9131034	58997346	7654667	0	0	0	0.0777
7	25694873	19888186	20579066	24512901	174068	174068	0	0	0	3980	22986	27363	25609	25692	25853	28768	31652	32621	40812	47042	55206	77036	80386	92730	132421	212665	263530	290131	363895	460586	519366	600107	723560	714053	979485	1033321	1257770	1353419	1663740	1577791	2900645	9406432	58087583	7516790	0	0	0	0.2852
8	24980430	20636578	19552608	25650611	28867	28867	0	0	0	966	11750	17519	17506	19013	20245	23673	27184	29236	39035	44670	54509	76404	80769	91885	135224	215754	268220	293660	370743	465801	528067	606695	727078	717572	983725	1038361	1263620	1361862	1697977	1607038	2973954	9577508	58022143	7410861	0	0	0	0.1126
9	24895185	20310114	19920283	25723504	8	8	0	0	0	451	11590	17764	17863	18981	20976	24666	28427	30819	40654	47267	56829	81298	84147	97493	141510	224173	276853	301706	382008	473870	534135	615449	729636	723962	988062	1049127	1277516	1389155	1758832	1692958	3119976	9835102	57378624	7377207	0	0	0	0.0823
10	25233544	20187740	20292861	25134768	181	181	0	0	0	620	12219	18084	18233	19629	21291	25531	29915	32092	42626	49377	59350	84546	87176	100596	146297	229083	283798	304932	390788	477471	539768	621120	730554	729180	992311	1054479	1285826	1402726	1791401	1732674	3193616	9983472	57058259	7299873	0	0	0	0.0843
11	25310845	20147817	20305876	25084519	37	37	0	0	0	749	12453	18788	19216	20520	22463	27194	31361	33761	44843	52084	62505	90548	91176	106909	153157	235926	294134	313707	403602	483709	547418	630989	734869	737393	1000613	1063886	1296240	1420860	1839089	1791676	3295384	10179266	56563088	7229481	0	0	0	0.0867
12	25208842	20341032	20315641	24983215	364	364	0	0	0	871	13134	19307	19452	21212	22757	28116	32342	34619	47023	53741	63864	93239	92626	108821	159150	243922	301146	319053	413167	492140	558565	641194	744516	741626	1011155	1071728	1300374	1422318	1847048	1788678	3296984	10210709	56565423	7068710	0	0	0	0.0888
13	25320108	20235306	20349304	24862132	82244	82244	0	0	0	3284	15801	22735	23054	25047	26976	32482	37522	39560	53403	60931	71219	104647	100882	121398	171056	255274	315072	330073	428441	500564	566618	653076	748267	749004	1018263	1081500	1310783	1448221	1908124	1878944	3447099	10446868	55661590	7109072	0	0	0	0.1875
14	25211900	20225578	20319173	24908349	184094	184094	0	0	0	2872	19732	26319	26170	28151	29787	35705	41455	42212	57975	66405	75846	110924	104961	127949	177649	261463	323444	335540	438306	504885	571727	659476	749998	757382	1022422	1085776	1319578	1464685	1947292	1939948	3548938	10616487	55053561	7089980	0	0	0	0.3058
15	25132701	20406959	20413477	24854812	41145	41145	0	0	0	2595	18217	25668	25773	28522	30107	36748	42875	43958	60153	68208	77473	115134	108805	133684	183348	268282	331730	342618	450573	512141	581869	668901	758284	763019	1032283	1096911	1327711	1473097	1972648	1948462	3575213	10674859	55049920	6978160	0	0	0	0.1491
16	25166594	20367474	20468472	24801720	44834	44834	0	0	0	3920	27174	38277	38334	41506	44017	52063	60158	60685	81168	92712	100490	149301	134965	170720	219201	268670	332663	340602	450672	509672	580917	668909	751647	762820	1027772	1095899	1330782	1482466	1998925	2001268	3658148	10815707	54462074	6949956	0	0	0	0.1773
17	25137860	20358113	20515623	24790282	47216	47216	0	0	0	9279	34595	45071	44214	47844	50593	59250	68478	67851	89938	102737	109751	162387	144941	184838	232407	280851	348397	351711	467037	521143	591403	681143	758875	775890	1038580	1109686	1345016	1508229	2048984	2077127	3783710	11006493	53715020	6938409	0	0	0	0.1949
18	24968091	20547314	20513776	24730792	89121	89121	0	0	0	6807	35243	47720	46951	50678	52626	61670	71034	69939	93248	106067	112584	167752	146946	189344	236851	286342	354619	357185	474580	525638	598193	689056	763080	777895	1045477	1112096	1345676	1505046	2062594	2070091	3773871	11021095	53689815	6812164	0	0	0	0.2440
19	25019862	20477677	20638879	24662955	49721	49721	0	0	0	20308	46031	54485	53062	57080	58911	69277	80130	77890	103689	117407	121780	182833	157213	205432	251602	301177	372314	370864	496549	538853	611789	706306	773061	795117	1064607	1136363	1373780	1551610	2127723	2181516	3947884	11251864	52710546	6830320	0	0	0	0.2210
20	25030883	20404432	20584390	24649490	179899	179899	0	0	0	12269	44752	56794	55567	60897	62717	72900	84380	81717	108498	123767	126662	192398	163838	214142	262138	312547	384405	379473	511179	546342	623098	719758	782000	806046	1076872	1148490	1381819	1558294	2149152	2208185	4000083	11324010	52275371	6758635	0	0	0	0.3657
21	24955211	20557206	20633472	24609896	93309	93309	0	0	0	11925	44706	56618	56358	60652	63500	73610	85342	82620	110239	125803	128740	194185	165399	218517	265279	314261	388340	382738	517866	549199	627708	724084	785804	809911	1082557	1157823	1395376	1572400	2182824	2237426	4049650	11413846	52108239	6712240	0	0	0	0.2713
22	24909918	20468181	20660233	24400560	410202	410202	0	0	0	16601	52757	65537	63664	68262	70292	81801	94264	90308	119747	136573	137518	209044	174578	231747	278623	328225	403807	394226	533825	561266	640356	739384	792973	825199	1097327	1172828	1415799	1600006	2228046	2303156	4140598	11527290	51194099	6649166	0	0	0	0.6365
23	25080857	20471058	20723837	24531956	41386	41386	0	0	0	15693	50681	64348	63878	69524	71711	83808	97459	92564	123808	141327	140574	216854	177665	239547	286297	335551	415023	401770	547238	568705	651384	751481	802725	835145	1109794	1186743	1424372	1608799	2257057	2324316	4183803	11622439	51263063	6582562	0	0	0	0.2318
24	24975304	20646028	20763843	24462411	1508	1508	0	0	0	18531	56045	70006	69686	75850	77494	89908	105265	99627	133268	151012	149533	228205	186699	253359	299691	348028	427833	411620	562506	577482	663229	766149	809650	851277	1126791	1206140	1451564	1647897	2307851	2405214	4306636	11776962	50505931	6630647	0	0	0	0.2005
25	25063811	20587678	20828314	24368195	1096	1096	0	0	0	20350	58893	72343	72034	78659	80912	94327	109722	103824	138462	156991	154107	237825	192255	262981	307547	357727	440651	420683	577567	588210	674243	778762	819091	860819	1137064	1218700	1460923	1657811	2332107	2428852	4337758	11830349	50236840	6548609	0	0	0	0.2070
26	25032245	20536367	20843246	24435741	1495	1495	0	0	0	24361	65768	80488	79279	87003	89035	103184	120084	112295	149870	170347	165446	253898	204201	280012	323773	372073	459767	434020	597816	600672	688423	798080	834971	882082	1162414	1244766	1490827	1694310	2386309	2507284	4454879	11947721	49437115	6545026	0	0	0	0.2242
27	24896979	20700574	20839470	24410995	1076	1076	0	0	0	26763	68518	83108	81707	90040	92302	107427	125087	117293	156069	177194	171494	264052	209540	290665	332623	382376	470254	441641	614159	608886	699948	809606	840270	893725	1176667	1258430	1505281	1710250	2417239	2545385	4512647	12037490	49005792	6524090	0	0	0	0.2313
28	24905581	20642766	20857973	24223953	218821	218821	0	0	0	31190	79563	93130	91400	100130	101570	117383	136115	127605	167617	190067	183047	280490	223751	308998	348680	396292	490069	457609	633158	623902	716608	829768	854918	912132	1194949	1280396	1532617	1746850	2462354	2627715	4625754	12153032	47970703	6540711	0	0	0	0.4912
29	24981873	20596690	20903130	24365140	2261	2261	0	0	0	32423	78460	93302	92051	101966	104081	119905	139614	129244	172142	195737	186299	289739	226465	316961	356307	406350	501116	462365	646788	630303	726686	838923	862664	920800	1206484	1292249	1538828	1748858	2478512	2635146	4633481	12178897	48038510	6465177	0	0	0	0.2562
30	24801383	20633947	20823050	24233691	357023	357023	0	0	0	38236	92227	104490	101760	110268	111162	127719	148049	136501	180323	204282	192669	299590	232708	327649	366440	414424	511665	471761	658041	638405	734615	851032	870285	931034	1218987	1303989	1557301	1769144	2512278	2669874	4681876	12206067	47311175	6406045	0	0	0	0.6660
31	24893757	20595149	20952707	24112923	294558	294558	0	0	0	43371	98430	112105	109990	119941	120374	140473	161994	148488	195780	220369	207759	320363	248969	349688	386831	433540	532205	490401	684636	658853	756606	877482	890377	960449	1248054	1336949	1594963	1815294	2570458	2749757	4787492	12306462	46489849	6385784	0	0	0	0.6167
32	24928191	20566820	20941387	24186340	226356	226356	0	0	0	46324	104701	118807	115943	127085	128271	146853	170054	156197	206401	231786	216605	334099	258247	364501	399052	444715	549476	500612	702315	669167	768597	893102	901668	975665	1268351	1361138	1616536	1840730	2603175	2806042	4863298	12398246	45952425	6382554	0	0	0	0.5557
33	24815097	20713414	20944473	24158121	217989	217989	0	0	0	51928	113045	126268	123672	135254	135421	155441	180640	164482	216060	243077	225774	350008	267454	379640	413306	460208	566230	513944	724910	682240	785852	911456	916480	992208	1285838	1377226	1635011	1862053	2635228	2840804	4915085	12436371	45452956	6355535	0	0	0	0.5637
34	24839925	20641525	20966660	24048153	352831	352831	0	0	0	52348	112432	126225	123502	134716	136563	156665	181892	165316	217725	245923	227343	354285	268482	384365	417037	465053	570559	514746	728821	683087	788577	914495	917783	994848	1289812	1379316	1633240	1860950	2643560	2842593	4914487	12449100	45295754	6304663	0	0	0	0.7131
35	24739753	20623416	20929110	24091622	465193	465193	0	0	0	58746	124734	136588	133182	145537	146245	167570	194971	175293	230949	259805	239658	369691	282405	403030	431877	476724	587751	528682	747648	696897	805385	934247	933786	1018395	1312941	1407073	1666110	1900566	2691187	2906108	4994696	12514580	44482737	6278107	0	0	0	0.8589
36	24824528	20816730	21040739	24165643	1454	1454	0	0	0	61278	124547	138997	136866	149860	151390	173366	201150	183399	240338	269584	249074	383584	293261	415877	447183	490804	605493	544034	767695	715033	823349	954616	952493	1040924	1340815	1438177	1701577	1942011	2738680	2975391	5091792	12625662	44146025	6333315	0	0	0	0.3575
37	24845626	20800243	21108126	24049689	45410	45410	0	0	0	67047	135046	148150	145041	159164	159675	183440	212463	192805	250474	281031	259189	400380	302417	434274	459060	504067	621259	555130	787623	724211	836064	971192	961610	1051662	1356996	1451126	1712766	1949132	2761188	2995218	5114862	12640909	43743368	6275645	0	0	0	0.4251
38	24815311	20761889	21104944	24156754	10196	10196	0	0	0	72022	142649	156949	154071	168979	169161	193671	223975	203237	264541	296260	272396	416510	317411	452113	477743	520239	640604	572559	806066	744700	857025	995081	985979	1084417	1386414	1485261	1752571	2000537	2810371	3072717	5212110	12704621	42919775	6306163	0	0	0	0.4057
39	24682033	20758697	21027022	24047096	334246	334246	0	0	0	79796	155238	167678	163368	180442	179215	204259	235529	212582	276152	309690	281198	432294	327141	468182	491763	532702	657723	582988	824711	754398	868395	1007650	992833	1092447	1396325	1493536	1761684	2004936	2823991	3090732	5225413	12681437	42308696	6249724	0	0	0	0.7846
40	24814560	20808530	21149780	24022222	54002	54002	0	0	0	77845	150370	165310	161715	177283	177417	203143	236494	211851	278097	311257	283064	436372	327766	473089	495391	538993	665340	586628	833762	758148	873196	1016381	997353	1098104	1406667	1504893	1769892	2012329	2838391	3098933	5251165	12738433	42382941	6257079	0	0	0	0.4725
41	24700434	20647280	21062829	23954924	483627	483627	0	0	0	93156	177055	189533	182793	198292	196293	223825	257110	229689	298410	332065	301813	461135	345547	496461	517899	557163	686004	602150	856328	777164	892385	1038731	1014724	1121932	1426603	1527209	1793022	2036660	2863105	3138747	5282998	12675739	41385383	6188344	0	0	0	0.9896
42	24723308	20867204	21137289	24077653	43640	43640	0	0	0	94044	176035	189337	183792	201272	200292	228423	264297	237323	307678	342203	311751	474684	357911	511409	532271	571991	705283	620407	879536	795710	914659	1062065	1038147	1150587	1462390	1560413	1836435	2089051	2919580	3210904	5385330	12790925	40983367	6215952	0	0	0	0.5118
43	24746382	20852148	21209872	24038721	1971	1971	0	0	0	103030	191358	202680	196890	215478	213229	243454	279627	251327	323596	360226	326938	492896	375116	534796	551487	588533	727483	638827	900363	817548	937600	1086795	1061682	1180152	1490480	1591755	1872223	2131138	2965528	3270835	5443765	12810499	40281489	6188300	0	0	0	0.4948
44	24711059	20790021	21156447	24080394	111173	111173	0	0	0	105082	192456	204476	197671	216996	214801	244297	282665	251062	326438	364026	327314	500060	373609	538218	555281	591136	728951	638230	908097	815047	937007	1086931	1060011	1174628	1485706	1587435	1862916	2115086	2955012	3242725	5411622	12797811	40278793	6166325	0	0	0	0.6183
45	24563677	20866089	21089259	23955620	374449	374449	0	0	0	115862	211248	219554	211850	231079	227126	258289	297593	264329	339910	378028	340701	514716	387760	553960	568624	604174	745357	649084	924049	830064	948664	1104240	1074578	1192719	1505484	1600947	1883257	2140626	2976538	3278761	5435123	12756539	39568688	6135124	0	0	0	0.9382
46	24699693	20925229	21266423	23953022	4727	4727	0	0	0	120539	216840	226016	218072	238140	235711	266808	307680	272998	352566	390821	351941	531162	399250	573988	585607	619926	765415	667105	943524	846379	969626	1124338	1091934	1214190	1531519	1631707	1914325	2173331	3013457	3327712	5501091	12824659	39246739	6149251	0	0	0	0.5472
47	24692400	20860685	21212822	24010205	72982	72982	0	0	0	129207	232074	240622	231610	252286	248098	282371	322338	287252	369263	409545	368153	553009	415316	595880	606122	637495	786571	684289	969416	866843	989742	1150395	1113187	1239787	1556234	1658038	1942007	2202369	3047650	3376346	5552029	12807745	38534568	6118255	0	0	0	0.6515
48	24475264	20883207	21130031	23900935	459657	459657	0	0	0	133697	240544	249049	239037	261068	255156	289351	331682	295068	376913	419155	374072	564099	422163	607021	614171	647070	797364	690054	980457	872358	995619	1159275	1119224	1241833	1559975	1659651	1941567	2201374	3037926	3368086	5534659	12729270	38105671	6075758	0	0	0	1.0927
49	24737851	20917218	21268050	23864089	61886	61886	0	0	0	142517	253358	258857	248212	270251	264603	299982	343307	304017	390474	431262	387031	579338	433358	623175	631520	659098	814600	705725	1000075	889260	1015481	1178757	1139796	1266569	1587236	1687774	1973322	2237200	3082634	3415359	5586954	12795987	37806613	6083506	0	0	0	0.6775
50	24686604	20790343	21210950	23889566	271631	271631	0	0	0	163167	293673	303252	288700	311734	297855	339794	392338	332690	438004	482374	420419	640428	460229	686299	675598	703770	865076	742425	1063550	938633	1052349	1231243	1196199	1311192	1654909	1750728	2042575	2320572	3161068	3563393	5766494	12653851	35673036	6359846	0	0	0	0.9873
