#Name	E:\SaveData\2016-10-13_11_11_05_1001160120_R0057_A_CL100007973_BGI12297_WESPE_result\\CL100007973\L02\CL100007973_L02_17_2.fq
#PhredQual	33
#ReadNum	80029607
#row_readLen	50
#col	48
#BaseNum	4001480350
#N_Count	5815931	0.145344
#GC%	44.96
#Q10%	97.22
#Q20%	90.00
#Q30%	76.06
#EstErr%	1.101287
#Pos	A	C	G	T	N	0	1	2	3	4	5	6	7	8	9	10	11	12	13	14	15	16	17	18	19	20	21	22	23	24	25	26	27	28	29	30	31	32	33	34	35	36	37	38	39	40	41	Err%
1	25654279	18892239	17663029	17544847	275213	275213	0	0	0	7840	40179	54859	60205	74106	85437	168686	211713	189429	287121	328025	295899	519495	324520	574044	549083	640504	753141	657171	1014384	817394	977704	1142505	1105964	1165197	1547567	1617108	1824960	2000071	2893200	2987656	4881196	10942982	34836371	4178678	0	0	0	0.6410
2	22324289	15740833	18720780	23243019	686	686	0	0	0	25596	75085	99805	108980	134160	137273	244790	308686	246699	381878	425816	352877	634571	370120	682159	623523	708852	834448	709094	1104573	864799	1030628	1200983	1145451	1214004	1596462	1658106	1864645	2039776	2954081	3043184	4910443	11056725	33183871	4056778	0	0	0	0.4150
3	21179228	18511906	16589145	23701446	47882	47882	0	0	0	47855	113869	136506	140657	165010	165279	276033	339966	276647	406995	453020	378336	655497	397702	702191	647194	714138	857337	721483	1110352	888998	1031764	1214304	1151658	1217574	1595461	1656259	1863891	2045295	2924650	3047113	4882682	10952186	32705144	4098679	0	0	0	0.5462
4	21608761	18216743	16949160	23167515	87428	87428	0	0	0	61628	129141	149886	151021	174828	172423	281133	345019	281253	408361	458351	378150	657095	398020	706762	652701	712177	860466	715835	1111764	895992	1024937	1217919	1159735	1206280	1592693	1651569	1849923	2023555	2900652	3017182	4834341	10884857	32982255	3894275	0	0	0	0.6203
5	21541247	17769709	17622271	22989264	107116	107116	0	0	0	65648	139837	163339	162572	186451	184012	300886	365979	300220	431328	482590	401125	680737	421827	731742	671531	730515	879987	737188	1124515	913241	1040467	1227983	1170732	1229063	1605548	1665175	1874695	2061470	2910975	3075558	4897501	10867833	32014328	4205893	0	0	0	0.6750
6	21259019	18034609	17336718	23343044	56217	56217	0	0	0	60950	137092	161764	161966	187836	182723	303981	370497	297022	436592	487622	400288	688447	416609	735942	681774	726918	885919	733194	1134950	921439	1031688	1235216	1180804	1208329	1606847	1663818	1870072	2042688	2909463	3063345	4873061	10911187	32278079	3985268	0	0	0	0.6090
7	21578876	17589581	17825385	22723900	311865	311865	0	0	0	70236	154882	178680	179476	205053	199247	320271	385441	311551	446267	496510	410265	690339	429518	736813	682568	725236	886325	732466	1120467	918662	1030235	1226180	1169992	1215104	1593302	1653337	1861657	2045885	2884750	3066620	4876920	10841703	31836374	4135410	0	0	0	0.9619
8	21027894	18236385	16821417	23891489	52422	52422	0	0	0	74845	160398	179746	178501	201591	195729	318011	382382	311815	446867	496575	410529	692795	430084	741253	688532	729193	892546	737995	1130442	926518	1035792	1236056	1180657	1220721	1602595	1662973	1874683	2062508	2905940	3090248	4902516	10877326	31840497	4158326	0	0	0	0.6413
9	21056587	18002414	16988608	23979456	2542	2542	0	0	0	47926	124824	149682	152430	176109	174443	298851	361301	296654	431326	481060	399824	678415	419495	729963	682302	717766	884067	728098	1124880	924825	1023772	1232174	1181453	1206042	1599437	1662944	1867334	2050006	2907306	3069823	4887493	10927700	32341043	4086297	0	0	0	0.5179
10	21292717	17834983	17281593	23517859	102455	102455	0	0	0	72368	155322	177155	176162	198317	194511	314941	376622	311596	440475	491994	410251	683337	433664	732473	686605	721249	886688	733908	1117919	927937	1027072	1226468	1174286	1218787	1596124	1659843	1867206	2061277	2883523	3071644	4884089	10852743	31892810	4267786	0	0	0	0.6959
11	21381616	17838054	17280214	23528120	1603	1603	0	0	0	71817	160434	182643	182323	206111	202582	326313	389245	321833	453025	503109	420900	692940	443318	741825	694029	727178	893223	741963	1118670	931618	1033729	1234641	1181802	1228990	1601614	1659649	1876753	2070574	2884892	3088268	4890232	10841799	31704416	4325546	0	0	0	0.5841
12	21282343	18030924	17286097	23380835	49408	49408	0	0	0	76914	175120	198289	195726	219486	213540	340617	404023	333224	464054	516632	431948	704390	455239	753052	706245	734590	903698	750114	1127496	944108	1041372	1241856	1189148	1232228	1603397	1667901	1882692	2077317	2885815	3095713	4889985	10801425	31396715	4326130	0	0	0	0.6722
13	21241184	17906102	17292892	23196208	393221	393221	0	0	0	87734	198241	221705	216489	239511	230083	357326	421783	341780	479413	529311	438583	713467	459196	761187	713317	734103	905205	748630	1128992	946766	1032409	1240762	1189933	1225363	1601394	1661053	1879098	2074031	2876698	3102287	4897476	10744928	30863393	4374739	0	0	0	1.1423
14	21296004	17998552	17336129	23341480	57442	57442	0	0	0	87279	194396	216579	211829	234841	228964	355374	417680	348022	474661	527461	444332	712147	468832	759126	715689	740378	909916	760542	1127427	953603	1046574	1246778	1195225	1248135	1609010	1670619	1894416	2094172	2885667	3123965	4921129	10778044	30956637	4412716	0	0	0	0.7175
15	21197214	18147070	17416266	23266365	2692	2692	0	0	0	98995	206213	226121	220464	241554	233001	360783	421876	348703	481208	531114	446906	712697	470091	761301	721111	736520	913641	757007	1125053	959337	1039725	1245651	1199213	1243668	1609597	1671422	1897103	2104221	2882624	3138893	4933653	10775677	30773923	4537849	0	0	0	0.6687
16	21233124	18123951	17451666	23215665	5201	5201	0	0	0	138691	290003	312574	298953	325656	307406	357447	416626	347671	474052	523415	444118	702943	471006	752159	715946	731613	905359	755702	1117473	956308	1038359	1240439	1197324	1245284	1606491	1665161	1895815	2102845	2880947	3147155	4945946	10739225	30474247	4500047	0	0	0	0.7969
17	21160457	18108791	17504055	23150453	105851	105851	0	0	0	135838	296796	322047	309333	334527	314401	366030	425609	349937	479495	529938	446104	706380	471248	754960	717077	728911	906433	751632	1114687	958019	1033608	1240851	1196577	1235514	1601092	1665976	1888591	2093427	2869664	3134469	4923692	10701034	30419584	4500275	0	0	0	0.9352
18	21009936	18266638	17395071	23056582	301380	301380	0	0	0	115254	274967	302541	290166	315387	301176	349384	407353	342138	465204	515573	440575	690026	469211	742937	712036	724102	897792	752624	1105220	956656	1029270	1233441	1190878	1234212	1595797	1659399	1884726	2094080	2859031	3127835	4906771	10690201	30485317	4566947	0	0	0	1.1364
19	21036544	18219557	17535106	23025155	213245	213245	0	0	0	131964	298233	323689	308295	332500	313481	364721	422784	352454	479059	527592	449782	701708	475682	754638	719831	727189	903440	755382	1110413	962877	1031861	1237730	1193962	1238012	1598767	1659795	1890432	2100516	2856440	3134701	4910448	10680884	30233576	4633524	0	0	0	1.0674
20	21167803	18203663	17568727	23084505	4909	4909	0	0	0	127235	306901	336136	321265	343794	326040	373814	434365	363154	487774	537507	461439	706952	489073	761298	729457	736759	912733	767390	1114523	975969	1040856	1245412	1208477	1253358	1609471	1670531	1902344	2117761	2867353	3147944	4924456	10669806	30143339	4610012	0	0	0	0.8255
21	21038499	18292479	17601647	22985620	111362	111362	0	0	0	152972	332048	353789	334884	356336	334109	382943	441654	366679	491626	540730	463749	711652	490272	760917	729651	735778	911313	766730	1113823	974889	1040022	1247647	1208718	1258048	1615495	1677257	1911392	2130168	2872889	3182714	4963684	10642200	29721923	4699544	0	0	0	0.9967
22	21105910	18287631	17709589	22920625	5852	5852	0	0	0	158381	343421	365780	344231	364705	342774	391566	449097	376928	501249	550594	474026	720422	500623	772158	739611	745170	923421	776275	1122093	984607	1050188	1256821	1217416	1263830	1619284	1682543	1917486	2135480	2880256	3180028	4957506	10637630	29630653	4647502	0	0	0	0.8867
23	21082166	18185089	17665108	22899920	197324	197324	0	0	0	160579	352155	374916	350145	370573	348549	396818	453480	378931	502296	551639	473599	717372	500690	768302	736527	740425	918176	772075	1115748	980654	1042998	1247858	1213195	1260657	1610611	1675247	1911456	2135138	2866918	3176719	4950202	10615399	29409633	4752603	0	0	0	1.1377
24	21043543	18332325	17692658	22872529	88552	88552	0	0	0	162117	364786	387909	361561	383151	356816	405586	462422	387741	511753	559930	483546	724311	510893	775929	747809	747386	925553	783497	1119095	992428	1047877	1255207	1221627	1267146	1618788	1680097	1917347	2137503	2867919	3176623	4933573	10592399	29397245	4673485	0	0	0	1.0235
25	21081527	18309313	17778765	22838478	21524	21524	0	0	0	173535	374556	394414	367480	387817	360402	411080	469655	389150	518172	564889	484861	731558	510878	781913	750345	744975	930952	781683	1122801	992589	1049965	1257435	1219170	1267493	1620215	1682110	1921223	2141723	2870448	3189690	4958283	10591970	29235143	4759510	0	0	0	0.9570
26	21057177	18225210	17769179	22852802	125239	125239	0	0	0	166263	380754	399548	372474	390034	364759	412733	470694	395613	517704	563893	489655	726177	519693	781605	753390	747356	928459	787388	1119417	998526	1054670	1256005	1225428	1275044	1619884	1683080	1927430	2156085	2867060	3201156	4955693	10556213	29037811	4802674	0	0	0	1.0905
27	20986564	18367869	17774234	22852826	48114	48114	0	0	0	175119	405172	427246	397095	412376	384799	432799	489799	412679	534082	582972	507620	745693	534647	797159	765577	763956	944136	805320	1131118	1013782	1068912	1271435	1239634	1295085	1637771	1700850	1941845	2175380	2878105	3218302	4969839	10507382	28635938	4777869	0	0	0	1.0413
28	20983185	18350937	17807741	22723986	163758	163758	0	0	0	167986	394399	416823	387671	404976	377457	427378	481964	403708	526662	574911	498042	736909	525199	786321	757787	750653	931656	790357	1118506	1000114	1052624	1255596	1224015	1273502	1616633	1679707	1921964	2146500	2859250	3180741	4945281	10523088	28937028	4790441	0	0	0	1.1647
29	21026090	18283959	17813776	22825014	80768	80768	0	0	0	171360	399491	419579	390915	407706	381370	428737	483988	410451	530976	577801	504681	736348	532815	789381	762429	756595	937487	797534	1123751	1009201	1062405	1262081	1232695	1288656	1628568	1693446	1939193	2172378	2872859	3214440	4980077	10519174	28731229	4799042	0	0	0	1.0698
30	20938410	18428211	17840110	22815023	7853	7853	0	0	0	188958	427738	443967	410627	425007	395279	443304	499042	419503	543206	590582	511843	747490	541018	797822	772089	762308	946080	807048	1129571	1018064	1067722	1269367	1244394	1294868	1634569	1698739	1945277	2181203	2872917	3222812	4969801	10482959	28494106	4822474	0	0	0	1.0238
31	21001519	18387053	17940710	22688622	11703	11703	0	0	0	191673	441345	458479	424367	439766	406842	455258	511619	429539	552352	599809	524030	758437	549761	808640	780516	771108	956438	815286	1139169	1029411	1077030	1279828	1252477	1305428	1646077	1711387	1957366	2198964	2887762	3241393	4993257	10454577	28135227	4833286	0	0	0	1.0545
32	21034792	18336478	17910020	22738423	9894	9894	0	0	0	191808	459221	480967	442957	455084	416911	468644	524012	437023	564496	609697	529957	766677	556979	815746	790100	770792	957984	819539	1136616	1039223	1071774	1279681	1258806	1300554	1644742	1704404	1955275	2191824	2874313	3226884	4961576	10419359	28080592	4815496	0	0	0	1.0813
33	20887233	18456169	17902260	22646334	137611	137611	0	0	0	230334	505286	518916	472574	483778	440639	490549	546791	454396	583311	628497	544655	784098	569265	834267	800723	785937	970350	831016	1151182	1043350	1084702	1290345	1262513	1314454	1655709	1716335	1967121	2208002	2884249	3250457	4984603	10350306	27499237	4754049	0	0	0	1.3180
34	20873577	18392042	17930289	22497525	336174	336174	0	0	0	223040	513644	533447	484563	494570	446129	500262	557039	456847	592043	637066	545259	789287	569275	837486	805955	780356	973603	827240	1148239	1048485	1075517	1289359	1267587	1309112	1656088	1715173	1964020	2207799	2880467	3255156	4977151	10274019	27315520	4742630	0	0	0	1.5799
35	20769279	18350111	17899152	22536990	474075	474075	0	0	0	237630	523048	538737	486664	496714	448231	501630	555802	457347	589617	632812	547082	784287	569174	830927	801660	778545	967765	825639	1141200	1045944	1074210	1284682	1259500	1304359	1645314	1706773	1955755	2197762	2867264	3237660	4954043	10273532	27300808	4733415	0	0	0	1.7653
36	20878635	18501477	17998567	22637544	13384	13384	0	0	0	237011	538268	550808	501120	509082	460346	512933	567845	467448	599882	645562	558383	795201	581874	842909	813439	787361	978800	837896	1152129	1058920	1085628	1293631	1272199	1318096	1655129	1719918	1970685	2215652	2881751	3254494	4975754	10294383	27285163	4796523	0	0	0	1.2140
37	20883267	18467040	18025808	22496652	156840	156840	0	0	0	237647	545377	561767	507671	516269	465988	517863	574025	473594	604859	649674	563615	797893	582819	845243	815290	789501	983501	839793	1152106	1059712	1089434	1297246	1276104	1323075	1659313	1720549	1976062	2221515	2875176	3266547	4978918	10239089	27069415	4796117	0	0	0	1.4064
38	20825193	18429815	18014443	22577653	182503	182503	0	0	0	249861	572229	585182	525781	530740	480627	530754	584438	486005	615633	661214	573955	806796	599461	854929	824836	802103	991847	855410	1160074	1074038	1103530	1308052	1288701	1342741	1673832	1738565	1993536	2246168	2894391	3285476	4993123	10202841	26645837	4764398	0	0	0	1.4792
39	20792589	18514260	18038966	22583156	100636	100636	0	0	0	262829	588781	599453	537440	541179	485243	540030	592794	490116	622173	666808	579096	813484	601387	862024	833533	804220	996824	858463	1167958	1082811	1102526	1314472	1297671	1343879	1683344	1745492	1998917	2252089	2900042	3294790	4996552	10189383	26562357	4720811	0	0	0	1.4040
40	20843574	18505824	18110965	22482045	87199	87199	0	0	0	258184	594677	608854	544932	548936	495230	544876	598313	497552	627452	671856	585453	814612	608584	865738	834870	809155	999592	861611	1168512	1082477	1106104	1312937	1293650	1346488	1677967	1742619	1999237	2252835	2893077	3287820	4994896	10162242	26481281	4769789	0	0	0	1.3982
41	20849060	18484923	18106151	22573821	15652	15652	0	0	0	255268	599491	613150	551915	552835	499805	550434	602400	501204	629411	673577	588660	817143	612512	865397	837091	808923	999929	864211	1163302	1089013	1109334	1317132	1300133	1350190	1682080	1742298	2001004	2257729	2893158	3293569	4990806	10160904	26463918	4776029	0	0	0	1.3158
42	20910751	18502589	18046007	22473899	96361	96361	0	0	0	262986	637960	659261	588463	586067	526585	576147	629584	522619	651993	698370	607770	838969	629126	884997	854490	824560	1016679	879191	1178870	1105295	1117249	1327719	1313870	1358544	1690640	1757798	2009702	2264371	2892485	3294979	4967751	10065801	26021810	4690545	0	0	0	1.4835
43	20732151	18478247	18089675	22417036	312498	312498	0	0	0	271537	634931	649388	577245	577308	517650	568640	619775	513624	645957	688851	600882	828085	620779	877396	848389	815287	1010027	872271	1175202	1098557	1112902	1321828	1310282	1354076	1689754	1751331	2006639	2266480	2891987	3299768	4985760	10052023	25927981	4734517	0	0	0	1.7427
44	20761517	18508072	18137721	22542566	79731	79731	0	0	0	276410	651445	665756	591892	590112	527908	579717	631683	523362	652033	698274	610496	837686	630106	884706	858688	822044	1015354	881197	1177865	1107897	1120306	1330206	1319561	1362333	1696315	1755713	2016963	2276326	2900481	3306953	4988655	10055207	25860363	4745863	0	0	0	1.4795
45	20644684	18593798	18112489	22498629	180007	180007	0	0	0	286791	671973	682869	603610	598219	536365	584942	637699	528539	658434	700770	613771	839036	635039	883709	857093	824216	1016406	881107	1175402	1110143	1120858	1328073	1318213	1364311	1690638	1757790	2016066	2275130	2898787	3305670	4977558	10020343	25696335	4753695	0	0	0	1.6317
46	20827376	18556042	18158299	22441750	46140	46140	0	0	0	278612	678959	696125	618064	612566	549720	597092	648328	542791	666130	710131	627922	847075	648878	892530	867686	837393	1026331	897067	1184093	1118522	1135058	1337487	1325252	1379472	1700833	1767182	2024413	2286477	2894856	3305969	4970514	9984170	25567756	4758013	0	0	0	1.4826
47	20691873	18433798	18085879	22370539	447518	447518	0	0	0	297073	718026	730381	646104	636518	568371	617374	665937	552806	682943	723776	636364	861506	654365	904526	876164	839713	1031634	901376	1187262	1126148	1129524	1338558	1329903	1376039	1699863	1763590	2019524	2276659	2881113	3291012	4931154	9878447	25144908	4663428	0	0	0	2.0422
48	20693236	18649781	18238928	22424236	23426	23426	0	0	0	303531	742726	759858	670141	660633	587514	639727	689936	570214	706695	749011	655442	885065	674056	932188	900127	860527	1058549	919274	1212930	1153647	1148383	1366807	1356750	1399922	1729276	1794394	2054247	2318196	2921901	3342514	4981905	9846874	24839981	4573240	0	0	0	1.5619
49	20773847	18586007	18253400	22369121	47232	47232	0	0	0	308708	753576	766757	676172	665983	592454	642233	691299	573592	705418	748209	656760	883678	674920	926148	897528	859174	1054089	920974	1207367	1148900	1151012	1360296	1349305	1400222	1723968	1789864	2043599	2315557	2912148	3330077	4969509	9847883	24815167	4619829	0	0	0	1.6043
50	20651794	18619208	18355772	22374610	28223	28223	0	0	0	331367	845639	875545	772184	754463	662695	720045	773590	633385	781121	826401	715364	961812	726462	1008098	962265	912977	1124466	977109	1278172	1226313	1200662	1435488	1427929	1463383	1803836	1871894	2125183	2404810	2985463	3411436	5004258	9525646	23052698	4419225	0	0	0	1.7580
