#Name	E:\SaveData\2016-10-13_11_11_05_1001160120_R0057_A_CL100007973_BGI12297_WESPE_result\\CL100007973\L02\CL100007973_L02_21_2.fq
#PhredQual	33
#ReadNum	79753692
#row_readLen	50
#col	48
#BaseNum	3987684600
#N_Count	5900846	0.147977
#GC%	47.80
#Q10%	97.01
#Q20%	89.22
#Q30%	74.67
#EstErr%	1.179173
#Pos	A	C	G	T	N	0	1	2	3	4	5	6	7	8	9	10	11	12	13	14	15	16	17	18	19	20	21	22	23	24	25	26	27	28	29	30	31	32	33	34	35	36	37	38	39	40	41	Err%
1	24317199	20670169	17920512	16574754	271058	271058	0	0	0	8033	39854	55432	60467	76737	86768	184712	235439	196186	326971	364686	320831	594857	332525	651898	614500	700819	828861	702366	1137786	889390	1020689	1230234	1196214	1167466	1640070	1690873	1877769	2018239	3058246	3009772	4865865	11216541	34112632	2968906	0	0	0	0.6581
2	21130186	16976052	19293876	22352787	791	791	0	0	0	43833	108876	137470	145780	175951	178736	296747	368137	300362	436830	493881	400356	710255	420026	751843	680635	767926	909082	757778	1177744	916279	1087692	1270770	1192062	1266648	1656267	1721105	1922466	2093796	3026199	3109236	4961492	11085454	31745528	3435659	0	0	0	0.5095
3	20099654	19664016	17217678	22724107	48237	48237	0	0	0	53206	120690	145008	149316	176424	172834	297595	367897	292014	443244	494756	401009	720885	412540	767326	696395	764207	918061	753849	1198674	932020	1076904	1279602	1209983	1243252	1660154	1715799	1907403	2070925	3023889	3079855	4903729	11060027	31726486	3469497	0	0	0	0.5815
4	20559793	19354978	17669238	22077461	92222	92222	0	0	0	52483	123102	147901	150544	176397	173862	304703	375624	299860	452451	504282	413363	723413	427828	776751	711783	765446	928032	763185	1196429	951976	1075319	1286233	1221898	1251150	1663399	1721858	1918622	2096689	3010034	3121682	4948575	11010118	31042963	3873515	0	0	0	0.6437
5	20261435	18981090	18314802	22090803	105562	105562	0	0	0	73696	150076	173503	173576	198977	195249	326409	397627	319569	467397	523850	424300	744446	439863	793799	721445	775912	942998	768761	1206667	953795	1081111	1293661	1217905	1252478	1663108	1719184	1916349	2083506	2997517	3100903	4910828	10964376	31044477	3630812	0	0	0	0.7140
6	19935523	19275013	18136352	22343877	62927	62927	0	0	0	58046	134670	162630	164903	191207	187597	325158	398468	313757	475321	526477	427717	747873	439163	802054	733540	769609	945467	768090	1212103	970833	1069687	1298170	1233115	1244810	1668959	1721917	1922672	2091709	2995948	3130166	4943354	11022459	30756326	3836790	0	0	0	0.6390
7	20337616	18789798	18708939	21610289	307050	307050	0	0	0	65969	150748	177976	180639	208123	201517	340269	412151	325830	484222	535700	434275	753399	445031	802102	735021	768810	946157	766749	1204693	968044	1066959	1293415	1225341	1241360	1659445	1713993	1910757	2082829	2985788	3117880	4917346	10966098	30607361	3750645	0	0	0	0.9753
8	19724490	19558091	17679107	22740382	51622	51622	0	0	0	74186	160380	184109	183056	209080	201731	342573	414239	327632	487957	542726	437507	759825	449845	812061	744629	772007	957693	770276	1212407	980786	1065871	1302254	1238625	1239661	1664220	1721049	1919645	2091078	2993661	3137629	4939281	10995759	30620070	3748562	0	0	0	0.6682
9	19643212	19309459	18093674	22704345	3002	3002	0	0	0	61377	152900	177750	180068	204696	202257	338386	406843	336224	476463	531496	441750	738181	462773	789977	733884	769392	942077	774013	1187692	969362	1075774	1287773	1226047	1261359	1659315	1716322	1923421	2110045	2975706	3146651	4956268	10976814	30532791	4024843	0	0	0	0.5913
10	19931829	19211014	18379080	22130190	101579	101579	0	0	0	80559	171848	195348	195262	220650	215245	354756	425662	347456	492033	548178	449334	749918	471147	800884	745497	770525	954363	776662	1192405	979415	1072363	1295955	1226456	1258377	1656602	1716201	1923656	2107852	2964170	3146934	4939926	10925470	30329591	3951413	0	0	0	0.7546
11	20042054	19129200	18366678	22213933	1827	1827	0	0	0	78894	172783	198004	198065	224044	217632	359373	429901	348154	496577	552142	454209	760176	470745	809187	749325	775153	957977	781753	1197967	982773	1074687	1296023	1233023	1258007	1657667	1716959	1927887	2104901	2971204	3138728	4937544	10916986	30357530	3945885	0	0	0	0.6342
12	19960777	19302685	18392773	22048225	49232	49232	0	0	0	84988	187717	213488	210742	237583	228641	373398	444972	359921	511513	566263	464758	771066	481111	821975	760787	782137	966413	786005	1205438	995418	1080077	1301996	1242606	1262696	1664511	1718169	1926137	2112497	2966342	3144855	4930675	10874770	30074817	3949978	0	0	0	0.7227
13	19997248	19132560	18391235	21842306	390343	390343	0	0	0	97089	210277	237977	232437	257365	244699	390975	462211	367720	524238	578165	468689	782643	482293	830489	767599	777627	968691	783604	1205837	995432	1072416	1299079	1238811	1252407	1658231	1713795	1921362	2102666	2950714	3141733	4917469	10815440	29677005	3936164	0	0	0	1.1914
14	20073720	19149422	18440918	22032194	57438	57438	0	0	0	96051	210095	234983	229317	253866	245304	390594	459515	377118	523425	578148	479603	777435	498765	829160	772777	787949	972337	797923	1205836	1003272	1088785	1306958	1246117	1276041	1669874	1726329	1938807	2127196	2962161	3172249	4957129	10840039	29620360	4040736	0	0	0	0.7728
15	19948153	19307238	18518583	21976478	3240	3240	0	0	0	108732	222045	243435	235957	261138	248905	394266	465366	373542	527953	582467	477961	781774	495440	832623	777182	781514	977315	792117	1208267	1011089	1077198	1308307	1249488	1268537	1669294	1723412	1939738	2132201	2957662	3177763	4961677	10839595	29550591	4095901	0	0	0	0.7236
16	20047491	19257680	18588098	21854268	6155	6155	0	0	0	153987	314302	340912	325049	353956	333054	390057	456933	372455	517530	571706	475474	766191	496316	817747	767472	776171	966194	790303	1189257	1002174	1075775	1301745	1243189	1270120	1661278	1718090	1937031	2133614	2949824	3180393	4960800	10798372	29229856	4110210	0	0	0	0.8669
17	19992291	19198309	18609055	21849179	104858	104858	0	0	0	150336	322205	349547	335970	365522	340646	398061	467169	377307	527079	576654	476712	771096	495195	821096	771961	774277	967844	787657	1189619	1005756	1069975	1299852	1244989	1259652	1657963	1715636	1928539	2124119	2942929	3174325	4950177	10743548	29166357	4099064	0	0	0	1.0044
18	19840636	19329388	18525286	21757485	300897	300897	0	0	0	128473	298814	329206	315713	345288	324581	381500	447292	365963	512163	562351	472376	756297	492993	809512	765541	768063	960822	783009	1184057	1003452	1065429	1293963	1240940	1256097	1652729	1710277	1926959	2121587	2934025	3163834	4931473	10750197	29263069	4134750	0	0	0	1.2041
19	19889510	19283476	18673404	21690472	216830	216830	0	0	0	145991	324159	351451	335088	362764	338822	398107	464389	377400	525411	576491	480222	767151	500344	819989	775080	770194	969379	790511	1188993	1010674	1064942	1298206	1244528	1258967	1656324	1711832	1927928	2121473	2930681	3165422	4930041	10728349	29049860	4175699	0	0	0	1.1427
20	20023871	19244940	18659440	21819618	5823	5823	0	0	0	141795	335826	365240	349730	374669	352645	410579	476066	390592	534463	586439	493964	772987	515190	825754	783461	779865	975125	801746	1189713	1022969	1078573	1307061	1257068	1276928	1663991	1721248	1944692	2142663	2935387	3186862	4947273	10710250	28888752	4208303	0	0	0	0.8999
21	19845119	19378028	18700442	21718008	112095	112095	0	0	0	174019	365023	388010	365478	389381	362497	415848	483031	394885	538865	588742	494409	775329	516315	825333	782853	778890	973201	799151	1187425	1019065	1077553	1305009	1253711	1278479	1663999	1721873	1945456	2150507	2934744	3206355	4971394	10670974	28594102	4249691	0	0	0	1.0784
22	19954220	19368664	18801170	21622942	6696	6696	0	0	0	178546	377043	398814	373950	398100	370904	427862	492199	405029	546060	599329	505636	784369	527201	835881	792208	787330	982934	810024	1196653	1028882	1087168	1310728	1261111	1287957	1669813	1728620	1953578	2160487	2939373	3207932	4970235	10661800	28426254	4262986	0	0	0	0.9679
23	19930861	19229167	18737623	21660103	195938	195938	0	0	0	178091	380380	402462	378281	402108	374134	429740	494789	404373	548509	600886	503927	782853	524520	834640	790460	781794	978768	804614	1191015	1023412	1078809	1304870	1254901	1278348	1660229	1721238	1945344	2151711	2931225	3200929	4961940	10638662	28333354	4286438	0	0	0	1.2099
24	19856049	19394712	18784928	21626617	91386	91386	0	0	0	183990	398437	422057	392572	414936	384927	441877	504373	414989	556817	607192	513349	786483	536948	838494	800512	787789	986068	815013	1189305	1038324	1085463	1310606	1264390	1291017	1670466	1724441	1954461	2164960	2929124	3204522	4949942	10609367	28196770	4292325	0	0	0	1.1085
25	19922780	19376083	18895813	21536249	22767	22767	0	0	0	191401	406819	426270	397964	421066	388107	446399	511417	415626	564134	614106	515470	795644	534792	847137	804080	788739	990179	812344	1196281	1037194	1083985	1314793	1266381	1286957	1669697	1729046	1954728	2162046	2929758	3214410	4973534	10614210	28110214	4315997	0	0	0	1.0366
26	19913041	19255720	18875450	21586447	123034	123034	0	0	0	184349	410804	431458	401932	423255	390989	449622	512408	420567	565576	615759	521197	794948	542687	844183	807785	788829	992170	819394	1194705	1043868	1086961	1317185	1269740	1295368	1672621	1732637	1960371	2176482	2930734	3221156	4967714	10573872	27922357	4346975	0	0	0	1.1655
27	19833972	19430200	18863902	21574512	51106	51106	0	0	0	194873	437837	459561	426469	445643	413200	468365	531159	439003	578227	631047	538019	807322	559897	858284	818896	803257	1002137	835638	1201724	1055107	1101193	1325184	1281327	1311218	1684208	1740163	1974637	2191863	2931361	3233948	4967077	10524832	27599592	4330318	0	0	0	1.1240
28	19870856	19365162	18928467	21421090	168117	168117	0	0	0	188505	425524	448679	419341	437496	405292	460555	523490	429722	572610	623671	528141	798881	548512	851036	812872	791232	993928	821654	1193216	1045112	1085838	1313835	1270962	1290735	1669722	1724666	1956164	2169204	2914924	3209070	4946884	10541176	27819020	4353906	0	0	0	1.2495
29	19898415	19326013	18903611	21545207	80446	80446	0	0	0	190660	432859	453419	422925	441850	409919	466728	527120	438630	578413	629220	536730	804109	558537	854784	816720	800876	999139	830877	1195766	1052819	1097561	1320568	1278333	1309343	1679452	1737563	1972061	2192878	2930356	3238072	4982790	10521345	27588915	4381909	0	0	0	1.1514
30	19812798	19466090	18941612	21524075	9117	9117	0	0	0	209520	463293	479842	443881	461366	424335	480964	543582	446724	590969	640752	545274	811982	566789	861844	826206	803122	1004516	835309	1200256	1063155	1100581	1324622	1286440	1315704	1684941	1742539	1979655	2197609	2929949	3248703	4979906	10488588	27361743	4399914	0	0	0	1.1099
31	19895541	19434318	19023632	21386819	13382	13382	0	0	0	213685	476029	494808	455780	473695	435439	489511	553316	455850	601001	648653	552586	822415	573657	872679	832854	810615	1014011	844637	1208134	1070016	1106866	1332499	1293296	1320953	1691675	1747313	1986293	2208560	2935560	3255661	4988083	10449445	27133742	4390993	0	0	0	1.1396
32	19952202	19342553	18984425	21462910	11602	11602	0	0	0	213725	496337	516670	476094	490508	447462	506662	567535	464147	610913	658736	559900	828043	580306	877200	841718	808304	1016575	846034	1206822	1080621	1103490	1334573	1299451	1318130	1689822	1742847	1982063	2203673	2922077	3246632	4961086	10406864	27047659	4389411	0	0	0	1.1688
33	19748563	19474287	19026839	21366923	137080	137080	0	0	0	255136	542030	558483	507233	517432	468885	528118	591811	483205	630134	679262	573997	845862	593478	894111	853729	823917	1029550	857221	1218510	1088022	1115395	1343401	1306950	1329046	1697740	1754982	1993627	2220501	2934546	3265472	4978325	10329816	26474415	4332270	0	0	0	1.4060
34	19777552	19390865	19066395	21182913	335967	335967	0	0	0	246160	550309	569995	518174	531164	473480	536980	601426	484162	639063	685268	576011	852668	592003	898270	858233	817000	1029685	853240	1215269	1092802	1107844	1344381	1306291	1324162	1697914	1752779	1987062	2217237	2924615	3265649	4962282	10258025	26340488	4307634	0	0	0	1.6672
35	19676770	19332825	19004672	21250960	488465	488465	0	0	0	261547	564901	577985	521587	534794	478431	540962	602042	483819	637694	682995	576002	845783	593396	892061	853438	814813	1025366	851188	1209568	1087021	1105662	1335438	1300183	1321229	1687410	1742542	1984735	2210198	2912530	3250955	4948779	10248101	26254950	4327122	0	0	0	1.8764
36	19721228	19547766	19117650	21350831	16217	16217	0	0	0	262410	578041	591256	534933	547111	489211	551075	613556	493989	648518	694085	587486	857497	601666	903089	863204	825002	1036487	861660	1218742	1099694	1114508	1345883	1312199	1331690	1699419	1756537	1996428	2225975	2923020	3262762	4963990	10278502	26292287	4375563	0	0	0	1.3081
37	19755379	19494035	19146412	21198536	159330	159330	0	0	0	261331	584913	600331	542284	552959	495297	557008	619344	500752	651706	698662	591990	860918	608202	907506	866307	826003	1037622	864622	1216117	1101256	1113586	1347771	1315976	1336073	1703047	1755932	1997758	2228160	2921009	3268524	4964537	10229654	26103131	4364074	0	0	0	1.4994
38	19715072	19425648	19097799	21327525	187648	187648	0	0	0	279580	612201	622887	561793	568512	509385	567731	628830	513160	661292	708247	601752	866015	621336	913537	873558	837596	1044891	878829	1223399	1112707	1128741	1356382	1326806	1350297	1711588	1770582	2015208	2249503	2927434	3285885	4974558	10173786	25737146	4350890	0	0	0	1.5782
39	19618236	19592846	19143817	21296250	102543	102543	0	0	0	294776	636775	643417	574788	580569	516832	576894	637207	517277	668159	714484	608448	870420	625836	917352	881498	838061	1052617	882131	1228242	1121521	1129763	1362931	1331217	1355409	1717588	1773471	2020410	2259184	2935649	3298693	4987090	10153029	25586362	4353049	0	0	0	1.5061
40	19719563	19523850	19199176	21218041	93062	93062	0	0	0	286874	637693	648166	579969	587600	524502	582457	645319	523676	673412	720808	613528	876798	630848	923100	884618	844665	1054536	886321	1230685	1121019	1130849	1363202	1330468	1356917	1717644	1772649	2020719	2256140	2929416	3292786	4977006	10131848	25556307	4348085	0	0	0	1.4995
41	19733618	19499528	19186202	21316351	17993	17993	0	0	0	282054	644905	655815	589859	592383	531661	589768	649226	528527	678767	724554	618798	877832	637104	924790	888995	845293	1056637	891095	1232200	1126888	1136440	1365596	1333733	1363108	1720447	1774129	2022902	2262733	2932841	3296042	4977459	10122748	25488375	4371995	0	0	0	1.4156
42	19770672	19545033	19137549	21199923	100515	100515	0	0	0	290933	681559	703605	625921	626428	556048	617596	675837	549351	699735	746309	637925	898627	653226	944819	904976	856399	1071062	902992	1242201	1143546	1142995	1374607	1348750	1368750	1728902	1783417	2030556	2267995	2927609	3296333	4953211	10020780	25079729	4300448	0	0	0	1.5859
43	19613151	19495492	19198018	21136233	310798	310798	0	0	0	302425	682321	693602	615625	617528	548374	608355	666819	542538	691036	738641	629329	888793	644378	933854	897043	848938	1062377	897027	1234889	1137238	1135869	1367161	1342529	1364391	1725654	1780252	2025929	2264432	2925776	3299118	4958241	10012260	25016480	4343672	0	0	0	1.8418
44	19660023	19499378	19230898	21271766	91627	91627	0	0	0	309663	702114	709454	632367	632101	559746	619911	677542	549594	701143	744664	639697	897403	653545	941223	905249	855137	1069731	904777	1239826	1145090	1142652	1374077	1350198	1372358	1731956	1785367	2035449	2280779	2931995	3308181	4965316	10006133	24926842	4360785	0	0	0	1.5979
45	19533946	19623576	19199178	21214153	182839	182839	0	0	0	320659	722144	728303	642255	640666	568295	626334	682637	555155	705247	749420	644376	898307	658426	944048	907560	857657	1071893	908099	1237404	1146735	1147046	1372100	1350797	1376079	1728510	1784973	2036012	2280192	2928570	3307025	4956509	9967614	24748035	4371771	0	0	0	1.7399
46	19719829	19580293	19249200	21152138	52232	52232	0	0	0	314624	733946	744514	658832	655059	582465	639455	694662	570131	714885	759888	656650	907192	672942	950752	913541	870124	1077013	920964	1244534	1155775	1158310	1380613	1360671	1390983	1736747	1791209	2041481	2290427	2925994	3305314	4947706	9941881	24623137	4369039	0	0	0	1.5991
47	19580680	19438864	19186565	21101994	445589	445589	0	0	0	332879	772531	780643	684456	677931	599000	657147	712800	580957	729794	773395	665435	918326	678386	959335	923503	871054	1083428	922347	1244174	1162017	1151616	1380930	1360285	1384726	1731643	1786816	2035228	2278687	2912479	3286841	4908093	9825009	24244663	4291549	0	0	0	2.1492
48	19573561	19672922	19319533	21161172	26504	26504	0	0	0	337807	795329	807578	709292	703600	618838	679604	736051	598252	752450	795665	683516	942752	694450	986034	947247	889806	1107089	940063	1269425	1185922	1171225	1408206	1387293	1406521	1762282	1816826	2065590	2310676	2944746	3333965	4952969	9789540	23986817	4209762	0	0	0	1.6713
49	19673995	19616358	19339032	21072587	51720	51720	0	0	0	346313	808346	817893	719062	708999	623902	682282	737850	601152	751141	795781	685131	940285	698041	982983	944126	889119	1102724	941031	1263372	1179458	1173905	1400346	1381068	1404497	1755793	1810508	2061007	2311395	2931916	3323720	4939315	9787938	23948508	4253065	0	0	0	1.7203
50	19539374	19638604	19444053	21097323	34338	34338	0	0	0	377946	910456	933314	815570	801760	694404	765340	822161	658339	830949	875770	738613	1020051	744989	1062902	1009766	940079	1175893	992551	1333895	1258397	1216566	1470432	1453763	1459233	1828169	1885744	2134148	2393438	3003326	3403303	4969699	9446486	22197540	4094362	0	0	0	1.8888
