#Name	E:\SaveData\2016-10-13_11_11_05_1001160120_R0057_A_CL100007973_BGI12297_WESPE_result\\CL100007973\L02\CL100007973_L02_17_1.fq
#PhredQual	33
#ReadNum	80029607
#row_readLen	50
#col	48
#BaseNum	4001480350
#N_Count	5617763	0.140392
#GC%	44.50
#Q10%	99.35
#Q20%	97.37
#Q30%	90.06
#EstErr%	0.371145
#Pos	A	C	G	T	N	0	1	2	3	4	5	6	7	8	9	10	11	12	13	14	15	16	17	18	19	20	21	22	23	24	25	26	27	28	29	30	31	32	33	34	35	36	37	38	39	40	41	Err%
1	27384954	17862399	18100600	16680264	1390	1390	0	0	0	11635	40908	61265	52212	51418	49863	53779	57828	55850	65770	72938	75289	101638	97199	117877	134724	205238	247688	262610	329500	407064	468793	546890	666748	681764	930137	982544	1181430	1212279	1352224	1314870	2349484	7002758	51826938	6959065	0	0	0	0.1531
2	23525264	14695984	19325481	22383063	99815	99815	0	0	0	33581	69875	85385	73302	71847	68197	74636	80954	79261	92585	105181	109087	144033	140975	169272	188069	268054	318425	336121	411276	486995	544879	621789	718466	760741	971697	1050933	1253668	1390460	1665398	1757278	2983775	8097464	47317781	7388352	0	0	0	0.3380
3	22536897	17844664	16667928	22826629	153489	153489	0	0	0	26943	61659	76186	66622	66503	63361	70084	76114	75433	88051	100924	104461	137563	136306	164120	178878	260094	308059	328348	398037	478889	531917	607519	704950	745369	950483	1025275	1222833	1357015	1614978	1697673	2877210	7990538	47257783	8025940	0	0	0	0.3889
4	23074490	17486554	17142117	22324973	1473	1473	0	0	0	7527	18846	24693	23141	23495	23654	26415	29514	30177	36843	43128	47670	65174	68284	80804	102033	171250	209932	234087	290238	377572	430205	494590	610234	614937	832566	882377	1071877	1141338	1322318	1284277	2328085	7532390	51732799	7815664	0	0	0	0.0962
5	22867039	17114535	17970331	22035390	42312	42312	0	0	0	345	9682	15652	15430	15955	17287	19714	22333	24435	30243	35575	42067	57927	62316	71696	98281	166346	206712	232689	288431	379573	431936	497393	617314	611407	834595	881476	1071658	1129659	1320398	1225200	2262329	7655052	52461606	7174583	0	0	0	0.1291
6	22655753	17461583	17575411	22336653	207	207	0	0	0	300	9298	15025	14766	15460	16588	19220	21943	23960	30509	35700	42615	59381	64557	72436	103182	172551	213256	240030	298324	389230	440299	508015	624983	617411	846969	894446	1088962	1156358	1378743	1277276	2359746	7920528	52188403	6868930	0	0	0	0.0763
7	23093936	17001447	18016835	21759519	157870	157870	0	0	0	3515	20221	23705	22263	22370	22301	24648	26860	27683	34701	40186	46595	65429	68819	78607	111431	180029	222514	248821	309252	397417	448688	517866	630440	622744	852420	902634	1099576	1180596	1429023	1347282	2475548	8146860	51425146	6795547	0	0	0	0.2892
8	22497896	17625280	17093622	22785417	27392	27392	0	0	0	811	9999	14891	15017	15945	17364	20016	22979	24912	32456	37953	45660	64492	68285	77427	112663	182072	225702	250167	314214	399203	451608	521434	630578	625055	855123	904085	1105775	1187297	1458582	1365101	2524254	8295670	51422496	6702929	0	0	0	0.1129
9	22383376	17412933	17310451	22922840	7	7	0	0	0	344	9636	14886	15097	16082	17536	20748	23766	26023	34027	39317	47378	66608	70410	80768	117230	186717	231942	254467	320788	404786	458098	526668	631424	627637	858351	908723	1112811	1208158	1507113	1430632	2634909	8508061	50904972	6713487	0	0	0	0.0795
10	22736601	17291339	17615047	22386461	159	159	0	0	0	429	10068	15003	15297	16520	17852	20983	24591	26415	34900	40509	48467	69510	72257	83477	120219	190402	236276	257497	325475	406836	459832	530142	631816	629837	858398	910945	1114794	1214246	1530829	1456854	2689326	8623110	50692654	6653682	0	0	0	0.0809
11	22812549	17251171	17643724	22322149	14	14	0	0	0	506	10656	15526	15946	17176	18596	22586	25940	27564	36520	42236	50982	72967	74488	87073	125302	196216	242799	262200	333544	410906	464646	537277	635193	632524	863689	916413	1123172	1228654	1567410	1500993	2768518	8787561	50297417	6616397	0	0	0	0.0829
12	22715823	17440384	17653958	22219134	308	308	0	0	0	609	10914	15963	16063	17436	18808	22765	26344	28136	37791	43848	52360	75454	75880	88998	128926	199767	247477	267449	341926	416829	471505	542576	639406	636235	868676	922223	1124155	1226228	1572924	1491020	2759918	8798283	50364257	6478150	0	0	0	0.0845
13	22814144	17341340	17665867	22133521	74735	74735	0	0	0	2573	12725	18846	18675	20174	21943	26154	30294	32080	42891	49152	57335	83441	82097	97746	137788	209392	257172	273679	352692	422078	478144	550615	641716	641597	871345	925780	1129449	1243913	1616671	1565590	2886391	9003946	49623047	6527741	0	0	0	0.1849
14	22699121	17360876	17653860	22152065	163685	163685	0	0	0	2230	16101	21377	21065	22640	24004	28235	32901	34354	45106	52721	60642	87397	84633	102076	142200	212672	262834	276763	358058	424200	480586	553523	641589	643331	872932	929448	1133818	1255893	1644685	1608540	2960581	9146947	49156577	6525263	0	0	0	0.3011
15	22647711	17518520	17712568	22113690	37118	37118	0	0	0	1677	14113	20362	20365	21984	23767	28918	33132	34620	46778	53776	61592	90619	86380	104951	146285	216464	266866	282389	365632	428114	486904	561679	646153	648669	879608	934844	1138336	1260151	1660644	1613479	2974027	9188346	49213876	6436989	0	0	0	0.1421
16	22648601	17463705	17783773	22093521	40007	40007	0	0	0	2592	21095	30192	30376	32329	34326	40606	46590	47991	62555	72235	79301	115980	107913	133066	174389	214922	266924	279554	364754	426249	484741	558727	639410	644472	874585	929995	1134788	1264558	1679440	1650605	3040957	9317624	48759049	6426710	0	0	0	0.1669
17	22618449	17467819	17847166	22053660	42513	42513	0	0	0	6846	26684	35500	34386	37091	38974	44927	52158	52581	69453	79229	85605	124879	114387	143641	182511	223605	278130	287404	376302	433744	491404	567591	642122	651064	878865	937240	1142611	1282167	1719961	1708194	3143314	9488400	48168515	6437609	0	0	0	0.1824
18	22496184	17634457	17814998	22004571	79397	79397	0	0	0	4489	27626	36800	36342	39054	40586	47048	54506	54531	70698	81608	87054	128416	116275	145503	186014	227541	282503	290938	381970	435676	496519	572110	645344	654075	883344	938488	1144916	1279985	1725183	1698255	3125992	9496463	48197769	6316589	0	0	0	0.2306
19	22523489	17568559	17932943	21959070	45546	45546	0	0	0	14992	35191	42590	40439	43772	44960	52328	60036	59711	78608	89134	93898	138938	123634	158211	196731	238345	295021	301298	396451	445717	505707	584717	651851	667440	894674	955830	1163516	1311438	1780622	1789375	3268156	9707857	47396692	6356181	0	0	0	0.2054
20	22538587	17508313	17914742	21906403	161562	161562	0	0	0	8448	33946	43461	42822	45752	47528	55251	63373	62420	82400	93330	98486	145602	127626	164396	203535	246111	303652	306894	408802	452007	512809	593896	656947	672957	901530	961905	1166863	1315559	1796224	1809480	3304268	9759849	47087531	6292385	0	0	0	0.3507
21	22492667	17625664	17955296	21872023	83957	83957	0	0	0	7621	33765	43262	42804	45592	47692	55339	63485	62659	81791	94319	98731	147163	127815	165764	206885	247163	307556	309269	411170	454667	515542	597063	659005	675865	906706	965599	1176406	1325454	1819247	1829148	3343138	9844447	46978566	6254952	0	0	0	0.2536
22	22463608	17531613	17957929	21699526	376931	376931	0	0	0	11424	40045	50271	48497	51806	52784	60966	70544	68459	89920	102705	104377	157100	135755	175912	216066	256810	317891	317283	423406	460869	526378	606249	664684	687550	916910	977656	1188153	1348055	1857311	1888347	3420753	9940553	46215951	6201236	0	0	0	0.6340
23	22601720	17555908	18028738	21805980	37261	37261	0	0	0	10290	37078	48053	47210	51519	53034	61776	71469	69667	92338	104831	107285	161857	138403	182175	221120	263121	326461	321164	432478	467423	533269	615227	672263	691488	924076	988655	1195541	1352133	1874371	1897286	3451137	10029192	46352201	6146755	0	0	0	0.2084
24	22508876	17711917	18044397	21763142	1275	1275	0	0	0	12103	41005	52334	51568	55790	57331	66906	77102	74508	98522	111648	113063	170182	144575	190845	229338	272068	335715	329002	443361	474989	541273	622882	676331	704462	936282	1002348	1214446	1380143	1917239	1966927	3558358	10172289	45730563	6202834	0	0	0	0.1736
25	22585851	17662578	18098158	21682169	851	851	0	0	0	13358	42706	53642	52843	57852	59543	68934	80120	77026	101529	115067	116491	176347	148397	197652	236418	278760	343503	335840	454829	479658	548565	634257	683435	708440	943420	1011004	1219851	1385691	1930710	1985860	3588086	10222351	45547462	6129109	0	0	0	0.1781
26	22578977	17611174	18111352	21726842	1262	1262	0	0	0	15791	47857	58671	58519	63135	65600	75515	87509	83483	109610	124703	124110	187972	156518	209037	247404	289936	357325	346982	470789	490337	559641	648982	692348	724992	961634	1028649	1243004	1415154	1979000	2050935	3680961	10349799	44887424	6135019	0	0	0	0.1919
27	22447656	17758251	18112481	21710290	929	929	0	0	0	17267	49459	61000	59587	65119	67171	78177	90580	86220	114047	129361	128364	194596	161296	216397	254486	295906	366492	352015	478999	497149	568733	657001	697731	733234	968292	1036084	1253885	1430130	2000520	2083643	3733318	10431391	44550640	6120388	0	0	0	0.1970
28	22466008	17668409	18124453	21575255	195482	195482	0	0	0	20177	56473	67240	66438	72250	74146	85360	98500	93648	122625	140203	137310	206633	170118	230064	267153	307373	378789	362927	494639	506126	580069	670699	707364	747521	983234	1053920	1274977	1456529	2042254	2156765	3837657	10547972	43671498	6145474	0	0	0	0.4559
29	22527932	17641352	18178580	21679800	1943	1943	0	0	0	21172	56163	67350	66990	73040	74407	86704	100688	95057	126043	141518	139409	212135	172812	235374	272689	314586	387337	368364	504265	512521	587424	679129	712523	753401	990371	1063917	1277426	1457144	2053636	2155690	3842905	10574488	43774683	6076303	0	0	0	0.2166
30	22372125	17677511	18107709	21551182	321080	321080	0	0	0	25290	66553	76429	74144	79302	80169	92364	106639	99284	131304	148180	144773	219277	177164	242715	279499	318606	395237	373651	514037	515921	591622	686097	716149	761149	999078	1071282	1290914	1473490	2078766	2184618	3882753	10610090	43182364	6019617	0	0	0	0.6316
31	22458909	17626396	18221182	21457802	265318	265318	0	0	0	28316	70047	81346	79291	85705	88077	100739	115762	108240	142082	160217	154752	235536	188848	259637	293770	333252	411564	387381	534206	531057	607421	703810	733172	782027	1022707	1097190	1319227	1511597	2128850	2259447	3985809	10722753	42490854	6009600	0	0	0	0.5768
32	22472806	17607107	18220750	21525251	203693	203693	0	0	0	30579	74009	86036	83317	90927	92319	106387	122489	113970	149207	168233	162253	244787	195995	269608	305707	344009	425266	396005	546643	541448	619273	719406	740229	796041	1038785	1113916	1337443	1530446	2159877	2304818	4051529	10812832	42038456	6013669	0	0	0	0.5112
33	22394671	17739481	18203163	21497570	194722	194722	0	0	0	34174	80211	91283	88742	96429	97538	112488	129748	120137	156931	176670	168993	257056	202662	282378	315661	354522	437589	406123	562412	551373	631751	732876	751962	808624	1053451	1127631	1351036	1549188	2184685	2340658	4101076	10856639	41634276	5987912	0	0	0	0.5139
34	22403567	17665289	18236037	21419774	304940	304940	0	0	0	34344	79717	90433	87966	96636	97868	112573	129499	119310	157656	178351	168779	260125	204274	283290	317609	356182	440563	407357	566984	553055	633374	733734	752513	808193	1052585	1128805	1353218	1546477	2191080	2336604	4105154	10875352	41523488	5941519	0	0	0	0.6514
35	22330690	17642748	18192633	21441861	421675	421675	0	0	0	38770	88542	99088	95956	104532	104964	120327	139016	128182	166877	188289	178000	269991	213447	296577	330433	366212	453783	418402	582104	564072	645494	747498	764763	827169	1075066	1151789	1377188	1578877	2233288	2395566	4177961	10941250	40823837	5920622	0	0	0	0.8161
36	22394527	17821877	18291122	21521032	1049	1049	0	0	0	39877	87119	99078	97350	106364	107478	123775	143774	132382	173460	194973	185979	279936	221846	308936	340987	377459	466890	430246	594875	575842	659074	765995	779167	847190	1092632	1173252	1403963	1615986	2274316	2458456	4266604	11069117	40557965	5976215	0	0	0	0.2957
37	22428881	17798802	18345898	21416037	39989	39989	0	0	0	43889	94077	105502	103796	112942	113615	130954	151317	139146	182121	204057	192545	292247	228745	321410	350754	388937	479711	437393	610999	584239	670865	777243	787403	856015	1106622	1185174	1418404	1621226	2292264	2474345	4290973	11090359	40226595	5923734	0	0	0	0.3600
38	22411544	17761869	18343697	21503427	9070	9070	0	0	0	47373	99620	110661	108851	119383	120614	138865	160064	146595	191321	214928	202796	303623	240685	335003	365741	399397	495813	451086	627680	599646	686830	796490	803542	879556	1128272	1212323	1448667	1666339	2336405	2546495	4381200	11170550	39521352	5962771	0	0	0	0.3365
39	22278566	17776581	18284626	21388500	301334	301334	0	0	0	51677	108818	119216	116587	127284	127476	146179	168367	154043	200553	224623	209477	317067	247776	347883	375267	410707	506470	459518	641744	606974	696123	807713	810359	887607	1138521	1219963	1456231	1668428	2350867	2564036	4397471	11164524	38995096	5903628	0	0	0	0.7199
40	22386846	17791024	18415053	21388959	47725	47725	0	0	0	50891	104803	115648	114401	125995	125605	145542	167210	153264	200515	225336	210731	320036	248574	348020	377635	414146	510025	461931	646640	609596	698572	815041	814736	888196	1145835	1226706	1460355	1674038	2363313	2570956	4421688	11215890	39099448	5910564	0	0	0	0.3990
41	22287483	17672122	18314440	21310019	445543	445543	0	0	0	62510	125329	137150	131393	141891	142217	161071	184283	167258	216949	241295	225514	338871	263185	368572	395040	430226	530865	475651	664763	625737	715549	829524	828748	909338	1163739	1244077	1480568	1696997	2389397	2609846	4454028	11181627	38201095	5849761	0	0	0	0.9363
42	22305904	17881968	18388159	21414576	39000	39000	0	0	0	61785	122679	133330	129949	141740	141926	163787	188525	171112	222118	248982	232676	349381	271912	382659	406350	438277	544763	489473	681918	640086	732909	849881	846540	934808	1192120	1275952	1517706	1739452	2437099	2680371	4554789	11304833	37872623	5888096	0	0	0	0.4293
43	22340997	17849133	18448064	21389947	1466	1466	0	0	0	67288	133561	142865	140710	153284	151498	174278	200090	182136	235270	261578	243866	362660	285043	397163	421725	454812	562367	504108	703055	658500	749607	870632	866511	957872	1216597	1302489	1551121	1778598	2477550	2734385	4613451	11342663	37269886	5860922	0	0	0	0.4065
44	22312199	17803768	18402944	21410917	99779	99779	0	0	0	68776	133935	144533	140159	153269	153176	175400	201040	182169	236608	264160	244476	365957	285510	399076	422838	455628	563659	504247	704825	655844	748832	870476	864057	954821	1214518	1295968	1539756	1762848	2470239	2711342	4588281	11326983	37290691	5835731	0	0	0	0.5314
45	22188044	17852908	18354256	21308317	326082	326082	0	0	0	76258	146709	155120	150405	163900	161874	185231	212282	191888	246807	274928	254983	380695	295405	412417	435057	466144	576546	514477	719443	666430	761621	884045	875835	967430	1227627	1312009	1560708	1786345	2494741	2742678	4619422	11314561	36658131	5811373	0	0	0	0.8388
46	22314071	17887689	18488514	21335760	3573	3573	0	0	0	79060	150700	159214	155689	168745	167362	191358	219833	197612	256212	284805	263147	391848	304264	427059	448441	477766	592391	527498	736011	681458	777887	902236	891968	986069	1250653	1336558	1587241	1813996	2529501	2793317	4683650	11385938	36384106	5822441	0	0	0	0.4485
47	22295998	17856814	18454113	21355917	66765	66765	0	0	0	84786	161556	168647	164455	178812	177070	201939	231623	209559	267759	299624	275887	405987	316097	444506	464053	494304	607412	541980	755128	696737	793797	922142	910182	1009905	1272838	1361493	1611929	1848126	2558634	2836416	4741114	11386893	35763522	5797930	0	0	0	0.5509
48	22109049	17877171	18372066	21261211	410110	410110	0	0	0	87929	166971	176467	170266	184945	182269	207330	237909	213850	274704	304473	281002	416745	321411	452566	470841	499054	618667	547674	765696	700662	798722	928548	913603	1010927	1275035	1362715	1613669	1841006	2555443	2834148	4730094	11336670	35383495	5753991	0	0	0	0.9931
49	22319880	17902297	18500354	21252193	54883	54883	0	0	0	93257	175598	182352	175937	191258	189165	216499	246656	221236	284539	313841	290689	427820	332909	466148	482387	510002	630603	559327	778390	717598	813518	944676	927405	1035533	1299209	1387114	1639561	1877546	2594815	2881054	4776499	11413052	35127675	5770856	0	0	0	0.5669
50	22258200	17805489	18458801	21276040	231077	231077	0	0	0	107209	208448	218753	208095	225215	216522	247541	283161	245424	322212	355890	320250	477367	356608	515972	522971	549705	674802	596792	834298	760129	852267	997461	980424	1078647	1360562	1447253	1707337	1959708	2674567	3028755	4969607	11304703	33166271	6023604	0	0	0	0.8586
