#Name	E:\SaveData\2016-10-13_11_11_05_1001160120_R0057_A_CL100007973_BGI12297_WESPE_result\\CL100007973\L02\CL100007973_L02_23_2.fq
#PhredQual	33
#ReadNum	78314871
#row_readLen	50
#col	48
#BaseNum	3915743550
#N_Count	5875297	0.150043
#GC%	47.69
#Q10%	97.10
#Q20%	89.78
#Q30%	75.80
#EstErr%	1.137193
#Pos	A	C	G	T	N	0	1	2	3	4	5	6	7	8	9	10	11	12	13	14	15	16	17	18	19	20	21	22	23	24	25	26	27	28	29	30	31	32	33	34	35	36	37	38	39	40	41	Err%
1	24191079	20489288	18810982	14552509	271013	271013	0	0	0	7146	35833	48991	52969	65181	74109	155276	196061	168622	272640	306108	278204	497221	298504	547655	534372	618666	729789	636656	994270	807168	936922	1112008	1095081	1093093	1509943	1564017	1758451	1903706	2846431	2852119	4675789	10882895	35210559	3277403	0	0	0	0.6285
2	20527799	16187155	19885113	21714035	769	769	0	0	0	36997	95713	120479	128221	151910	154906	253824	315585	255089	377410	423380	351084	618598	368765	659708	605430	689937	813517	693302	1070062	845038	1006369	1171641	1113849	1176639	1550011	1610785	1807230	1978089	2868862	2950966	4780612	10847682	32901917	3520495	0	0	0	0.4552
3	19606150	19767385	16562994	22328902	49440	49440	0	0	0	47510	115650	136145	140871	162515	163510	269997	327046	275156	388897	436793	370342	620695	397626	665093	627102	686118	826682	699386	1057353	864486	1002798	1173836	1118494	1192571	1542494	1606387	1814344	2003220	2829551	2980643	4790330	10752766	32233337	3945687	0	0	0	0.5509
4	20524196	18932575	17063291	21704220	90589	90589	0	0	0	43595	110833	132555	134373	155112	154093	267036	325683	266642	391257	437919	369680	626461	391948	675083	633237	688346	830468	702637	1065298	878440	995981	1177612	1132344	1182526	1549971	1608654	1816910	2002316	2839809	3002676	4809947	10756919	31852075	4215846	0	0	0	0.5932
5	20316927	18307299	17991518	21594321	104806	104806	0	0	0	65344	138467	160592	158950	180494	177511	288795	349832	288757	410686	461506	384346	650806	407634	697069	646694	701754	848213	709242	1085099	884252	1008062	1190172	1132315	1188007	1551494	1614139	1815536	1994412	2829307	2977378	4765303	10705110	31848250	3894537	0	0	0	0.6702
6	19775734	18730736	17758019	21987366	63016	63016	0	0	0	61326	137345	159959	159858	182725	179461	291865	352552	290708	414682	461973	389069	648363	410268	693301	651952	698144	847897	710525	1080975	889766	1001547	1187164	1135569	1184685	1549879	1608488	1817484	1993982	2819262	2987678	4773439	10730922	31723425	4025617	0	0	0	0.6163
7	20308128	18155851	18411327	21131633	307932	307932	0	0	0	69518	153899	175940	175476	197628	192961	308609	367696	302376	425573	472953	394554	657576	416248	700847	655307	701112	852329	710932	1078059	887081	1001363	1186095	1131304	1183063	1542446	1602533	1809115	1991703	2807705	2982167	4761106	10666624	31437996	4007045	0	0	0	0.9608
8	19531944	19009196	17285627	22436374	51730	51730	0	0	0	72297	162669	181853	179367	200923	196075	314168	373190	310928	433429	481931	407208	664036	430515	711268	669489	708293	859910	725099	1084238	904177	1009537	1197006	1146460	1201737	1558685	1620273	1831526	2023672	2827471	3026851	4816374	10692595	31051857	4188034	0	0	0	0.6478
9	19457160	18750095	17623829	22480932	2855	2855	0	0	0	53688	142611	164459	165472	185217	184305	304485	360812	303534	423036	470184	403688	651527	427751	698798	663451	700625	854453	719454	1073771	901656	1004077	1189827	1143493	1195419	1551462	1614365	1828827	2018484	2820351	3021521	4804905	10715882	31384456	4165970	0	0	0	0.5480
10	19792217	18605559	18006946	21809331	100818	100818	0	0	0	69981	156843	177880	175660	197629	191860	310901	370495	306751	430087	478758	403083	661638	425873	708864	669278	701031	860368	715208	1078694	905231	1000339	1194790	1145404	1185218	1550224	1613185	1821947	2010235	2812335	3006230	4780910	10685753	31283913	4127457	0	0	0	0.7012
11	19929224	18571869	18006754	21805551	1473	1473	0	0	0	70798	162405	184950	183380	206733	201788	324107	382732	319278	441261	490510	415130	668038	439281	713882	676190	706836	866772	726019	1081628	911081	1008927	1198333	1150095	1199846	1556603	1616770	1830815	2025370	2813240	3025686	4797457	10659028	31021775	4236654	0	0	0	0.5916
12	19817623	18750351	18040127	21657913	48857	48857	0	0	0	75518	175737	199088	197060	217512	212177	335895	397131	328686	452567	502241	425481	678620	449629	726315	689646	713661	874947	733674	1087083	922596	1012966	1202183	1159594	1205284	1561092	1619950	1834826	2033164	2810732	3030055	4799421	10627276	30744662	4229545	0	0	0	0.6786
13	19837462	18596138	18074622	21413234	393415	393415	0	0	0	87305	200443	224471	218054	239650	229912	353913	412746	339943	467172	514528	432735	692730	453139	736957	694761	716887	881677	733229	1088463	927225	1007912	1205149	1158439	1201395	1560488	1618224	1832737	2028639	2800778	3035004	4793033	10558266	30244491	4230961	0	0	0	1.1628
14	19901123	18602544	18104182	21650011	57011	57011	0	0	0	86544	200502	221217	215096	236263	228446	355389	412909	347358	466955	517236	441274	691546	466120	736731	700341	724144	887630	747565	1090749	935159	1023334	1211184	1166874	1221627	1568898	1628960	1852622	2052568	2814500	3066431	4827897	10576963	30216995	4319833	0	0	0	0.7324
15	19759963	18789094	18181281	21581850	2683	2683	0	0	0	97730	210381	228952	221211	242031	231622	358795	417896	346689	472385	520179	441807	693036	465967	740056	706326	719213	887707	744752	1092408	939438	1018626	1212951	1171215	1219096	1571437	1630711	1854455	2059494	2809750	3078717	4838842	10572307	30110877	4385129	0	0	0	0.6800
16	19830484	18732553	18254494	21492149	5191	5191	0	0	0	136937	294067	317449	303780	325844	308603	354837	413024	345123	466417	513443	440190	683605	466269	731336	697874	715014	883265	744770	1080771	938237	1015965	1208535	1167849	1219116	1566521	1626682	1853542	2059026	2807121	3083072	4847284	10541390	29767810	4384912	0	0	0	0.8128
17	19782009	18672778	18271275	21484904	103905	103905	0	0	0	134185	303196	327727	313186	335914	315908	365279	421057	349628	472681	521576	442546	688012	468321	735274	703935	712385	883790	741693	1085106	940745	1009805	1207608	1167858	1209772	1564760	1623487	1849067	2053181	2799904	3074465	4829323	10489320	29704136	4366136	0	0	0	0.9537
18	19606103	18846569	18170423	21390442	301334	301334	0	0	0	116084	284674	310472	296710	319220	304358	349370	404333	342300	458017	506563	439256	674999	467688	722970	696284	708241	876219	740896	1072743	936516	1009596	1202616	1164486	1215816	1555720	1619800	1848223	2055033	2787300	3068516	4820419	10478434	29702935	4456730	0	0	0	1.1669
19	19631635	18808720	18344624	21316398	213494	213494	0	0	0	131706	305185	330553	314736	336105	316639	364571	419964	351805	471477	518991	445485	685147	472175	735357	706901	712600	883003	744714	1079604	944088	1010168	1204708	1170967	1215927	1561763	1622611	1849073	2058648	2789356	3073591	4815628	10465613	29516457	4476061	0	0	0	1.0945
20	19781571	18736101	18338934	21453197	5068	5068	0	0	0	127054	315549	344380	326501	347413	329383	376560	431724	364681	482200	529376	459701	692990	487573	743218	717386	722226	892612	757428	1086343	957215	1022020	1215530	1183392	1227871	1574455	1634403	1866604	2079713	2800952	3091703	4832886	10443747	29371772	4473242	0	0	0	0.8491
21	19619909	18887957	18347540	21350804	108661	108661	0	0	0	153223	342712	363781	341530	359064	338390	384166	439525	368308	488772	533015	461152	695062	485522	744332	715509	720887	892317	757277	1084744	958731	1022844	1216488	1183780	1233624	1572848	1635865	1868199	2089453	2807331	3118324	4868167	10419250	29011078	4530940	0	0	0	1.0222
22	19690963	18879113	18484832	21254148	5815	5815	0	0	0	158614	353457	373266	351471	368816	346302	392123	448345	376356	496407	541631	471290	703240	498140	752726	725837	729270	900564	766907	1089506	964440	1031374	1224096	1192526	1243429	1580384	1644903	1876659	2094782	2807738	3118656	4865635	10406073	28903978	4510115	0	0	0	0.9120
23	19688245	18714674	18426133	21291301	194518	194518	0	0	0	159993	361218	382537	357953	373863	351854	396568	451718	380112	498192	544949	472441	706163	498570	754961	725300	727776	902028	764487	1088585	963496	1025293	1220823	1187122	1238660	1575269	1638412	1871160	2089388	2801648	3112065	4849859	10382774	28702786	4562330	0	0	0	1.1649
24	19637897	18896351	18441357	21248706	90560	90560	0	0	0	163591	374918	396141	369181	386575	360054	406596	461335	389042	506252	550867	482155	709303	510390	759118	734180	732109	906745	773356	1092079	975434	1032191	1227283	1197350	1245938	1583363	1642289	1878088	2100080	2799043	3115728	4842225	10352395	28638432	4530485	0	0	0	1.0558
25	19683459	18914181	18574925	21119811	22495	22495	0	0	0	172871	384921	404417	376020	392393	366286	413092	467140	392129	511859	559158	484004	716792	509686	765372	739863	734689	910163	773623	1093725	978246	1032242	1228880	1197446	1248225	1583107	1643257	1881231	2107725	2802663	3132889	4862710	10345924	28491692	4587936	0	0	0	0.9872
26	19697892	18771959	18537771	21182186	125063	125063	0	0	0	166915	392030	411744	381751	397601	371107	417962	472689	397934	514568	560037	490996	716520	518918	767049	742641	737893	914684	781166	1097711	984504	1036340	1231143	1203791	1257670	1590099	1652992	1893812	2117713	2802637	3140338	4865069	10306099	28243047	4612638	0	0	0	1.1264
27	19613287	18940118	18539931	21172129	49406	49406	0	0	0	175518	416832	438562	406812	420566	391484	435497	489865	416944	532220	578687	509720	734421	535653	782151	755798	754109	927092	797060	1108106	1000108	1053234	1247294	1217680	1272722	1602209	1664887	1906858	2137981	2812997	3155607	4869228	10257243	27877990	4582330	0	0	0	1.0777
28	19633734	18897177	18604075	21007943	171942	171942	0	0	0	170111	407447	429997	399393	412643	382573	430070	483946	407454	524968	571376	498672	724247	525866	773136	747192	741216	915729	782044	1097842	988398	1037001	1232593	1204554	1254435	1584698	1645785	1886386	2112320	2793492	3127975	4843683	10271383	28138012	4596292	0	0	0	1.2150
29	19688436	18818119	18594296	21127255	86765	86765	0	0	0	172664	413857	432562	402542	416773	389146	434768	487709	414425	529125	576926	505735	727885	532884	780083	753262	748703	924844	794453	1103356	996114	1048098	1243814	1214551	1272291	1600486	1662238	1903900	2135977	2813659	3159821	4887475	10258714	27875038	4614228	0	0	0	1.1171
30	19585248	18976734	18636471	21108638	7780	7780	0	0	0	188478	439968	455916	421363	434017	402385	448383	502173	422592	541963	587397	515804	739354	544130	787552	764407	754522	929379	799158	1108580	1005771	1052016	1247961	1224977	1277612	1607714	1668777	1913536	2149033	2816242	3174499	4884057	10218991	27645067	4633317	0	0	0	1.0596
31	19680313	18929392	18745101	20948429	11636	11636	0	0	0	192302	456649	472168	435539	448201	412996	459888	513626	433935	552286	599068	525121	749790	550590	800828	773064	762303	941001	809908	1116919	1016409	1062597	1256142	1233105	1288547	1616604	1678346	1924076	2159908	2822569	3181883	4895768	10183478	27350043	4627578	0	0	0	1.0932
32	19726650	18846076	18687059	21045017	10069	10069	0	0	0	192278	474032	495144	453286	463236	425138	473105	527682	440783	563088	609705	533299	757583	557979	804283	782025	763649	946209	812927	1116946	1023867	1060605	1260799	1237829	1283453	1614470	1675345	1918943	2156698	2811808	3171078	4860953	10140904	27286109	4609564	0	0	0	1.1210
33	19497877	18993528	18716541	20959710	147215	147215	0	0	0	230932	518284	532587	483056	491535	446989	495228	547991	458184	581733	626225	547664	776408	569357	820865	794252	777629	959743	825174	1130679	1034223	1070914	1269460	1244813	1297773	1625374	1687885	1931961	2170568	2819264	3192800	4885906	10073786	26705894	4542520	0	0	0	1.3734
34	19524715	18934050	18773619	20745661	336826	336826	0	0	0	223874	527636	546851	495942	502296	454789	506000	558946	459920	590478	635063	547975	779342	569723	825337	799395	775239	962551	820932	1129792	1038391	1065362	1269071	1250423	1289547	1624839	1684200	1929761	2167163	2812038	3196975	4875189	9997699	26540579	4524727	0	0	0	1.6308
35	19438982	18849934	18694457	20841339	490159	490159	0	0	0	238813	540734	553720	500181	504422	456690	508292	559670	462021	589075	630697	548850	778262	569673	822227	794023	771763	956142	818871	1123745	1034482	1062428	1265795	1243845	1288667	1619913	1678995	1925680	2161873	2801966	3179396	4854623	9988808	26464224	4526146	0	0	0	1.8433
36	19483448	19062564	18820790	20934034	14035	14035	0	0	0	237949	552632	566845	513500	517494	468841	517079	572746	474147	600788	645113	559548	786971	581602	833277	805946	781150	966980	834097	1133958	1047963	1074591	1275182	1256198	1304317	1630859	1690202	1937717	2181820	2815092	3198650	4878054	10015550	26457452	4586526	0	0	0	1.2589
37	19497075	19024504	18873605	20756780	162907	162907	0	0	0	236882	561455	578546	521241	525613	475137	525310	577687	480964	606286	649037	565479	791166	587249	835599	809181	784039	968506	836554	1134807	1050432	1078659	1276243	1258579	1307461	1633439	1690314	1942708	2187007	2815704	3203324	4874520	9956011	26264911	4561914	0	0	0	1.4638
38	19470876	18944105	18838555	20875300	186035	186035	0	0	0	252461	589052	600628	540935	540673	489313	537315	590160	493136	616043	659687	579001	801907	602224	847856	820323	797503	981942	851863	1145735	1063850	1092617	1290785	1272645	1328525	1648851	1706997	1961357	2208340	2830022	3221992	4888066	9900519	25842520	4533993	0	0	0	1.5372
39	19383122	19077580	18867506	20887222	99441	99441	0	0	0	265035	609039	616936	551221	550619	496725	545396	597256	496361	624147	666477	582503	805997	605422	854974	827159	798152	986508	852932	1147491	1071474	1092092	1295882	1281249	1329246	1652048	1715235	1965136	2216087	2834981	3236362	4905166	9891647	25725967	4522508	0	0	0	1.4557
40	19450898	19053419	18953405	20765038	92111	92111	0	0	0	261240	613624	624066	559874	559922	505041	553325	605038	504647	630190	672809	589937	814684	612710	857086	828721	804392	987887	857407	1150666	1073722	1097102	1294032	1279127	1332907	1654088	1715575	1965249	2216260	2833236	3232205	4890682	9860568	25647801	4536940	0	0	0	1.4582
41	19477773	18989288	18933558	20898394	15858	15858	0	0	0	256920	620408	633189	566868	566662	510628	560924	609205	509003	634403	676248	593600	813598	615905	860711	834294	806062	990954	863968	1153183	1078006	1100452	1297605	1284679	1334463	1658523	1719977	1971219	2221832	2834616	3235685	4893335	9852079	25589733	4550076	0	0	0	1.3711
42	19509425	19050783	18864011	20795063	95589	95589	0	0	0	264098	658054	678466	604636	601563	538347	584962	637468	531850	655431	699098	615268	836309	633047	878047	849738	819810	1006713	878081	1163201	1095526	1109556	1309824	1298444	1347493	1665485	1724157	1976172	2231930	2833057	3235956	4872884	9751862	25164176	4468573	0	0	0	1.5409
43	19342486	19016819	18944173	20700872	310521	310521	0	0	0	275463	657045	669908	594904	591292	528109	578529	627415	523575	648931	691315	605553	826953	626418	872701	845094	811071	1001669	870904	1158490	1087206	1103663	1303955	1292437	1339330	1661608	1723948	1976609	2232466	2831536	3240959	4880614	9738899	25076243	4509538	0	0	0	1.8070
44	19381630	19005015	18974930	20863289	90007	90007	0	0	0	279494	676267	686847	610238	605826	542155	589540	640409	532840	657932	700952	615800	836496	636278	877938	856214	821488	1008246	878911	1164259	1098358	1110911	1312574	1302890	1349964	1668794	1731970	1986248	2239778	2836681	3248081	4883516	9732119	24980312	4524538	0	0	0	1.5561
45	19239519	19129966	18943107	20823934	178345	178345	0	0	0	289678	693796	703184	622498	614540	549301	597481	645803	536832	664308	705031	621870	837875	640300	882231	855038	823429	1010469	883161	1162216	1102480	1116038	1311431	1300384	1355072	1671482	1731035	1986699	2242837	2833326	3247344	4878167	9700763	24793569	4526858	0	0	0	1.6954
46	19430380	19118444	18994794	20721682	49571	49571	0	0	0	283705	706117	720491	640424	629850	565970	610044	657875	552313	673665	715579	637183	848893	654146	891096	863230	837541	1017865	896229	1170469	1113525	1126287	1318372	1311495	1367628	1680299	1738912	1993157	2252497	2835846	3246882	4867109	9662482	24655666	4522458	0	0	0	1.5562
47	19324577	18948649	18908902	20687274	445469	445469	0	0	0	301569	742631	755847	665420	653605	581210	628409	676211	564700	690970	730837	645292	861279	661583	902836	873558	838463	1024978	899963	1174070	1117759	1123949	1322475	1315170	1364333	1676306	1733730	1985609	2245977	2819922	3232452	4830987	9556784	24235244	4435274	0	0	0	2.1189
48	19292934	19198093	19063713	20736765	23366	23366	0	0	0	306669	767602	782271	691730	676616	601708	650151	699459	580904	711867	753793	662241	884885	678947	925437	897178	859910	1050349	920491	1201983	1143779	1142935	1350022	1342226	1390470	1708795	1765438	2019369	2277643	2857337	3280942	4875213	9520140	23974440	4338565	0	0	0	1.6288
49	19379191	19134475	19107600	20645684	47921	47921	0	0	0	311853	779651	792663	697200	681820	607336	654410	703081	584358	713029	754270	666830	884170	682219	923542	894486	861544	1047161	921841	1196234	1141270	1144765	1345108	1336898	1389962	1701666	1763272	2019198	2277370	2848700	3268224	4861710	9511255	23917183	4382671	0	0	0	1.6757
50	19242906	19131029	19240051	20671073	29812	29812	0	0	0	339292	876051	905872	795834	773666	680810	733753	785618	646234	790306	832607	722237	963205	734305	1004958	960457	911302	1117287	977257	1266104	1218702	1194524	1415826	1413719	1450906	1776612	1839713	2090888	2362582	2914095	3344346	4881359	9186800	22169926	4207906	0	0	0	1.8417
