#Name	E:\SaveData\2016-10-13_11_11_05_1001160120_R0057_A_CL100007973_BGI12297_WESPE_result\\CL100007973\L02\CL100007973_L02_22_2.fq
#PhredQual	33
#ReadNum	66276376
#row_readLen	50
#col	48
#BaseNum	3313818800
#N_Count	4826946	0.145661
#GC%	47.76
#Q10%	96.77
#Q20%	88.33
#Q30%	72.92
#EstErr%	1.261093
#Pos	A	C	G	T	N	0	1	2	3	4	5	6	7	8	9	10	11	12	13	14	15	16	17	18	19	20	21	22	23	24	25	26	27	28	29	30	31	32	33	34	35	36	37	38	39	40	41	Err%
1	20316508	16977668	15841178	12921202	219820	219820	0	0	0	6907	33191	47719	52612	67796	77236	168946	216353	178155	300681	337288	289738	548193	296358	602840	553184	632449	747280	623199	1025929	781720	905563	1088921	1050342	1027450	1439358	1478205	1628180	1736343	2592663	2602954	4167524	8972701	27459161	2319417	0	0	0	0.6735
2	17305872	13742710	16850975	18376063	756	756	0	0	0	40245	96503	120787	129757	157380	159481	267010	335396	266360	400751	449391	360436	651924	368209	693742	611837	688494	810616	670520	1064779	804671	957864	1119985	1044723	1100195	1448251	1495379	1656749	1788899	2567147	2671125	4215441	8871205	25438052	2752316	0	0	0	0.5484
3	16543028	16593273	14229908	18871840	38327	38327	0	0	0	48150	105573	127874	131528	156542	155127	269774	336951	263843	406061	453336	362467	659833	367523	705738	628128	688852	827442	668827	1081507	821748	953967	1136620	1062472	1091795	1456238	1499817	1653129	1781630	2563988	2650046	4171095	8826568	25483303	2640557	0	0	0	0.6187
4	17215698	16096512	14527394	18362037	74735	74735	0	0	0	47378	106359	128576	132034	157218	154506	275172	342980	270011	412519	461007	372377	663008	380384	711484	640438	686185	834799	675382	1078334	840945	949488	1138174	1072313	1095706	1457446	1499320	1662375	1798992	2554282	2677079	4196355	8789976	24986127	2952912	0	0	0	0.6787
5	17049220	15639282	15216607	18283468	87799	87799	0	0	0	67011	135420	157092	156603	181849	177563	301345	371182	293125	435452	485846	389662	687690	397976	733281	656689	701394	850992	687482	1090680	848910	959270	1147120	1074800	1099320	1460204	1501851	1662534	1797757	2548956	2671777	4173364	8749170	24697476	2837734	0	0	0	0.7690
6	16687349	15969827	14982710	18585779	50711	50711	0	0	0	54284	118752	142168	145865	172399	167149	295029	365710	280896	435799	484477	384523	688328	386574	737014	662133	692857	852623	678833	1094343	857192	944231	1150526	1085794	1081688	1460911	1501469	1657374	1785432	2551838	2674115	4174559	8811673	24840918	2808189	0	0	0	0.6810
7	17024519	15513235	15514630	17975918	248074	248074	0	0	0	72785	147431	170183	169364	195309	189318	309860	378709	301550	439406	490762	390486	685791	400007	725487	654310	692605	845783	679060	1076244	842808	949280	1137370	1063726	1093448	1445566	1489806	1647211	1786083	2522261	2657445	4158771	8718329	24623682	2878066	0	0	0	1.0370
8	16432499	16179607	14579969	19042327	41974	41974	0	0	0	75348	149635	168342	166495	190830	185817	308738	374114	301693	437529	489592	394864	682511	406391	729501	661476	692641	852317	683987	1077706	851426	951660	1144601	1070890	1100398	1453826	1493597	1660563	1800158	2526194	2682035	4182674	8740461	24567487	2978905	0	0	0	0.7253
9	16400522	15926319	14880372	19066599	2564	2564	0	0	0	55877	129159	149225	151250	174835	174097	297604	359893	294953	424792	476774	389335	670725	404300	718467	654436	689119	844878	680656	1071707	849746	950420	1140011	1070023	1099047	1451676	1490832	1658377	1799769	2530560	2676731	4180459	8768415	24817805	2977859	0	0	0	0.6193
10	16667883	15861528	15227946	18436121	82898	82898	0	0	0	74156	155020	175501	176607	199080	196023	323335	386436	319859	445240	499707	410972	681884	428930	726470	670122	691162	854219	692820	1060620	862116	952167	1142910	1073754	1113924	1447337	1493340	1668579	1823388	2508950	2705127	4192362	8697313	24171696	3172352	0	0	0	0.8066
11	16770064	15772408	15206040	18526218	1646	1646	0	0	0	73921	154960	175766	176630	201470	195572	326905	392475	314932	453622	505354	409765	694051	421290	737916	674811	694755	859077	691858	1077525	868698	952503	1148822	1082290	1104664	1452374	1496920	1664994	1811987	2517735	2688978	4177684	8706243	24308078	3060105	0	0	0	0.6871
12	16678857	15950421	15221931	18383696	41471	41471	0	0	0	77887	166210	188412	186611	212302	205075	338312	404196	325234	465511	515848	419394	702641	430707	749543	684992	701332	868218	697188	1083363	875592	956213	1150880	1087243	1107759	1456881	1499959	1669724	1813597	2512731	2692570	4175066	8669053	24091940	3052721	0	0	0	0.7746
13	16703606	15821337	15250829	18182713	317891	317891	0	0	0	89888	189168	210178	206850	231090	219308	353572	418935	333705	477434	526991	422677	713954	430291	755197	689704	699389	869725	696867	1081248	876877	945424	1149374	1083934	1097578	1448408	1491030	1659843	1806025	2505854	2690684	4163099	8617982	23747434	3058768	0	0	0	1.2383
14	16757031	15832320	15263151	18376508	47366	47366	0	0	0	88496	188153	208509	203671	226908	220881	353672	417132	339666	475050	527180	431818	710305	446662	754296	691382	707078	875255	706396	1080766	883674	961949	1155368	1091397	1119409	1457793	1499157	1674486	1828111	2513911	2710633	4195352	8628987	23726163	3129344	0	0	0	0.8281
15	16625374	15984183	15347307	18316545	2967	2967	0	0	0	99981	198222	216484	209838	233906	224414	357636	422836	339139	480456	530875	431245	713391	443737	757628	697011	701345	877101	703590	1080317	889454	953404	1156656	1093657	1113008	1459666	1498062	1677489	1830921	2507805	2716762	4192380	8631354	23652512	3181127	0	0	0	0.7820
16	16689489	15948193	15399769	18233702	5223	5223	0	0	0	143418	281074	301908	290864	316811	300506	351316	413657	336110	468695	520295	427931	695829	443628	742410	688059	694732	865882	699964	1066321	883855	950789	1147014	1087240	1112870	1451664	1495546	1671406	1829367	2504232	2723652	4191310	8594461	23386363	3191974	0	0	0	0.9363
17	16645857	15901025	15415351	18228340	85803	85803	0	0	0	139475	287922	312896	299890	327713	306055	360010	422727	339719	477207	525182	428315	699899	444316	745465	692207	691820	866423	696914	1066172	886334	946030	1147619	1088267	1104583	1447545	1491875	1665414	1822290	2490870	2709488	4180125	8564105	23333879	3181822	0	0	0	1.0732
18	16485315	16049644	15341364	18156991	243062	243062	0	0	0	119565	267505	292269	281759	309326	292708	345560	406118	332625	463551	514008	427248	689275	442435	736360	686031	687663	860476	696395	1056811	884043	941981	1141825	1084385	1103829	1442689	1486768	1665620	1825819	2488262	2704727	4168443	8563746	23402190	3221299	0	0	0	1.2609
19	16533051	15992500	15492603	18081667	176555	176555	0	0	0	136316	289847	312741	299002	325931	305926	358801	421190	341168	477222	523783	432293	697952	448063	744513	693976	689995	865931	697649	1062386	889544	942705	1146253	1089091	1102521	1442298	1487896	1667631	1824584	2485248	2705730	4161685	8544813	23232984	3252153	0	0	0	1.2082
20	16646874	15950981	15469277	18204020	5224	5224	0	0	0	132183	300568	324338	311252	337575	317503	369451	430983	353442	484085	531567	444570	702405	460985	748774	702734	697074	872124	710606	1062771	899878	953688	1151883	1098880	1116688	1454288	1496082	1677457	1840068	2489039	2722453	4175977	8526976	23109707	3263098	0	0	0	0.9722
21	16502073	16076250	15497063	18107773	93217	93217	0	0	0	160467	326761	345777	325293	349018	324628	377514	438489	356159	487930	535554	444603	703425	461263	749064	701992	694734	872459	709386	1060071	898549	950764	1151032	1098486	1120683	1452690	1497302	1682785	1849914	2489306	2737837	4192986	8494902	22840004	3301332	0	0	0	1.1537
22	16576809	16061963	15613125	18018449	6030	6030	0	0	0	164250	336959	353562	333040	356134	334065	385722	445958	365149	493390	542150	453815	709872	471785	756814	710024	703799	880555	716676	1069343	904334	958275	1155345	1103523	1128109	1457681	1501588	1687000	1852992	2491849	2740377	4190733	8487900	22729351	3298227	0	0	0	1.0437
23	16561019	15939495	15551636	18064179	160047	160047	0	0	0	165638	342149	359284	338544	361939	336091	388203	448171	367580	497303	544896	453762	710306	470169	757042	707114	701461	877906	713686	1062397	903557	952753	1149988	1097469	1122364	1448957	1493574	1680530	1845687	2481100	2729365	4182774	8468494	22625702	3330374	0	0	0	1.2860
24	16498279	16111123	15567264	18024275	75435	75435	0	0	0	168601	357254	374891	350267	371114	344657	397639	456593	373641	504376	550704	462962	711382	481536	759463	718122	705119	880256	722098	1064205	912777	957539	1155047	1105351	1127893	1456250	1498314	1685998	1854733	2478072	2732297	4172207	8442782	22544876	3321925	0	0	0	1.1858
25	16547801	16087536	15686848	17935302	18889	18889	0	0	0	178354	364270	380463	356148	378329	349854	400986	463556	376213	510082	556838	464705	722338	479834	766334	719371	704619	885919	720998	1065833	914448	956715	1156267	1109208	1125393	1455004	1498414	1685055	1852860	2482144	2739988	4184520	8443967	22460962	3347498	0	0	0	1.1194
26	16551653	15984567	15646651	17992715	100790	100790	0	0	0	170901	368669	383950	360289	380817	353139	405655	464504	381046	511981	558614	468531	718071	486185	765965	722503	704637	886938	725556	1063976	920667	959176	1157306	1111715	1133354	1455535	1499929	1692920	1867058	2481662	2743960	4181146	8406556	22307994	3374681	0	0	0	1.2463
27	16487276	16141774	15627429	17978059	41838	41838	0	0	0	181527	393828	411054	381655	400144	370955	422940	481338	396066	524156	570952	483358	732238	499830	775569	732334	717922	897156	737182	1069766	928681	969848	1164915	1119348	1144316	1466007	1508365	1702210	1875132	2480321	2750716	4182765	8371808	22027541	3362595	0	0	0	1.2108
28	16481474	16115119	15690758	17854062	134963	134963	0	0	0	173651	381037	399495	372562	393785	362966	414991	474521	388770	519592	566465	475925	723650	492097	770648	725889	707091	887648	726831	1064363	920182	959369	1156684	1109999	1130659	1453134	1497063	1684968	1859193	2469559	2735585	4165310	8378335	22221590	3377806	0	0	0	1.3252
29	16534262	16039256	15673322	17966375	63161	63161	0	0	0	177796	389997	403954	377103	398256	370063	420565	479265	395499	521776	567921	482784	726713	499574	772625	730636	713376	892078	736040	1067674	926980	967390	1161677	1114595	1142933	1464852	1507173	1700262	1877758	2482503	2759209	4192685	8372717	22027931	3390855	0	0	0	1.2327
30	16444093	16184645	15699418	17940094	8126	8126	0	0	0	195960	416240	428809	398055	414718	381878	433372	491607	403098	533350	579189	490619	734645	507659	779049	739714	718220	895592	740349	1068361	935569	969399	1164820	1122769	1148491	1466851	1509461	1706188	1884702	2479314	2761133	4186214	8335990	21838697	3408168	0	0	0	1.2021
31	16520502	16163486	15782988	17798101	11299	11299	0	0	0	199135	430688	441821	408393	426400	391760	442226	500977	411848	542603	587527	496501	745063	514572	787163	744660	722056	904458	746641	1075691	940627	975727	1172799	1128235	1155909	1473390	1516572	1709340	1891026	2482361	2768833	4190183	8307630	21630902	3401360	0	0	0	1.2345
32	16556660	16083443	15737258	17888836	10179	10179	0	0	0	198577	448772	463339	426290	440553	402211	455520	513913	418130	552052	597373	504425	748010	519051	791416	751289	720074	907345	746836	1075770	948807	971971	1170643	1133526	1149891	1469212	1509865	1706256	1888021	2473651	2759316	4162726	8271054	21574631	3395681	0	0	0	1.2662
33	16379344	16201273	15772412	17815932	107415	107415	0	0	0	236350	489285	496852	452052	465354	421555	475961	533280	433772	568745	612177	515808	763915	528691	805511	762576	730821	918356	757002	1082532	954470	981931	1179455	1138793	1158975	1477340	1518134	1714742	1898396	2475765	2769442	4176458	8212852	21114140	3347473	0	0	0	1.4966
34	16402802	16141421	15808634	17649525	273994	273994	0	0	0	228545	495531	508527	462167	476244	426710	483660	541206	435167	575718	619091	515010	766904	527916	808045	765573	727764	918865	753192	1080470	959247	973425	1177289	1138482	1154121	1472993	1513453	1710756	1893958	2468456	2768283	4165620	8159416	20992964	3337614	0	0	0	1.7604
35	16332632	16072145	15747957	17726295	397347	397347	0	0	0	243205	509431	517703	467897	480183	430843	485956	543674	436267	572779	616182	516467	764033	530068	803380	761962	725491	914041	753108	1074079	955164	969750	1172029	1134450	1151363	1467295	1505963	1705773	1884216	2459416	2757130	4148781	8143924	20933663	3343363	0	0	0	1.9688
36	16372130	16256123	15843603	17790146	14374	14374	0	0	0	244663	522110	530774	479617	491749	440158	496881	552830	445022	584843	626067	527159	773137	538239	814447	770525	733305	920110	761954	1080926	963383	979670	1180067	1143226	1159949	1475104	1515546	1716305	1898997	2467016	2767700	4162717	8169950	20948072	3379784	0	0	0	1.4181
37	16399849	16211592	15894923	17641758	128254	128254	0	0	0	242735	529116	535992	486182	497167	446279	500287	558797	448698	589338	629140	528955	773705	542586	816083	772554	734403	925010	765059	1082431	966215	980074	1180031	1144542	1163274	1477072	1516061	1716861	1904007	2465318	2772579	4159970	8125245	20802779	3369577	0	0	0	1.6010
38	16358973	16156181	15848532	17758160	154530	154530	0	0	0	259926	554123	557515	501857	509751	456522	510898	567005	460554	595055	637017	540067	778769	555049	822546	782010	743655	931562	776353	1086613	975677	992756	1186371	1152704	1178962	1486297	1526317	1730841	1918858	2472857	2782690	4168657	8081139	20481290	3359583	0	0	0	1.6873
39	16282747	16267298	15896053	17746276	84002	84002	0	0	0	272592	572936	576224	513824	521095	464698	521000	573215	464566	601253	643445	545554	783754	557866	826747	786658	746456	935450	777675	1089223	983150	991699	1192795	1160326	1178185	1488264	1529576	1735004	1926247	2478299	2790182	4166586	8067096	20378372	3352362	0	0	0	1.6169
40	16359389	16238042	15946852	17656677	75416	75416	0	0	0	266352	576173	581617	522113	526989	471743	525533	580723	470622	608322	647950	547606	789305	562438	829096	791287	748793	936012	779927	1088857	983039	995491	1193648	1157725	1182620	1488745	1529626	1733328	1923357	2467785	2785155	4160160	8047495	20344658	3356670	0	0	0	1.6126
41	16383260	16206225	15920368	17750905	15618	15618	0	0	0	263925	582137	587578	527171	532401	476863	529707	586094	474369	609869	651327	555023	789841	565973	830560	793585	750651	938685	786280	1088835	985413	997262	1194365	1161738	1185751	1492083	1530039	1734904	1928522	2472904	2787900	4162998	8040631	20293116	3372258	0	0	0	1.5325
42	16399339	16252272	15871282	17667586	85897	85897	0	0	0	270614	615869	626946	558537	560644	500239	553016	606313	493039	629330	668908	570057	806081	579477	844231	803492	760710	948608	793808	1097651	1002545	1000944	1200454	1167595	1188102	1495025	1532848	1738337	1929698	2468871	2785298	4141047	7962333	19972804	3317008	0	0	0	1.7071
43	16271070	16221572	15929164	17599118	255452	255452	0	0	0	281175	617528	621124	551948	554253	491500	546462	598443	486242	621611	661879	564332	797600	575718	837476	799995	752936	942793	788504	1094114	994515	996871	1195530	1165708	1185470	1494495	1530614	1737097	1931306	2465410	2789762	4145840	7951935	19900137	3350601	0	0	0	1.9578
44	16292785	16220948	15963421	17722170	77052	77052	0	0	0	286919	633507	636158	564962	565291	502140	556732	610655	494323	630111	671213	572014	805494	580370	843209	807049	759152	949631	795567	1094458	1001163	1002645	1200365	1171946	1193404	1498602	1536256	1744993	1940035	2467795	2797138	4149790	7942703	19833296	3360238	0	0	0	1.7205
45	16191726	16331795	15933068	17669436	150351	150351	0	0	0	297557	652082	651667	575700	574484	508570	563063	613866	497302	634503	673491	574011	805311	586876	845875	807116	761011	949276	798939	1093846	1004318	1004043	1199453	1174619	1195162	1496911	1535494	1742621	1938301	2465567	2791085	4137530	7913073	19698844	3364458	0	0	0	1.8613
46	16337634	16304949	15986181	17604037	43575	43575	0	0	0	291111	664015	666808	590604	587507	522963	573365	624235	510432	642235	680873	587323	812250	597606	850464	814112	770137	954560	808411	1097217	1010993	1012987	1205029	1176766	1204728	1502105	1537912	1745839	1945605	2463329	2789340	4133642	7884980	19602914	3370404	0	0	0	1.7251
47	16248475	16169841	15914555	17576799	366706	366706	0	0	0	308525	695723	697219	615226	607084	536553	589581	640220	519819	653771	693114	593380	824375	603381	858864	819694	769871	959082	808206	1099523	1013481	1008428	1203592	1177665	1198922	1497029	1533961	1739387	1936969	2448920	2772620	4094594	7793288	19297561	3300042	0	0	0	2.2723
48	16217896	16375380	16025547	17634073	23480	23480	0	0	0	313427	719480	720570	634571	628590	554177	609247	660514	534910	674407	712181	608021	841960	615843	879738	839691	785861	978281	826152	1120207	1035871	1026637	1228332	1201069	1215309	1520598	1560028	1762655	1960474	2474583	2807923	4126088	7771636	19067783	3236082	0	0	0	1.8054
49	16302487	16337430	16058633	17533822	44004	44004	0	0	0	319709	730266	731831	641423	634393	557050	610786	662402	536562	674099	712345	610002	839703	619113	876921	838711	785429	974585	827356	1113411	1031650	1025214	1220363	1196930	1214895	1516239	1555051	1759862	1959476	2467486	2796228	4115966	7764891	19040880	3271144	0	0	0	1.8539
50	16183950	16329646	16135221	17596920	30639	30639	0	0	0	352424	818602	829805	725369	714068	616630	681277	734985	582078	740580	781351	652486	911007	652702	940946	893289	821537	1030977	862611	1170809	1093772	1052461	1272222	1251976	1253417	1568040	1609666	1809669	2015859	2512761	2846280	4114618	7504624	17681863	3144976	0	0	0	2.0323
